B1 4 7208 1
B2 5 2246 1
B3 1 3120 1
B4 2 1867 1
B5 6 2079 1
B6 3 2460 1
B7 6 3886 1
B8 2 2312 1
B9 1 2409 1
B10 3 3654 1
B11 4 6921 1
B12 5 12711 1
B13 2 6238 1
B14 6 4844 1
B15 1 2010 1
B16 2 2085 1
B17 1 2449 1
B18 3 2437 1
B19 5 3152 1
B20 6 21359 1
B21 4 4972 1
B22 3 5530 1
B23 4 7568 1
B24 5 13532 1
B25 8 10054 1
B26 2 3323 1
B27 1 16729 2
B28 8 25375 1
B29 7 7238 1
B30 4 6516 1
B31 5 5865 1
B32 1 51858 1
B33 1 7940 2
B34 8 31460 2
B35 1 26917 1
B36 3 30679 2
B37 3 6077 1
B38 4 6484 1
B39 3 7490 1
B40 7 9859 1
B41 8 12155 1
B42 6 14484 1
B43 5 19712 1
B44 4 13797 1
B45 1 17992 1
B46 2 24048 1
B47 6 80336 2
B48 6 41954 1
B49 7 9589 1
B50 6 12112 1
B51 8 8796 1
B52 2 11325 1
B53 1 9467 1
B54 5 12198 1
B55 1 37857 1
B56 6 12812 1
B57 3 11391 1
B58 2 37699 1
B59 7 42835 2
B60 1 36825 2
