B1 4 4260 1
B2 5 1633 1
B3 1 2126 1
B4 2 2889 1
B5 6 3096 1
B6 3 3337 1
B7 6 2348 1
B8 2 1997 1
B9 1 1977 1
B10 3 2276 1
B11 4 3820 1
B12 1 3169 2
B13 2 1556 1
B14 6 3160 1
B15 1 1543 1
B16 2 1613 1
B17 1 2375 1
B18 3 3169 1
B19 5 2252 1
B20 6 7066 1
B21 4 2966 1
B22 3 2910 1
B23 4 3534 1
B24 1 10571 2
B25 8 3297 1
B26 2 2633 1
B27 3 3665 1
B28 8 3247 1
B29 7 3435 1
B30 4 5495 1
B31 5 4225 1
B32 7 5430 2
B33 6 2744 2
B34 8 7126 2
B35 5 2103 2
B36 4 1960 2
B37 3 1785 1
B38 4 4477 1
B39 3 4688 1
B40 4 2403 2
B41 8 6228 1
B42 6 9890 1
B43 8 4769 2
B44 7 4708 2
B45 1 16530 1
B46 7 10754 2
B47 2 10584 2
B48 1 5011 2
B49 1 5181 2
B50 3 10973 2
B51 2 7376 2
B52 2 9770 1
B53 1 8326 1
B54 5 8520 1
B55 3 8985 2
B56 3 11745 2
B57 3 1763 1
B58 5 1017 2
B59 2 594 2
B60 5 780 1
