B1 4 1290 1
B2 5 3321 1
B3 1 2437 1
B4 2 1805 1
B5 4 2888 2
B6 3 2632 1
B7 6 3662 1
B8 2 4570 1
B9 1 4888 1
B10 3 3445 1
B11 4 7793 1
B12 6 7953 2
B13 2 9461 1
B14 6 24082 1
B15 1 2654 1
B16 2 4621 1
B17 5 2698 2
B18 3 17337 1
B19 5 10209 1
B20 6 5711 1
B21 4 4679 1
B22 3 4390 1
B23 4 4968 1
B24 5 13233 1
B25 8 12092 1
B26 2 7239 1
B27 3 9126 1
B28 8 11893 1
B29 7 19662 1
B30 4 22571 1
B31 5 9444 1
B32 4 27499 2
B33 7 11733 1
B34 8 43292 2
B35 5 38997 2
B36 3 18960 2
B37 3 6563 1
B38 4 6876 1
B39 3 7233 1
B40 7 7013 1
B41 8 12967 1
B42 6 12574 1
B43 8 8975 2
B44 4 11338 1
B45 1 13544 1
B46 2 14190 1
B47 5 46453 1
B48 4 30319 2
B49 7 10437 1
B50 6 14056 1
B51 8 19445 1
B52 2 17860 1
B53 1 12178 1
B54 5 18943 1
B55 3 35437 2
B56 6 39442 1
B57 3 14699 1
B58 4 33206 2
B59 7 13569 2
B60 1 22675 2
