B1 4 3879 1
B2 5 1940 1
B3 1 2817 1
B4 2 1368 1
B5 6 2724 1
B6 3 3040 1
B7 1 4279 2
B8 2 2744 1
B9 1 5197 1
B10 3 5919 1
B11 1 8809 2
B12 1 8513 2
B13 2 2701 1
B14 6 6783 1
B15 1 4195 1
B16 2 4006 1
B17 1 4395 1
B18 5 17987 2
B19 5 12009 1
B20 1 16622 2
B21 4 5611 1
B22 3 3753 1
B23 6 10397 2
B24 5 5379 1
B25 8 12217 1
B26 2 3624 1
B27 3 8185 1
B28 8 19305 1
B29 7 6458 1
B30 4 7050 1
B31 5 11963 1
B32 1 22977 1
B33 7 13647 1
B34 1 13791 2
B35 2 21492 2
B36 3 13945 2
B37 3 3493 1
B38 4 5867 1
B39 3 6544 1
B40 7 17312 1
B41 8 7081 1
B42 6 8005 1
B43 2 10279 2
B44 1 8348 2
B45 1 12355 1
B46 2 12847 1
B47 6 17184 2
B48 2 15978 2
B49 7 13891 1
B50 3 10070 2
B51 2 15714 2
B52 2 11938 1
B53 1 12357 1
B54 4 24042 2
B55 3 26613 2
B56 1 21002 2
B57 4 28867 2
B58 6 39325 2
B59 1 30920 2
B60 2 37656 2
