B1 4 4224 1
B2 5 2560 1
B3 1 2540 1
B4 2 2444 1
B5 6 3831 1
B6 3 3305 1
B7 6 7011 1
B8 2 7134 1
B9 1 2990 1
B10 3 6148 1
B11 4 4374 1
B12 5 6668 1
B13 2 2081 1
B14 3 5452 2
B15 1 2693 1
B16 2 3609 1
B17 1 3150 1
B18 3 3769 1
B19 5 4260 1
B20 6 5923 1
B21 4 5131 1
B22 3 4781 1
B23 4 7055 1
B24 5 27218 1
B25 8 6645 1
B26 2 12306 1
B27 3 22180 1
B28 4 16496 2
B29 7 9970 1
B30 4 7467 1
B31 5 5903 1
B32 4 7637 2
B33 7 17737 1
B34 6 19325 1
B35 1 47453 1
B36 2 43710 1
B37 3 3311 1
B38 6 22801 2
B39 3 7448 1
B40 7 55473 1
B41 8 7437 1
B42 6 12163 1
B43 5 11651 1
B44 4 9712 1
B45 1 11107 1
B46 2 46643 1
B47 6 37521 2
B48 6 50393 1
B49 7 13866 1
B50 6 11826 1
B51 8 7999 1
B52 2 39272 1
B53 1 14215 1
B54 5 54513 1
B55 7 13311 2
B56 6 34392 1
B57 1 45261 2
B58 6 30386 2
B59 7 37560 2
B60 2 26067 2
