B1 4 5039 1
B2 5 2312 1
B3 1 3647 1
B4 2 2159 1
B5 6 4544 1
B6 3 5391 1
B7 6 4279 1
B8 2 2887 1
B9 1 3279 1
B10 3 4552 1
B11 5 3543 2
B12 5 5255 1
B13 2 3031 1
B14 6 4094 1
B15 1 2136 1
B16 2 2607 1
B17 1 4407 1
B18 3 3686 1
B19 5 4136 1
B20 4 4407 2
B21 1 3231 2
B22 3 4439 1
B23 6 4639 2
B24 6 10471 2
B25 8 2951 1
B26 2 1895 1
B27 7 6679 2
B28 8 5607 1
B29 4 9064 2
B30 8 2590 2
B31 5 5214 1
B32 4 12887 2
B33 2 3062 2
B34 8 5552 2
B35 6 7695 2
B36 4 8519 2
B37 3 2871 1
B38 2 4255 2
B39 4 3255 2
B40 7 6618 1
B41 8 8028 1
B42 7 5607 2
B43 4 11049 2
B44 1 3654 2
B45 3 9543 2
B46 2 8591 1
B47 3 4262 2
B48 6 9888 1
B49 1 9238 2
B50 6 22496 1
B51 2 5270 2
B52 1 6135 2
B53 7 5847 2
B54 6 9224 2
B55 8 23031 2
B56 5 10799 2
B57 1 10950 2
B58 1 8575 2
B59 5 5462 2
B60 6 4191 2
