B1 4 4591 1
B2 5 1655 1
B3 1 1959 1
B4 2 2870 1
B5 6 2437 1
B6 3 2466 1
B7 6 4077 1
B8 2 2826 1
B9 5 6565 2
B10 5 2733 2
B11 4 5848 1
B12 5 7965 1
B13 2 1870 1
B14 6 8203 1
B15 1 3018 1
B16 2 4850 1
B17 1 4264 1
B18 3 4232 1
B19 5 4978 1
B20 4 6260 2
B21 5 2287 2
B22 3 7109 1
B23 4 4812 1
B24 6 16076 2
B25 8 7774 1
B26 2 6413 1
B27 3 11951 1
B28 8 25170 1
B29 7 13666 1
B30 4 14444 1
B31 5 13106 1
B32 1 27602 1
B33 7 17945 1
B34 8 19374 2
B35 5 17492 2
B36 3 11511 2
B37 3 2991 1
B38 4 5862 1
B39 3 4977 1
B40 8 9306 2
B41 8 8143 1
B42 6 8323 1
B43 5 13369 1
B44 4 13639 1
B45 1 18775 1
B46 2 54481 1
B47 5 34079 1
B48 6 62398 1
B49 1 21793 2
B50 6 20199 1
B51 8 10066 1
B52 2 21995 1
B53 1 31159 1
B54 5 63203 1
B55 7 16658 2
B56 6 20988 1
B57 5 5682 2
B58 8 9353 2
B59 1 13752 2
B60 8 7625 2
