B1 4 3172 1
B2 5 1760 1
B3 1 2824 1
B4 2 1507 1
B5 6 2004 1
B6 3 2803 1
B7 6 3126 1
B8 2 2053 1
B9 1 2388 1
B10 3 3588 1
B11 5 3027 2
B12 6 3236 2
B13 2 3133 1
B14 6 2053 1
B15 1 1668 1
B16 2 2508 1
B17 1 3127 1
B18 3 3354 1
B19 5 5835 1
B20 4 4893 2
B21 4 3802 1
B22 4 12013 2
B23 4 5926 1
B24 1 5192 2
B25 8 3384 1
B26 2 2783 1
B27 3 4802 1
B28 8 3240 1
B29 7 3675 1
B30 4 2922 1
B31 5 6508 1
B32 4 8753 2
B33 1 6900 2
B34 8 13324 2
B35 6 6960 2
B36 1 14472 2
B37 3 2064 1
B38 4 3913 1
B39 3 7551 1
B40 7 6363 1
B41 2 2972 2
B42 7 3809 2
B43 5 5279 1
B44 4 9032 1
B45 1 9404 1
B46 2 5529 1
B47 7 15700 2
B48 7 14236 2
B49 7 4430 1
B50 6 10195 1
B51 3 2507 2
B52 2 9951 1
B53 4 7402 2
B54 3 3677 2
B55 2 1760 2
B56 6 4469 1
B57 5 3778 2
B58 7 3564 2
B59 6 21333 2
B60 8 2459 2
