B1 4 5810 1
B2 5 2436 1
B3 1 4096 1
B4 2 2322 1
B5 6 3488 1
B6 3 2875 1
B7 6 3818 1
B8 2 3677 1
B9 1 4752 1
B10 3 3751 1
B11 4 7748 1
B12 1 5252 2
B13 2 4132 1
B14 6 5016 1
B15 1 3210 1
B16 2 2426 1
B17 1 2605 1
B18 3 3494 1
B19 5 3865 1
B20 3 4318 2
B21 4 4264 1
B22 3 3502 1
B23 4 6162 1
B24 6 24273 2
B25 8 6340 1
B26 2 9698 1
B27 3 8433 1
B28 8 8539 1
B29 7 9707 1
B30 4 14238 1
B31 5 7429 1
B32 1 15234 1
B33 7 10835 1
B34 6 26504 1
B35 1 38311 1
B36 6 109046 2
B37 3 2602 1
B38 4 7798 1
B39 3 7319 1
B40 7 6970 1
B41 8 8529 1
B42 6 10405 1
B43 5 8666 1
B44 4 10153 1
B45 1 10389 1
B46 2 23096 1
B47 5 54956 1
B48 8 31811 2
B49 7 8377 1
B50 6 33291 1
B51 8 11208 1
B52 2 10131 1
B53 1 7324 1
B54 5 8701 1
B55 1 23792 1
B56 6 39809 1
B57 3 12875 1
B58 8 51556 2
B59 4 43605 1
B60 1 78542 2
