B1 4 12153 1
B2 5 4997 1
B3 1 4883 1
B4 2 5217 1
B5 6 3506 1
B6 3 4428 1
B7 6 3283 1
B8 2 7593 1
B9 1 4622 1
B10 3 4088 1
B11 4 7884 1
B12 5 15213 1
B13 2 4119 1
B14 6 4573 1
B15 1 4440 1
B16 2 4785 1
B17 1 8009 1
B18 3 8619 1
B19 5 4944 1
B20 6 5120 1
B21 4 3607 1
B22 3 3215 1
B23 2 14304 2
B24 4 57176 2
B25 8 10472 1
B26 2 5530 1
B27 3 35037 1
B28 8 12327 1
B29 7 23067 1
B30 4 13155 1
B31 5 7626 1
B32 7 17764 2
B33 7 13646 1
B34 8 23319 2
B35 3 33907 2
B36 7 32971 2
B37 3 4750 1
B38 4 6300 1
B39 3 9925 1
B40 7 9225 1
B41 8 9528 1
B42 6 24102 1
B43 5 18470 1
B44 4 12697 1
B45 1 18808 1
B46 6 39679 2
B47 7 30392 2
B48 5 42339 2
B49 7 7505 1
B50 7 12084 2
B51 8 12957 1
B52 2 26228 1
B53 1 11595 1
B54 5 15762 1
B55 1 26420 1
B56 6 11378 1
B57 1 35414 2
B58 1 74895 2
B59 5 24955 2
B60 2 23638 2
