B1 4 6154 1
B2 5 2016 1
B3 1 4700 1
B4 2 1979 1
B5 6 2135 1
B6 3 2917 1
B7 6 2517 1
B8 2 3085 1
B9 1 4710 1
B10 3 4572 1
B11 1 7455 2
B12 3 2653 2
B13 2 1411 1
B14 3 3820 2
B15 6 8994 2
B16 2 1628 1
B17 1 2419 1
B18 3 2483 1
B19 1 2084 2
B20 4 3399 2
B21 1 1860 2
B22 3 5769 1
B23 3 2700 2
B24 4 7084 2
B25 8 6719 1
B26 2 3451 1
B27 3 10092 1
B28 8 4358 1
B29 7 4460 1
B30 1 5758 2
B31 5 8389 1
B32 6 10648 2
B33 6 9235 2
B34 4 9698 2
B35 3 10500 2
B36 4 12075 2
B37 3 4537 1
B38 4 8427 1
B39 3 4412 1
B40 5 7821 2
B41 4 7499 2
B42 3 9216 2
B43 5 7604 1
B44 3 4694 2
B45 1 11556 1
B46 6 4968 2
B47 5 8331 1
B48 7 10132 2
B49 7 8714 1
B50 3 11967 2
B51 1 7714 2
B52 3 7148 2
B53 5 13146 2
B54 8 8288 2
B55 4 14304 2
B56 8 11760 2
B57 7 13940 2
B58 7 14266 2
B59 6 9042 2
B60 3 11845 2
