B1 4 3887 1
B2 5 2290 1
B3 1 3347 1
B4 2 1937 1
B5 6 2248 1
B6 3 3920 1
B7 6 6576 1
B8 2 4394 1
B9 1 1851 1
B10 3 3012 1
B11 5 3117 2
B12 3 4017 2
B13 2 1793 1
B14 6 3136 1
B15 1 3050 1
B16 2 2482 1
B17 1 2999 1
B18 3 4526 1
B19 5 7147 1
B20 6 5124 1
B21 4 4688 1
B22 3 2803 1
B23 4 2800 1
B24 5 7999 1
B25 8 8081 1
B26 2 4667 1
B27 3 5890 1
B28 4 9012 2
B29 7 5762 1
B30 8 10703 2
B31 1 8913 2
B32 2 26328 2
B33 7 7731 1
B34 6 13054 1
B35 8 13073 2
B36 2 22173 1
B37 3 5949 1
B38 4 6365 1
B39 1 3297 2
B40 7 4756 1
B41 8 4762 1
B42 3 12998 2
B43 2 6683 2
B44 4 19014 1
B45 1 9647 1
B46 2 20461 1
B47 7 13150 2
B48 7 13181 2
B49 7 10086 1
B50 6 9035 1
B51 8 7985 1
B52 3 10877 2
B53 1 12488 1
B54 3 13947 2
B55 3 23816 2
B56 5 26559 2
B57 8 11972 2
B58 1 16411 2
B59 6 13311 2
B60 8 10372 2
