B1 4 22692 1
B2 5 7642 1
B3 1 4632 1
B4 2 4569 1
B5 6 4615 1
B6 3 11066 1
B7 6 8760 1
B8 2 12484 1
B9 1 11825 1
B10 3 10122 1
B11 4 10444 1
B12 5 65463 1
B13 2 6351 1
B14 6 7155 1
B15 1 5390 1
B16 2 6053 1
B17 1 4434 1
B18 3 13278 1
B19 5 8351 1
B20 5 8632 2
B21 1 5460 2
B22 3 5674 1
B23 4 6548 1
B24 6 55015 2
B25 8 12824 1
B26 2 14520 1
B27 3 19984 1
B28 8 34410 1
B29 7 9505 1
B30 4 18495 1
B31 5 13176 1
B32 1 9340 1
B33 6 37118 2
B34 8 23043 2
B35 4 68303 2
B36 3 119989 2
B37 3 6644 1
B38 4 41669 1
B39 3 12448 1
B40 7 22926 1
B41 8 8582 1
B42 2 14895 2
B43 5 70152 1
B44 4 40081 1
B45 1 28903 1
B46 2 81058 1
B47 5 28808 1
B48 8 237104 2
B49 7 61458 1
B50 3 20397 2
B51 8 15192 1
B52 3 32507 2
B53 7 43846 2
B54 5 29359 1
B55 6 31476 2
B56 1 8448 2
B57 2 11439 2
B58 7 18796 2
B59 1 12262 2
B60 2 84207 2
