B1 2 5302 2
B2 5 5241 1
B3 1 4478 1
B4 2 3422 1
B5 6 3380 1
B6 3 4994 1
B7 6 7213 1
B8 6 2745 2
B9 1 8626 1
B10 3 20646 1
B11 4 7606 1
B12 5 10355 1
B13 2 7389 1
B14 6 7399 1
B15 1 4811 1
B16 2 2806 1
B17 1 5730 1
B18 3 11528 1
B19 5 11451 1
B20 5 9319 2
B21 5 8326 2
B22 3 11953 1
B23 4 6306 1
B24 5 40714 1
B25 8 7302 1
B26 2 13275 1
B27 3 13844 1
B28 8 17532 1
B29 7 16354 1
B30 4 12274 1
B31 5 14691 1
B32 1 24752 1
B33 7 13492 1
B34 6 22065 1
B35 1 38524 1
B36 2 36285 1
B37 3 14619 1
B38 2 25285 2
B39 6 11352 2
B40 7 14786 1
B41 8 17530 1
B42 6 24575 1
B43 5 16219 1
B44 4 84820 1
B45 2 33022 2
B46 3 4402 2
B47 5 1108 1
B48 3 706 2
B49 4 610 2
B50 5 680 2
B51 6 694 2
B52 2 500 1
B53 8 598 2
B54 5 639 1
B55 4 422 2
B56 4 285 2
B57 4 261 2
B58 4 269 2
B59 5 703 2
B60 2 1751 2
