B1 4 5276 1
B2 5 2567 1
B3 1 3015 1
B4 2 1902 1
B5 6 2386 1
B6 3 3252 1
B7 6 3346 1
B8 2 2549 1
B9 1 2463 1
B10 3 2655 1
B11 4 6502 1
B12 5 8115 1
B13 2 2869 1
B14 6 3994 1
B15 1 2754 1
B16 2 2667 1
B17 1 2340 1
B18 3 3284 1
B19 6 4418 2
B20 3 3850 2
B21 4 2821 1
B22 3 2627 1
B23 4 4290 1
B24 6 7015 2
B25 8 4631 1
B26 2 4589 1
B27 3 3823 1
B28 8 4670 1
B29 7 2681 1
B30 4 3077 1
B31 5 4625 1
B32 7 8114 2
B33 1 10627 2
B34 8 6693 2
B35 1 37239 1
B36 2 37930 1
B37 3 2714 1
B38 4 5627 1
B39 3 8071 1
B40 7 7684 1
B41 8 8210 1
B42 6 19721 1
B43 5 13689 1
B44 4 6811 1
B45 1 18493 1
B46 2 40589 1
B47 4 18939 2
B48 7 35047 2
B49 7 11234 1
B50 6 10562 1
B51 8 13223 1
B52 2 15455 1
B53 1 20395 1
B54 5 9665 1
B55 1 17416 1
B56 6 10354 1
B57 3 17407 1
B58 2 19524 1
B59 1 5787 2
B60 5 24233 1
