B1 4 4282 1
B2 5 1685 1
B3 3 4930 2
B4 2 6426 1
B5 6 3092 1
B6 3 2914 1
B7 6 4759 1
B8 6 9234 2
B9 1 3699 1
B10 3 5187 1
B11 4 10517 1
B12 5 12805 1
B13 2 3014 1
B14 6 2883 1
B15 1 3362 1
B16 2 2358 1
B17 1 4194 1
B18 3 2279 1
B19 5 3221 1
B20 6 4175 1
B21 4 4861 1
B22 3 3524 1
B23 4 5119 1
B24 3 8473 2
B25 8 5570 1
B26 2 9071 1
B27 3 13323 1
B28 8 27774 1
B29 1 9576 2
B30 4 5230 1
B31 5 3684 1
B32 7 23677 2
B33 1 8874 2
B34 8 20136 2
B35 3 34571 2
B36 3 15651 2
B37 3 1652 1
B38 4 5751 1
B39 3 3998 1
B40 7 8841 1
B41 8 9857 1
B42 6 17504 1
B43 5 24915 1
B44 2 35070 2
B45 1 12470 1
B46 5 6717 2
B47 6 1044 2
B48 8 616 2
B49 3 435 2
B50 5 4 2
B51 4 383 2
B52 8 1877 2
B53 5 361 2
B54 3 206 2
B55 2 392 2
B56 7 64 2
B57 1 326 2
B58 6 402 2
B59 2 394 2
B60 5 176 1
