B1 4 2969 1
B2 5 1736 1
B3 1 2742 1
B4 2 2566 1
B5 6 3191 1
B6 3 3391 1
B7 6 4029 1
B8 2 3017 1
B9 1 4928 1
B10 3 3891 1
B11 4 3908 1
B12 5 8508 1
B13 2 3556 1
B14 6 4099 1
B15 1 2640 1
B16 2 2323 1
B17 1 3362 1
B18 3 6441 1
B19 5 6315 1
B20 3 4191 2
B21 3 2556 2
B22 3 5290 1
B23 4 4349 1
B24 5 11100 1
B25 8 9659 1
B26 2 11893 1
B27 3 11316 1
B28 3 8322 2
B29 3 99 2
B30 1 18203 2
B31 5 11950 1
B32 5 1143 2
B33 7 16534 1
B34 1 20387 2
B35 8 16992 2
B36 3 13992 2
B37 3 2645 1
B38 4 5165 1
B39 3 7907 1
B40 7 13623 1
B41 8 7507 1
B42 6 8646 1
B43 5 13576 1
B44 5 27186 2
B45 4 28888 2
B46 8 15070 2
B47 8 13769 2
B48 7 11605 2
B49 7 9507 1
B50 6 9220 1
B51 8 12242 1
B52 3 14630 2
B53 1 19590 1
B54 5 25724 1
B55 7 3051 2
B56 8 7031 2
B57 4 4500 2
B58 6 7269 2
B59 5 4480 2
B60 4 24047 2
