B1 4 4288 1
B2 5 1616 1
B3 1 2152 1
B4 2 1569 1
B5 6 2970 1
B6 3 2661 1
B7 6 3507 1
B8 2 3201 1
B9 1 2450 1
B10 3 4877 1
B11 4 5256 1
B12 5 5157 1
B13 2 3627 1
B14 6 3901 1
B15 1 1796 1
B16 2 3003 1
B17 1 3268 1
B18 4 3307 2
B19 5 2901 1
B20 6 6006 1
B21 4 3234 1
B22 3 5177 1
B23 4 3752 1
B24 5 14187 1
B25 8 4191 1
B26 2 3892 1
B27 3 5345 1
B28 8 15624 1
B29 7 7878 1
B30 2 3349 2
B31 5 4303 1
B32 6 32909 2
B33 7 14439 1
B34 4 24558 2
B35 1 17472 1
B36 6 2782 2
B37 3 4272 1
B38 4 6316 1
B39 4 5571 2
B40 6 989 2
B41 4 749 2
B42 3 7503 2
B43 5 7297 1
B44 2 6517 2
B45 1 10402 1
B46 8 9766 2
B47 2 9101 2
B48 6 1558 1
B49 7 5615 1
B50 4 765 2
B51 3 722 2
B52 3 4943 2
B53 8 11060 2
B54 7 5885 2
B55 7 4925 2
B56 1 10852 2
B57 8 10840 2
B58 4 963 2
B59 5 6806 2
B60 6 5352 2
