B1 4 5937 1
B2 5 3844 1
B3 1 4435 1
B4 2 3082 1
B5 6 4183 1
B6 3 5114 1
B7 6 6292 1
B8 2 7944 1
B9 1 4613 1
B10 3 5827 1
B11 4 8426 1
B12 5 7358 1
B13 2 6506 1
B14 6 8252 1
B15 1 3850 1
B16 2 3511 1
B17 1 4341 1
B18 3 5621 1
B19 5 8162 1
B20 6 7328 1
B21 4 6889 1
B22 3 5716 1
B23 4 7603 1
B24 5 18665 1
B25 8 11773 1
B26 2 15717 1
B27 1 19672 2
B28 8 40353 1
B29 7 18240 1
B30 4 14243 1
B31 5 8521 1
B32 1 134170 1
B33 1 22654 2
B34 6 29159 1
B35 1 35185 1
B36 2 25497 1
B37 3 7486 1
B38 4 10090 1
B39 3 13821 1
B40 7 9561 1
B41 8 13888 1
B42 6 21956 1
B43 2 20944 2
B44 4 20558 1
B45 1 23215 1
B46 2 53508 1
B47 7 188684 2
B48 1 233144 2
B49 7 13276 1
B50 6 13302 1
B51 8 8040 1
B52 2 16146 1
B53 1 17284 1
B54 5 33938 1
B55 1 41811 1
B56 6 24675 1
B57 3 58714 1
B58 3 65655 2
B59 6 158430 2
B60 1 69874 2
