B1 5 10042 2
B2 5 2758 1
B3 1 5074 1
B4 2 2207 1
B5 6 4114 1
B6 3 3440 1
B7 6 4481 1
B8 2 3430 1
B9 1 2660 1
B10 3 3487 1
B11 5 3438 2
B12 5 3562 1
B13 2 2386 1
B14 6 7606 1
B15 1 2607 1
B16 2 1732 1
B17 1 2895 1
B18 3 4849 1
B19 5 4640 1
B20 4 5051 2
B21 4 5435 1
B22 3 4923 1
B23 4 4018 1
B24 6 8498 2
B25 8 3633 1
B26 3 4069 2
B27 3 5795 1
B28 3 2598 2
B29 7 5018 1
B30 1 10872 2
B31 5 9328 1
B32 4 8083 2
B33 7 8141 1
B34 8 12735 2
B35 4 6677 2
B36 7 5936 2
B37 3 4255 1
B38 4 9296 1
B39 3 6349 1
B40 7 5505 1
B41 8 3522 1
B42 8 8478 2
B43 5 9940 1
B44 5 11154 2
B45 7 8887 2
B46 4 7014 2
B47 7 18115 2
B48 3 4176 2
B49 3 10249 2
B50 8 9018 2
B51 6 7861 2
B52 3 10331 2
B53 1 9230 1
B54 4 6937 2
B55 5 3646 2
B56 6 8408 1
B57 3 5296 1
B58 5 4902 2
B59 5 8327 2
B60 6 5442 2
