B1 4 1966 1
B2 5 1665 1
B3 1 2012 1
B4 2 1362 1
B5 6 3221 1
B6 3 2633 1
B7 6 4094 1
B8 2 4932 1
B9 1 2233 1
B10 3 2477 1
B11 4 6023 1
B12 4 3785 2
B13 2 1457 1
B14 6 2273 1
B15 1 2040 1
B16 2 2089 1
B17 1 3266 1
B18 3 3257 1
B19 5 2940 1
B20 6 7553 1
B21 4 5178 1
B22 3 3731 1
B23 4 4054 1
B24 5 6661 1
B25 8 4403 1
B26 2 2151 1
B27 3 4112 1
B28 8 8020 1
B29 7 6663 1
B30 4 5192 1
B31 5 5312 1
B32 1 10109 1
B33 1 6440 2
B34 6 13993 1
B35 1 13378 1
B36 1 18844 2
B37 3 3054 1
B38 4 4674 1
B39 3 5970 1
B40 7 5636 1
B41 2 4256 2
B42 6 9374 1
B43 5 16067 1
B44 4 5420 1
B45 6 10913 2
B46 2 19665 1
B47 6 13412 2
B48 7 18215 2
B49 7 6694 1
B50 6 24792 1
B51 8 10528 1
B52 2 14541 1
B53 1 7622 1
B54 5 18831 1
B55 1 52119 1
B56 6 13393 1
B57 3 24319 1
B58 2 30707 1
B59 4 19528 1
B60 2 99726 2
