B1 4 4074 1
B2 5 2021 1
B3 1 3862 1
B4 2 2284 1
B5 6 2336 1
B6 3 2745 1
B7 6 4801 1
B8 2 2673 1
B9 1 2407 1
B10 3 3616 1
B11 4 6067 1
B12 5 3815 1
B13 2 2421 1
B14 6 6178 1
B15 1 2221 1
B16 2 1672 1
B17 1 3081 1
B18 3 3534 1
B19 5 2724 1
B20 3 3751 2
B21 4 2618 1
B22 3 3802 1
B23 6 3799 2
B24 5 12578 1
B25 8 6780 1
B26 2 4699 1
B27 3 7507 1
B28 4 10492 2
B29 7 9618 1
B30 4 7729 1
B31 5 10467 1
B32 1 29414 1
B33 7 6847 1
B34 6 16369 1
B35 5 13817 2
B36 3 22808 2
B37 3 3509 1
B38 4 7400 1
B39 3 4994 1
B40 7 5292 1
B41 8 9262 1
B42 6 6375 1
B43 5 8484 1
B44 5 15541 2
B45 1 24479 1
B46 2 90514 1
B47 5 41327 1
B48 5 36725 2
B49 7 8495 1
B50 6 6433 1
B51 8 5705 1
B52 2 9151 1
B53 1 11576 1
B54 5 32985 1
B55 1 35893 1
B56 6 32443 1
B57 3 16851 1
B58 2 13429 1
B59 1 98354 2
B60 2 54154 2
