B1 4 6293 1
B2 5 2563 1
B3 1 3721 1
B4 2 1793 1
B5 6 4574 1
B6 3 3081 1
B7 6 3137 1
B8 2 3440 1
B9 1 6974 1
B10 3 5745 1
B11 4 7822 1
B12 1 14962 2
B13 2 3770 1
B14 6 4187 1
B15 1 3170 1
B16 2 6431 1
B17 1 3297 1
B18 3 6158 1
B19 5 5263 1
B20 6 8198 1
B21 4 4254 1
B22 3 3676 1
B23 4 4755 1
B24 5 24903 1
B25 8 7373 1
B26 2 3576 1
B27 3 24773 1
B28 4 14554 2
B29 7 12947 1
B30 4 12681 1
B31 5 12200 1
B32 7 18567 2
B33 7 14103 1
B34 4 22949 2
B35 5 25372 2
B36 2 19556 1
B37 3 3665 1
B38 4 8310 1
B39 3 8901 1
B40 7 8464 1
B41 8 9784 1
B42 6 14116 1
B43 5 11461 1
B44 4 15207 1
B45 1 12947 1
B46 2 16903 1
B47 5 42069 1
B48 6 57771 1
B49 7 12695 1
B50 3 28244 2
B51 8 18308 1
B52 2 31609 1
B53 1 13307 1
B54 5 17846 1
B55 4 22918 2
B56 5 38278 2
B57 3 14097 1
B58 6 63104 2
B59 1 66340 2
B60 7 55006 2
