B1 4 12792 1
B2 5 6201 1
B3 1 5721 1
B4 2 2865 1
B5 6 4209 1
B6 3 3114 1
B7 6 4570 1
B8 2 2351 1
B9 1 2819 1
B10 3 7612 1
B11 4 9190 1
B12 5 6719 1
B13 2 5509 1
B14 6 3563 1
B15 1 2939 1
B16 2 2174 1
B17 1 5362 1
B18 3 7474 1
B19 5 3410 1
B20 6 4107 1
B21 4 4719 1
B22 3 5047 1
B23 4 4620 1
B24 5 9398 1
B25 8 8227 1
B26 2 4820 1
B27 3 7887 1
B28 3 7378 2
B29 7 12910 1
B30 4 5578 1
B31 5 6651 1
B32 1 8967 1
B33 7 12934 1
B34 6 11243 1
B35 5 14002 2
B36 1 64125 2
B37 3 2762 1
B38 4 4715 1
B39 1 9216 2
B40 7 9406 1
B41 8 12263 1
B42 6 10683 1
B43 5 12136 1
B44 4 11672 1
B45 1 18764 1
B46 2 7086 1
B47 7 17957 2
B48 7 33389 2
B49 3 4866 2
B50 6 5831 1
B51 8 9060 1
B52 2 13617 1
B53 1 5304 1
B54 5 9004 1
B55 1 11610 1
B56 8 10393 2
B57 8 39954 2
B58 2 109043 1
B59 3 18195 2
B60 1 128557 2
