B1 4 3523 1
B2 5 2477 1
B3 1 2828 1
B4 2 2406 1
B5 6 4371 1
B6 3 2239 1
B7 6 3987 1
B8 2 5700 1
B9 1 2293 1
B10 3 9053 1
B11 4 6059 1
B12 5 4432 1
B13 2 2658 1
B14 6 6696 1
B15 1 2170 1
B16 2 1826 1
B17 1 2977 1
B18 3 2829 1
B19 5 3528 1
B20 6 3748 1
B21 4 3079 1
B22 3 2883 1
B23 6 2437 2
B24 5 9656 1
B25 8 3987 1
B26 2 3529 1
B27 3 4238 1
B28 8 5470 1
B29 7 2998 1
B30 4 3893 1
B31 5 6056 1
B32 4 13318 2
B33 7 5150 1
B34 4 7314 2
B35 5 18002 2
B36 3 11265 2
B37 3 2008 1
B38 4 4024 1
B39 3 4000 1
B40 7 3485 1
B41 2 2789 2
B42 6 6202 1
B43 5 8416 1
B44 4 4329 1
B45 1 16105 1
B46 7 21533 2
B47 6 49281 2
B48 6 24791 1
B49 1 6876 2
B50 3 12836 2
B51 8 7114 1
B52 2 7636 1
B53 1 14921 1
B54 5 13672 1
B55 4 21073 2
B56 6 7384 1
B57 4 20996 2
B58 3 11334 2
B59 1 17132 2
B60 1 17097 2
