B1 4 5309 1
B2 5 2135 1
B3 1 6304 1
B4 2 3524 1
B5 6 2943 1
B6 3 2885 1
B7 6 3714 1
B8 2 8908 1
B9 1 8638 1
B10 3 5949 1
B11 1 2782 2
B12 3 4481 2
B13 2 2281 1
B14 6 3862 1
B15 1 2854 1
B16 2 1462 1
B17 1 3102 1
B18 3 5164 1
B19 5 3886 1
B20 6 4231 1
B21 4 4491 1
B22 3 3129 1
B23 4 3959 1
B24 3 9850 2
B25 2 2273 2
B26 2 3269 1
B27 3 6192 1
B28 8 3438 1
B29 7 2405 1
B30 4 4244 1
B31 5 6753 1
B32 4 5369 2
B33 1 6292 2
B34 1 12149 2
B35 5 7783 2
B36 3 7745 2
B37 3 2712 1
B38 4 3477 1
B39 3 5379 1
B40 7 7764 1
B41 8 6095 1
B42 6 6471 1
B43 5 6649 1
B44 4 9575 1
B45 3 7058 2
B46 2 11963 1
B47 3 4047 2
B48 7 18896 2
B49 1 6200 2
B50 2 4067 2
B51 2 5273 2
B52 3 4448 2
B53 7 6893 2
B54 4 10799 2
B55 6 8364 2
B56 8 8744 2
B57 2 9297 2
B58 1 8922 2
B59 3 10132 2
B60 5 16461 1
