B1 4 5942 1
B2 5 3496 1
B3 1 4631 1
B4 2 2284 1
B5 6 4436 1
B6 3 3010 1
B7 6 4723 1
B8 2 5080 1
B9 2 3035 2
B10 3 3250 1
B11 4 11828 1
B12 5 17977 1
B13 2 4800 1
B14 6 7928 1
B15 1 2551 1
B16 2 3507 1
B17 1 5688 1
B18 3 5242 1
B19 5 4951 1
B20 6 10392 1
B21 4 3708 1
B22 3 3829 1
B23 4 7890 1
B24 5 9545 1
B25 8 6816 1
B26 2 6089 1
B27 3 7187 1
B28 8 32513 1
B29 7 34956 1
B30 4 27572 1
B31 5 8366 1
B32 2 34431 2
B33 7 18236 1
B34 6 115464 1
B35 1 60207 1
B36 2 49129 1
B37 3 7567 1
B38 4 11819 1
B39 3 5895 1
B40 7 8877 1
B41 8 10457 1
B42 6 14951 1
B43 4 13595 2
B44 4 6449 1
B45 1 13512 1
B46 2 21679 1
B47 5 57605 1
B48 4 14624 2
B49 1 12320 2
B50 6 34715 1
B51 8 13258 1
B52 8 110242 2
B53 1 12409 1
B54 5 19361 1
B55 5 55216 2
B56 8 53014 2
B57 4 40208 2
B58 3 64924 2
B59 7 19055 2
B60 2 15981 2
