B1 4 8386 1
B2 5 1476 1
B3 1 1865 1
B4 2 2118 1
B5 6 3081 1
B6 3 2496 1
B7 6 3484 1
B8 2 5144 1
B9 1 3560 1
B10 3 5550 1
B11 4 7854 1
B12 5 7847 1
B13 2 1815 1
B14 6 3187 1
B15 1 1741 1
B16 2 2470 1
B17 1 3893 1
B18 3 3369 1
B19 5 3261 1
B20 6 7611 1
B21 4 3456 1
B22 3 2998 1
B23 4 4562 1
B24 5 12700 1
B25 8 5789 1
B26 2 5186 1
B27 3 13299 1
B28 8 8826 1
B29 7 10368 1
B30 4 7135 1
B31 5 5692 1
B32 7 14977 2
B33 7 9236 1
B34 6 12626 1
B35 1 22580 1
B36 6 13446 2
B37 3 2207 1
B38 4 19808 1
B39 3 6879 1
B40 7 12507 1
B41 8 5488 1
B42 3 6869 2
B43 5 12719 1
B44 4 8899 1
B45 1 11006 1
B46 5 6864 2
B47 8 28742 2
B48 5 6475 2
B49 7 6309 1
B50 6 15957 1
B51 8 6237 1
B52 2 7274 1
B53 1 5993 1
B54 5 5824 1
B55 1 36934 1
B56 6 14822 1
B57 5 6707 2
B58 7 1051 2
B59 5 675 2
B60 3 327 2
