B1 6 3998 2
B2 5 2250 1
B3 1 2977 1
B4 2 1809 1
B5 6 2556 1
B6 3 2347 1
B7 6 2908 1
B8 2 3188 1
B9 1 3148 1
B10 3 2682 1
B11 1 3129 2
B12 3 3512 2
B13 2 1803 1
B14 6 3570 1
B15 1 4294 1
B16 2 4139 1
B17 1 3081 1
B18 4 6207 2
B19 5 2395 1
B20 5 8377 2
B21 4 8886 1
B22 3 4130 1
B23 3 8624 2
B24 6 10639 2
B25 8 4564 1
B26 2 7114 1
B27 3 7988 1
B28 3 9164 2
B29 1 12191 2
B30 4 6814 1
B31 5 7298 1
B32 1 9841 1
B33 7 8625 1
B34 5 22217 2
B35 5 11838 2
B36 3 13432 2
B37 3 2882 1
B38 4 7888 1
B39 3 8067 1
B40 7 7709 1
B41 8 6878 1
B42 3 12083 2
B43 4 7592 2
B44 4 6004 1
B45 8 19816 2
B46 2 28390 1
B47 7 30173 2
B48 7 29365 2
B49 7 11327 1
B50 6 16216 1
B51 8 17860 1
B52 3 12166 2
B53 5 22394 2
B54 5 18943 1
B55 4 25897 2
B56 6 15123 1
B57 3 34192 1
B58 6 43013 2
B59 3 12111 2
B60 2 34986 2
