B1 4 4907 1
B2 5 2394 1
B3 1 3563 1
B4 2 2718 1
B5 6 2845 1
B6 3 4534 1
B7 6 4137 1
B8 2 2198 1
B9 1 1952 1
B10 3 5351 1
B11 1 2381 2
B12 5 4698 1
B13 2 1985 1
B14 6 3875 1
B15 1 4124 1
B16 2 1777 1
B17 1 2797 1
B18 3 3191 1
B19 5 3566 1
B20 3 6200 2
B21 4 7833 1
B22 3 5310 1
B23 4 3900 1
B24 5 23077 1
B25 8 8821 1
B26 2 4822 1
B27 3 8964 1
B28 8 6302 1
B29 7 11408 1
B30 4 11758 1
B31 5 7050 1
B32 1 14783 1
B33 7 8184 1
B34 6 5357 1
B35 5 16425 2
B36 2 26111 1
B37 3 3346 1
B38 4 5727 1
B39 3 6651 1
B40 7 6706 1
B41 8 7625 1
B42 6 11305 1
B43 4 11171 2
B44 4 5712 1
B45 1 9604 1
B46 4 25043 2
B47 5 47662 1
B48 8 51566 2
B49 7 10238 1
B50 6 31716 1
B51 8 42905 1
B52 8 18062 2
B53 1 18627 1
B54 5 136745 1
B55 1 20585 1
B56 6 13037 1
B57 3 12979 1
B58 3 249197 2
B59 7 148549 2
B60 5 188619 1
