B1 4 4243 1
B2 5 4019 1
B3 1 3404 1
B4 2 3025 1
B5 6 2946 1
B6 3 2486 1
B7 6 3907 1
B8 2 3161 1
B9 1 6107 1
B10 3 2626 1
B11 4 10056 1
B12 5 12336 1
B13 2 3090 1
B14 6 6960 1
B15 1 2692 1
B16 2 3404 1
B17 1 3352 1
B18 3 4889 1
B19 5 4608 1
B20 6 6601 1
B21 4 4076 1
B22 3 3630 1
B23 4 6669 1
B24 4 2173 2
B25 8 6750 1
B26 2 6032 1
B27 1 10529 2
B28 8 4770 1
B29 7 5899 1
B30 8 10122 2
B31 5 9544 1
B32 4 14722 2
B33 1 9340 2
B34 8 8907 2
B35 1 13381 1
B36 2 12954 1
B37 3 5188 1
B38 4 8922 1
B39 3 7115 1
B40 2 7106 2
B41 8 6879 1
B42 6 12017 1
B43 5 5930 1
B44 4 9277 1
B45 1 9304 1
B46 4 7187 2
B47 2 24457 2
B48 5 16585 2
B49 6 7506 2
B50 6 12829 1
B51 8 5658 1
B52 2 18000 1
B53 1 7530 1
B54 5 15733 1
B55 1 13207 1
B56 1 13482 2
B57 3 14587 1
B58 6 22144 2
B59 6 12587 2
B60 6 20 2
