B1 4 6568 1
B2 5 5061 1
B3 1 3863 1
B4 2 2028 1
B5 6 4947 1
B6 3 2942 1
B7 6 7055 1
B8 2 5660 1
B9 1 5367 1
B10 3 12665 1
B11 4 11144 1
B12 5 18835 1
B13 2 3555 1
B14 6 3451 1
B15 1 3510 1
B16 2 3614 1
B17 1 11265 1
B18 4 3498 2
B19 5 5620 1
B20 6 5023 1
B21 4 4066 1
B22 3 3469 1
B23 4 4304 1
B24 5 8788 1
B25 8 10870 1
B26 2 6303 1
B27 3 43982 1
B28 8 19991 1
B29 7 10843 1
B30 4 20145 1
B31 5 7849 1
B32 4 61275 2
B33 1 18294 2
B34 6 58184 1
B35 1 54022 1
B36 2 33672 1
B37 3 3312 1
B38 4 7640 1
B39 3 10121 1
B40 7 6877 1
B41 8 13330 1
B42 6 15717 1
B43 8 22160 2
B44 4 16467 1
B45 1 14605 1
B46 2 14312 1
B47 5 62350 1
B48 8 35356 2
B49 7 12492 1
B50 6 10693 1
B51 8 11209 1
B52 2 48828 1
B53 1 26943 1
B54 5 23927 1
B55 1 39864 1
B56 6 17962 1
B57 3 49049 1
B58 1 68745 2
B59 7 76228 2
B60 5 121882 1
