B1 4 16531 1
B2 5 5039 1
B3 1 4872 1
B4 2 4366 1
B5 6 5108 1
B6 3 4863 1
B7 6 5436 1
B8 2 6256 1
B9 1 7068 1
B10 3 14997 1
B11 4 11498 1
B12 5 10902 1
B13 2 3895 1
B14 6 9969 1
B15 1 7030 1
B16 2 5089 1
B17 1 10440 1
B18 3 13951 1
B19 4 12286 2
B20 6 9393 1
B21 1 12758 2
B22 3 8842 1
B23 4 9585 1
B24 5 23538 1
B25 8 13601 1
B26 2 14726 1
B27 3 27972 1
B28 8 84400 1
B29 7 30658 1
B30 8 39767 2
B31 5 12423 1
B32 1 89448 1
B33 7 41761 1
B34 4 199095 2
B35 1 30311 1
B36 2 32820 1
B37 3 15042 1
B38 4 22780 1
B39 3 71438 1
B40 7 30297 1
B41 8 18472 1
B42 6 49871 1
B43 5 62148 1
B44 4 43897 1
B45 1 153396 1
B46 2 141998 1
B47 5 123033 1
B48 6 139017 1
B49 7 22132 1
B50 5 108597 2
B51 8 14335 1
B52 2 52417 1
B53 1 73677 1
B54 5 41313 1
B55 1 51235 1
B56 6 38452 1
B57 3 36235 1
B58 2 126553 1
B59 2 240762 2
B60 5 98336 1
