B1 4 2966 1
B2 5 2054 1
B3 1 3453 1
B4 2 2314 1
B5 6 3035 1
B6 3 2955 1
B7 6 3119 1
B8 2 2095 1
B9 1 2830 1
B10 3 2354 1
B11 4 7664 1
B12 1 6166 2
B13 2 1957 1
B14 6 4480 1
B15 1 2327 1
B16 2 1765 1
B17 1 3292 1
B18 4 4385 2
B19 5 4456 1
B20 6 5795 1
B21 6 3635 2
B22 3 5913 1
B23 4 4257 1
B24 5 9546 1
B25 8 6821 1
B26 2 4051 1
B27 3 19596 1
B28 8 18828 1
B29 7 14051 1
B30 4 7536 1
B31 5 11514 1
B32 1 22786 1
B33 7 12212 1
B34 6 29798 1
B35 3 19759 2
B36 2 21665 1
B37 3 2348 1
B38 4 7394 1
B39 3 5219 1
B40 7 9201 1
B41 8 12440 1
B42 6 7697 1
B43 5 6634 1
B44 4 9101 1
B45 1 27672 1
B46 7 79719 2
B47 5 48518 1
B48 8 24765 2
B49 7 8295 1
B50 6 25835 1
B51 8 12885 1
B52 2 18747 1
B53 1 9517 1
B54 5 20638 1
B55 3 12315 2
B56 6 12023 1
B57 3 82619 1
B58 8 32645 2
B59 8 102093 2
B60 8 73240 2
