B1 2 4039 2
B2 1 11497 2
B3 1 4865 1
B4 2 4282 1
B5 6 8026 1
B6 3 3505 1
B7 6 3545 1
B8 2 5049 1
B9 1 3409 1
B10 3 2768 1
B11 2 4221 2
B12 1 3364 2
B13 2 3246 1
B14 6 6721 1
B15 1 1751 1
B16 2 3629 1
B17 1 3489 1
B18 3 2645 1
B19 4 5134 2
B20 6 10165 1
B21 4 3549 1
B22 3 5043 1
B23 4 3782 1
B24 1 5490 2
B25 2 2418 2
B26 2 3485 1
B27 3 16964 1
B28 3 4769 2
B29 7 4071 1
B30 4 7041 1
B31 5 8778 1
B32 7 13298 2
B33 7 15325 1
B34 6 2236 1
B35 1 8252 1
B36 2 6435 1
B37 3 3416 1
B38 4 5709 1
B39 1 3125 2
B40 7 6096 1
B41 8 8478 1
B42 6 6189 1
B43 4 8197 2
B44 6 12048 2
B45 1 9635 1
B46 8 6790 2
B47 6 7849 2
B48 3 18358 2
B49 7 8286 1
B50 6 13142 1
B51 6 3302 2
B52 3 2816 2
B53 1 9653 1
B54 5 18077 1
B55 3 8127 2
B56 6 12913 1
B57 3 14387 1
B58 6 34076 2
B59 1 18283 2
B60 7 18154 2
