B1 4 15080 1
B2 5 4294 1
B3 1 7589 1
B4 2 4399 1
B5 6 8241 1
B6 3 3602 1
B7 6 3694 1
B8 2 4579 1
B9 1 3201 1
B10 3 5440 1
B11 4 7301 1
B12 5 14397 1
B13 2 3420 1
B14 6 3489 1
B15 1 3292 1
B16 2 3086 1
B17 1 3983 1
B18 3 4500 1
B19 5 6967 1
B20 6 4066 1
B21 4 4652 1
B22 3 3355 1
B23 4 4361 1
B24 6 28308 2
B25 8 6823 1
B26 2 10649 1
B27 3 6908 1
B28 4 8163 2
B29 7 13322 1
B30 4 8005 1
B31 5 7546 1
B32 7 29279 2
B33 7 13852 1
B34 6 11740 1
B35 5 12799 2
B36 4 9545 2
B37 3 2997 1
B38 4 10947 1
B39 3 9150 1
B40 1 5789 2
B41 8 10107 1
B42 2 6828 2
B43 2 5065 2
B44 4 11179 1
B45 3 21520 2
B46 2 44973 1
B47 5 82381 1
B48 2 16182 2
B49 7 8446 1
B50 6 17110 1
B51 8 12741 1
B52 2 9040 1
B53 1 9630 1
B54 5 24148 1
B55 1 37454 1
B56 6 11969 1
B57 1 18283 2
B58 4 16331 2
B59 4 58854 1
B60 7 22013 2
