B1 4 7491 1
B2 5 3422 1
B3 1 2995 1
B4 2 1438 1
B5 6 3368 1
B6 3 2499 1
B7 6 3225 1
B8 2 8659 1
B9 1 2872 1
B10 3 6825 1
B11 4 7211 1
B12 6 8032 2
B13 2 3526 1
B14 6 9248 1
B15 1 2843 1
B16 2 3967 1
B17 1 3376 1
B18 3 8424 1
B19 6 3498 2
B20 6 6605 1
B21 4 3309 1
B22 3 4480 1
B23 4 3954 1
B24 5 15120 1
B25 8 6893 1
B26 2 7726 1
B27 3 9826 1
B28 8 17952 1
B29 7 12610 1
B30 4 12335 1
B31 5 8192 1
B32 4 30510 2
B33 7 10563 1
B34 1 20509 2
B35 1 38685 1
B36 6 100226 2
B37 3 5616 1
B38 4 11439 1
B39 3 9433 1
B40 7 10949 1
B41 8 12961 1
B42 6 11852 1
B43 5 19587 1
B44 4 12236 1
B45 1 21059 1
B46 5 46306 2
B47 5 60226 1
B48 6 50263 1
B49 7 6212 1
B50 6 43279 1
B51 8 10529 1
B52 2 19666 1
B53 1 12267 1
B54 1 80876 2
B55 5 27918 2
B56 6 20399 1
B57 3 44153 1
B58 4 98676 2
B59 3 41480 2
B60 7 77344 2
