B1 4 5280 1
B2 5 2488 1
B3 1 2556 1
B4 2 2844 1
B5 6 3111 1
B6 3 2893 1
B7 2 3733 2
B8 2 7038 1
B9 1 6140 1
B10 3 4023 1
B11 4 8047 1
B12 5 8013 1
B13 2 2433 1
B14 6 2961 1
B15 1 3534 1
B16 2 1932 1
B17 1 6342 1
B18 3 4278 1
B19 5 8775 1
B20 6 3672 1
B21 4 2938 1
B22 3 2937 1
B23 4 5612 1
B24 6 7251 2
B25 8 4226 1
B26 2 5882 1
B27 3 9319 1
B28 4 13016 2
B29 7 7615 1
B30 4 8100 1
B31 7 11544 2
B32 6 14411 2
B33 1 5560 2
B34 8 16397 2
B35 1 9495 1
B36 3 6885 2
B37 3 2192 1
B38 4 3527 1
B39 3 5465 1
B40 7 7686 1
B41 8 7309 1
B42 6 8157 1
B43 5 23627 1
B44 5 13411 2
B45 1 11956 1
B46 5 20983 2
B47 3 15867 2
B48 4 24182 2
B49 7 7110 1
B50 6 26101 1
B51 8 15686 1
B52 2 13039 1
B53 1 9267 1
B54 4 19250 2
B55 8 14690 2
B56 6 16962 1
B57 5 21830 2
B58 7 29669 2
B59 7 20505 2
B60 3 39958 2
