B1 4 3233 1
B2 5 1677 1
B3 1 2432 1
B4 2 1805 1
B5 6 1879 1
B6 3 1867 1
B7 6 4782 1
B8 2 4093 1
B9 1 1871 1
B10 3 2068 1
B11 4 6059 1
B12 4 4881 2
B13 3 1643 2
B14 6 4259 1
B15 1 1443 1
B16 2 1470 1
B17 1 2336 1
B18 3 3180 1
B19 5 3015 1
B20 5 3591 2
B21 4 3362 1
B22 3 3737 1
B23 4 5556 1
B24 6 9029 2
B25 8 5143 1
B26 2 2396 1
B27 3 3580 1
B28 4 6387 2
B29 7 4620 1
B30 2 3708 2
B31 5 7210 1
B32 7 6873 2
B33 6 17306 2
B34 2 48886 2
B35 8 8579 2
B36 8 72690 2
B37 3 2455 1
B38 4 5272 1
B39 4 8083 2
B40 1 4395 2
B41 8 6591 1
B42 3 7744 2
B43 3 7043 2
B44 1 8793 2
B45 7 5300 2
B46 6 5336 2
B47 3 7958 2
B48 5 4290 2
B49 4 2208 2
B50 4 65 2
B51 7 587 2
B52 6 125 2
B53 6 516 2
B54 2 133 2
B55 6 440 2
B56 2 154 2
B57 6 6 2
B58 7 21 2
B59 7 58 2
B60 7 136 2
