B1 4 3368 1
B2 5 2717 1
B3 1 3136 1
B4 2 2618 1
B5 6 2961 1
B6 3 2791 1
B7 6 4290 1
B8 6 5320 2
B9 1 7780 1
B10 3 6231 1
B11 4 5639 1
B12 1 9072 2
B13 2 5477 1
B14 6 6865 1
B15 1 2501 1
B16 2 5416 1
B17 1 3936 1
B18 3 12707 1
B19 5 10505 1
B20 6 4626 1
B21 5 2363 2
B22 6 5617 2
B23 6 2913 2
B24 6 6509 2
B25 8 6938 1
B26 2 11369 1
B27 3 15884 1
B28 8 11549 1
B29 7 15732 1
B30 4 26678 1
B31 5 8922 1
B32 1 14844 1
B33 7 9367 1
B34 6 14003 1
B35 5 21329 2
B36 3 16279 2
B37 3 3233 1
B38 4 7679 1
B39 3 5454 1
B40 7 6601 1
B41 8 7018 1
B42 6 18229 1
B43 1 23781 2
B44 4 9013 1
B45 2 22923 2
B46 4 20250 2
B47 6 16161 2
B48 7 19670 2
B49 7 22429 1
B50 6 8466 1
B51 8 14845 1
B52 4 15859 2
B53 7 14587 2
B54 5 19170 1
B55 4 24893 2
B56 6 20826 1
B57 1 12258 2
B58 6 44588 2
B59 1 17677 2
B60 3 21356 2
