B1 4 6484 1
B2 5 2306 1
B3 1 3135 1
B4 2 1763 1
B5 6 3057 1
B6 3 6475 1
B7 6 3895 1
B8 2 10238 1
B9 1 7579 1
B10 3 4041 1
B11 4 6533 1
B12 1 4586 2
B13 2 4733 1
B14 6 4252 1
B15 1 3117 1
B16 2 5716 1
B17 1 7842 1
B18 3 4676 1
B19 5 6529 1
B20 4 9671 2
B21 4 5166 1
B22 3 5901 1
B23 6 3680 2
B24 5 9425 1
B25 8 10877 1
B26 2 10385 1
B27 3 6817 1
B28 8 12880 1
B29 7 10690 1
B30 4 6331 1
B31 5 5416 1
B32 4 21059 2
B33 7 12275 1
B34 8 30730 2
B35 1 15985 1
B36 3 12484 2
B37 3 3791 1
B38 4 5072 1
B39 3 5179 1
B40 7 8378 1
B41 8 8730 1
B42 6 10320 1
B43 7 18959 2
B44 2 7362 2
B45 3 25148 2
B46 2 45287 1
B47 7 36327 2
B48 7 21324 2
B49 3 9167 2
B50 6 8760 1
B51 8 7073 1
B52 2 13030 1
B53 1 6750 1
B54 5 10270 1
B55 1 40521 1
B56 5 15536 2
B57 5 25454 2
B58 6 44286 2
B59 2 16465 2
B60 2 14408 2
