B1 4 6938 1
B2 5 3351 1
B3 1 3637 1
B4 2 3688 1
B5 6 4070 1
B6 3 3698 1
B7 6 4503 1
B8 2 5774 1
B9 1 4547 1
B10 3 4547 1
B11 4 7173 1
B12 1 6128 2
B13 2 3728 1
B14 6 4563 1
B15 1 2222 1
B16 2 2966 1
B17 1 3264 1
B18 3 3337 1
B19 5 2586 1
B20 5 2861 2
B21 4 4607 1
B22 3 3640 1
B23 4 4373 1
B24 5 18784 1
B25 8 6753 1
B26 2 5371 1
B27 3 6823 1
B28 8 10573 1
B29 7 11355 1
B30 4 11790 1
B31 5 7583 1
B32 1 14882 1
B33 7 25017 1
B34 6 46366 1
B35 5 48303 2
B36 2 18696 1
B37 3 4889 1
B38 4 8408 1
B39 3 7528 1
B40 7 6640 1
B41 8 5547 1
B42 6 10216 1
B43 5 16635 1
B44 4 12188 1
B45 1 24151 1
B46 5 27655 2
B47 5 36246 1
B48 6 67583 1
B49 7 9709 1
B50 6 19298 1
B51 8 7483 1
B52 2 14183 1
B53 1 8651 1
B54 5 41153 1
B55 1 13685 1
B56 6 33387 1
B57 1 39286 2
B58 6 67614 2
B59 4 40608 1
B60 2 21798 2
