B1 6 34192 2
B2 5 3541 1
B3 1 13241 1
B4 2 5294 1
B5 6 5695 1
B6 3 4618 1
B7 6 5524 1
B8 2 6468 1
B9 1 6117 1
B10 3 9671 1
B11 4 8467 1
B12 5 15382 1
B13 2 8721 1
B14 6 5504 1
B15 1 3532 1
B16 2 3928 1
B17 1 6430 1
B18 3 4629 1
B19 5 3571 1
B20 6 7316 1
B21 4 6013 1
B22 3 5215 1
B23 4 4274 1
B24 5 20228 1
B25 8 7960 1
B26 2 6744 1
B27 3 34580 1
B28 8 33697 1
B29 7 23091 1
B30 4 18101 1
B31 5 8055 1
B32 4 43458 2
B33 7 12780 1
B34 6 29651 1
B35 1 75227 1
B36 2 36910 1
B37 3 5380 1
B38 4 27041 1
B39 3 15034 1
B40 7 6100 1
B41 8 12250 1
B42 6 12817 1
B43 5 22033 1
B44 4 19944 1
B45 1 39350 1
B46 2 72876 1
B47 3 129285 2
B48 5 41704 2
B49 7 17232 1
B50 6 16788 1
B51 8 16776 1
B52 2 11157 1
B53 5 48513 2
B54 4 90253 2
B55 3 123573 2
B56 5 49535 2
B57 3 72604 1
B58 6 47969 2
B59 3 42098 2
B60 6 72204 2
