B1 4 6085 1
B2 1 2615 2
B3 1 716 1
B4 1 287 2
B5 1 301 2
B6 1 271 2
B7 1 308 2
B8 1 288 2
B9 1 137 1
B10 1 245 2
B11 1 248 2
B12 1 281 2
B13 1 154 2
B14 1 48 2
B15 1 227 1
B16 1 87 2
B17 1 77 1
B18 1 70 2
B19 1 16 2
B20 1 210 2
B21 1 62 2
B22 1 291 2
B23 1 104 2
B24 1 61 2
B25 1 638 2
B26 1 169 2
B27 1 133 2
B28 1 159 2
B29 1 268 2
B30 1 73 2
B31 1 141 2
B32 1 163 1
B33 1 93 2
B34 1 241 2
B35 1 39 1
B36 1 292 2
B37 1 122 2
B38 1 111 2
B39 1 256 2
B40 1 94 2
B41 1 187 2
B42 1 175 2
B43 1 98 2
B44 1 115 2
B45 1 80 1
B46 1 662 2
B47 1 13 2
B48 1 78 2
B49 1 92 2
B50 1 209 2
B51 1 245 2
B52 1 109 2
B53 1 77 1
B54 1 135 2
B55 1 41 1
B56 1 125 2
B57 1 146 2
B58 1 242 2
B59 1 110 2
B60 1 143 2
