B1 4 3462 1
B2 5 1836 1
B3 1 1979 1
B4 2 1708 1
B5 6 4854 1
B6 3 3263 1
B7 6 5356 1
B8 2 4837 1
B9 1 11158 1
B10 3 8259 1
B11 4 12979 1
B12 5 10921 1
B13 2 2285 1
B14 6 5425 1
B15 1 3926 1
B16 2 2571 1
B17 1 3965 1
B18 2 3007 2
B19 5 4401 1
B20 5 7235 2
B21 4 5978 1
B22 3 4372 1
B23 4 6824 1
B24 6 4982 2
B25 8 5196 1
B26 2 2353 1
B27 3 15418 1
B28 3 2097 2
B29 7 5928 1
B30 4 15399 1
B31 5 8625 1
B32 4 5737 2
B33 1 5779 2
B34 4 8107 2
B35 1 17276 1
B36 3 6742 2
B37 3 4037 1
B38 4 5514 1
B39 4 5803 2
B40 1 5584 2
B41 8 8028 1
B42 2 6101 2
B43 2 3335 2
B44 4 3586 1
B45 8 4114 2
B46 3 1636 2
B47 2 1493 2
B48 6 6701 1
B49 1 2963 2
B50 3 9918 2
B51 8 9574 1
B52 3 5233 2
B53 2 6761 2
B54 2 23483 2
B55 2 2527 2
B56 8 13207 2
B57 4 17309 2
B58 3 2534 2
B59 7 3597 2
B60 7 4370 2
