B1 4 2378 1
B2 5 1659 1
B3 1 1672 1
B4 2 1248 1
B5 6 2324 1
B6 3 1747 1
B7 6 2986 1
B8 1 2522 2
B9 1 2236 1
B10 3 6325 1
B11 5 3583 2
B12 5 3199 1
B13 2 1436 1
B14 6 2885 1
B15 1 2660 1
B16 2 2097 1
B17 1 3373 1
B18 3 1923 1
B19 5 2098 1
B20 4 3398 2
B21 1 2411 2
B22 2 4061 2
B23 4 9300 1
B24 3 3408 2
B25 8 2425 1
B26 2 2685 1
B27 3 5123 1
B28 4 3311 2
B29 4 2449 2
B30 5 4249 2
B31 4 3148 2
B32 6 12611 2
B33 7 26262 1
B34 1 7022 2
B35 6 3624 2
B36 3 16785 2
B37 3 1861 1
B38 3 3274 2
B39 3 4236 1
B40 7 4823 1
B41 8 6035 1
B42 7 5073 2
B43 2 6635 2
B44 7 11148 2
B45 3 17149 2
B46 5 16337 2
B47 6 9274 2
B48 1 24497 2
B49 6 9950 2
B50 3 3311 2
B51 8 13899 1
B52 2 10985 1
B53 7 13147 2
B54 1 3775 2
B55 1 4748 1
B56 5 17510 2
B57 8 10186 2
B58 4 5424 2
B59 5 10823 2
B60 1 30673 2
