B1 2 5160 2
B2 5 3362 1
B3 1 3955 1
B4 2 1890 1
B5 6 3827 1
B6 3 5042 1
B7 6 5273 1
B8 6 2753 2
B9 1 2962 1
B10 5 4534 2
B11 1 6961 2
B12 5 6679 1
B13 2 4163 1
B14 6 6263 1
B15 1 5043 1
B16 2 3987 1
B17 5 4867 2
B18 3 8900 1
B19 5 10106 1
B20 6 15659 1
B21 4 6428 1
B22 3 7562 1
B23 4 14739 1
B24 3 12353 2
B25 8 17145 1
B26 2 5472 1
B27 3 21765 1
B28 8 9151 1
B29 4 4870 2
B30 4 22284 1
B31 4 5606 2
B32 6 25740 2
B33 7 11256 1
B34 1 11453 2
B35 5 26973 2
B36 6 32383 2
B37 3 5370 1
B38 4 16944 1
B39 3 13685 1
B40 7 35665 1
B41 8 29914 1
B42 6 18944 1
B43 4 30700 2
B44 5 11369 2
B45 8 15662 2
B46 8 55964 2
B47 5 18602 1
B48 7 1954 2
B49 5 336 2
B50 8 349 2
B51 5 318 2
B52 8 164 2
B53 4 5284 2
B54 5 34367 1
B55 5 14317 2
B56 8 13237 2
B57 1 24027 2
B58 5 8211 2
B59 6 523 2
B60 3 335 2
