B1 4 7295 1
B2 5 2574 1
B3 1 3754 1
B4 2 2530 1
B5 6 3041 1
B6 3 3344 1
B7 6 4524 1
B8 2 5338 1
B9 1 7915 1
B10 3 4140 1
B11 4 8686 1
B12 5 7668 1
B13 2 1790 1
B14 6 4312 1
B15 1 2288 1
B16 2 2530 1
B17 1 2347 1
B18 3 3034 1
B19 5 3890 1
B20 6 5304 1
B21 4 2903 1
B22 3 4611 1
B23 6 3268 2
B24 5 7865 1
B25 8 10689 1
B26 2 6765 1
B27 3 9453 1
B28 8 10407 1
B29 7 25622 1
B30 4 6803 1
B31 5 7806 1
B32 7 19222 2
B33 1 6728 2
B34 8 23379 2
B35 6 22218 2
B36 3 15971 2
B37 3 2773 1
B38 4 4387 1
B39 3 5173 1
B40 7 6136 1
B41 8 5080 1
B42 6 9389 1
B43 2 9860 2
B44 2 10724 2
B45 1 13976 1
B46 2 25590 1
B47 2 4312 2
B48 8 27938 2
B49 7 4890 1
B50 6 6269 1
B51 8 5673 1
B52 2 11208 1
B53 3 12286 2
B54 6 9197 2
B55 8 21792 2
B56 6 20172 1
B57 7 15156 2
B58 4 6784 2
B59 6 5457 2
B60 8 4131 2
