B1 4 16951 1
B2 5 4863 1
B3 1 16946 1
B4 2 5965 1
B5 6 3722 1
B6 3 4409 1
B7 6 8247 1
B8 2 6386 1
B9 1 8661 1
B10 3 21298 1
B11 4 35975 1
B12 5 24876 1
B13 2 7901 1
B14 6 9134 1
B15 1 6422 1
B16 2 5463 1
B17 1 8640 1
B18 3 6601 1
B19 5 11087 1
B20 6 14043 1
B21 4 13125 1
B22 3 7123 1
B23 4 5177 1
B24 5 39008 1
B25 8 11090 1
B26 2 13332 1
B27 3 24874 1
B28 8 26642 1
B29 7 46686 1
B30 4 12575 1
B31 5 8077 1
B32 1 108720 1
B33 7 18377 1
B34 6 42794 1
B35 1 51821 1
B36 3 30937 2
B37 3 5269 1
B38 4 7736 1
B39 3 14511 1
B40 7 8881 1
B41 8 23355 1
B42 6 16784 1
B43 5 37255 1
B44 4 18138 1
B45 1 22586 1
B46 2 120209 1
B47 5 74043 1
B48 6 71164 1
B49 7 9987 1
B50 6 16053 1
B51 8 13959 1
B52 2 15183 1
B53 1 21866 1
B54 5 18329 1
B55 1 67209 1
B56 6 23646 1
B57 3 14493 1
B58 2 522405 1
B59 1 83990 2
B60 5 482725 1
