B1 4 2453 1
B2 5 2260 1
B3 1 1853 1
B4 2 1972 1
B5 6 2006 1
B6 3 2254 1
B7 6 3547 1
B8 2 1731 1
B9 1 2288 1
B10 3 2352 1
B11 1 1989 2
B12 1 3756 2
B13 2 2143 1
B14 6 2495 1
B15 1 1776 1
B16 2 2653 1
B17 1 5816 1
B18 3 2967 1
B19 5 3461 1
B20 4 2111 2
B21 4 4150 1
B22 3 3326 1
B23 2 1561 2
B24 3 2288 2
B25 8 5557 1
B26 2 2486 1
B27 3 6713 1
B28 8 6580 1
B29 7 2853 1
B30 4 12377 1
B31 5 7099 1
B32 4 9068 2
B33 7 5852 1
B34 8 5743 2
B35 8 2825 2
B36 8 2330 2
B37 3 3621 1
B38 4 4000 1
B39 3 5806 1
B40 8 5376 2
B41 8 2418 1
B42 7 1752 2
B43 6 1529 2
B44 1 2639 2
B45 5 2534 2
B46 4 733 2
B47 6 1011 2
B48 4 585 2
B49 7 3868 1
B50 6 11215 1
B51 5 1103 2
B52 8 376 2
B53 4 359 2
B54 7 323 2
B55 3 371 2
B56 8 367 2
B57 6 275 2
B58 4 243 2
B59 8 262 2
B60 6 318 2
