B1 4 11668 1
B2 5 1778 1
B3 1 2300 1
B4 2 2404 1
B5 6 2999 1
B6 3 3324 1
B7 6 4925 1
B8 2 2480 1
B9 1 3650 1
B10 3 3483 1
B11 4 5917 1
B12 5 14075 1
B13 2 3150 1
B14 6 5528 1
B15 1 2301 1
B16 2 3166 1
B17 1 5491 1
B18 3 4007 1
B19 6 4028 2
B20 6 4818 1
B21 4 4617 1
B22 3 3818 1
B23 4 3227 1
B24 4 19228 2
B25 8 6267 1
B26 2 4849 1
B27 3 6400 1
B28 3 6791 2
B29 7 18053 1
B30 4 9816 1
B31 5 6885 1
B32 1 24660 1
B33 7 11852 1
B34 6 22174 1
B35 1 20400 1
B36 2 13639 1
B37 3 2407 1
B38 4 3805 1
B39 3 5646 1
B40 7 6371 1
B41 8 5624 1
B42 6 12816 1
B43 8 14191 2
B44 4 17325 1
B45 1 9863 1
B46 2 10050 1
B47 5 36633 1
B48 6 36049 1
B49 7 13225 1
B50 6 17889 1
B51 8 12286 1
B52 2 13322 1
B53 1 7846 1
B54 5 23729 1
B55 8 22870 2
B56 6 28719 1
B57 3 12620 1
B58 6 37192 2
B59 8 44845 2
B60 5 29013 1
