B1 4 5259 1
B2 5 3909 1
B3 1 5147 1
B4 2 5008 1
B5 6 5543 1
B6 3 4925 1
B7 6 6111 1
B8 2 5852 1
B9 1 4618 1
B10 3 10312 1
B11 4 12668 1
B12 5 10811 1
B13 2 10885 1
B14 6 14192 1
B15 1 3065 1
B16 2 3561 1
B17 1 3061 1
B18 3 5463 1
B19 5 4563 1
B20 6 5626 1
B21 5 4998 2
B22 3 3294 1
B23 6 3818 2
B24 5 15479 1
B25 8 5281 1
B26 2 4897 1
B27 3 6093 1
B28 8 14709 1
B29 7 13862 1
B30 4 5782 1
B31 5 5735 1
B32 3 28473 2
B33 7 43336 1
B34 6 38123 1
B35 1 26675 1
B36 2 35058 1
B37 3 5110 1
B38 4 16255 1
B39 3 5621 1
B40 7 5703 1
B41 8 11510 1
B42 6 18203 1
B43 8 7783 2
B44 4 8274 1
B45 2 9790 2
B46 5 50132 2
B47 7 51829 2
B48 1 19523 2
B49 7 7855 1
B50 6 19563 1
B51 8 6077 1
B52 2 17006 1
B53 1 8906 1
B54 5 12216 1
B55 5 53129 2
B56 8 16826 2
B57 4 45281 2
B58 3 33410 2
B59 7 24699 2
B60 2 23442 2
