B1 4 3353 1
B2 5 1888 1
B3 1 1799 1
B4 2 1388 1
B5 6 2584 1
B6 3 2480 1
B7 4 2671 2
B8 2 4682 1
B9 5 5386 2
B10 6 2388 2
B11 4 11631 1
B12 6 15535 2
B13 2 2548 1
B14 3 5118 2
B15 1 4199 1
B16 2 5074 1
B17 1 5638 1
B18 3 4305 1
B19 5 4701 1
B20 6 10488 1
B21 4 3808 1
B22 3 8651 1
B23 4 5252 1
B24 5 5767 1
B25 8 11158 1
B26 2 9468 1
B27 3 14070 1
B28 8 12365 1
B29 7 9924 1
B30 4 17339 1
B31 5 13153 1
B32 1 21785 1
B33 7 12586 1
B34 6 16103 1
B35 5 20698 2
B36 3 21807 2
B37 3 6397 1
B38 4 36689 1
B39 3 19734 1
B40 7 10739 1
B41 8 12008 1
B42 6 15360 1
B43 8 19370 2
B44 4 25651 1
B45 1 21710 1
B46 2 41372 1
B47 3 64510 2
B48 8 73456 2
B49 7 13741 1
B50 6 10050 1
B51 8 11894 1
B52 2 25274 1
B53 1 14477 1
B54 5 14745 1
B55 1 34360 1
B56 6 17236 1
B57 3 34319 1
B58 2 38993 1
B59 1 142710 2
B60 3 43042 2
