B1 4 7192 1
B2 5 2860 1
B3 1 2500 1
B4 2 2113 1
B5 6 2199 1
B6 3 2127 1
B7 6 4990 1
B8 2 3422 1
B9 1 1933 1
B10 3 3436 1
B11 4 5703 1
B12 5 5874 1
B13 2 1976 1
B14 6 3244 1
B15 1 1687 1
B16 2 1750 1
B17 1 3365 1
B18 3 4214 1
B19 5 2743 1
B20 5 2994 2
B21 1 2184 2
B22 3 4767 1
B23 4 3341 1
B24 5 6004 1
B25 8 4549 1
B26 2 3459 1
B27 3 3035 1
B28 3 7499 2
B29 7 3604 1
B30 4 4239 1
B31 5 6831 1
B32 1 4688 1
B33 1 5215 2
B34 8 12653 2
B35 3 12072 2
B36 1 14620 2
B37 3 3201 1
B38 4 3915 1
B39 3 5416 1
B40 7 12634 1
B41 8 6480 1
B42 3 7240 2
B43 5 10195 1
B44 4 11211 1
B45 3 20273 2
B46 2 7765 1
B47 6 12175 2
B48 4 11027 2
B49 7 4879 1
B50 6 10169 1
B51 8 8644 1
B52 6 13729 2
B53 1 8296 1
B54 5 8934 1
B55 5 9187 2
B56 8 13286 2
B57 1 11448 2
B58 7 22021 2
B59 1 15021 2
B60 7 25831 2
