B1 4 10238 1
B2 5 1820 1
B3 1 2418 1
B4 2 2146 1
B5 6 3653 1
B6 3 3749 1
B7 6 5540 1
B8 2 11855 1
B9 1 3003 1
B10 3 4306 1
B11 4 11836 1
B12 5 10008 1
B13 2 2849 1
B14 6 3487 1
B15 1 3798 1
B16 2 2370 1
B17 1 6823 1
B18 3 6817 1
B19 5 16728 1
B20 6 5912 1
B21 4 8237 1
B22 3 7799 1
B23 4 7222 1
B24 5 10573 1
B25 8 6593 1
B26 2 15266 1
B27 3 22867 1
B28 8 36094 1
B29 7 17033 1
B30 3 21948 2
B31 5 13578 1
B32 1 41544 1
B33 7 21941 1
B34 8 46342 2
B35 1 66855 1
B36 1 60143 2
B37 3 5293 1
B38 4 21759 1
B39 3 21567 1
B40 7 8802 1
B41 8 10069 1
B42 6 16824 1
B43 5 39021 1
B44 4 21359 1
B45 1 12394 1
B46 2 30819 1
B47 5 66441 1
B48 8 40287 2
B49 7 9568 1
B50 6 13466 1
B51 8 12199 1
B52 2 17860 1
B53 1 11540 1
B54 5 21853 1
B55 1 18370 1
B56 6 29639 1
B57 3 40617 1
B58 7 105847 2
B59 6 66532 2
B60 1 95343 2
