B1 4 10252 1
B2 5 2303 1
B3 1 3740 1
B4 2 2368 1
B5 6 5775 1
B6 3 3139 1
B7 6 5102 1
B8 2 2769 1
B9 1 4638 1
B10 3 3859 1
B11 4 7811 1
B12 5 5377 1
B13 2 2963 1
B14 6 4625 1
B15 1 3138 1
B16 2 3248 1
B17 1 2800 1
B18 4 4521 2
B19 5 4944 1
B20 6 4466 1
B21 4 3700 1
B22 3 4564 1
B23 4 4583 1
B24 5 20595 1
B25 8 6917 1
B26 2 6352 1
B27 3 12625 1
B28 8 11470 1
B29 7 16252 1
B30 4 17075 1
B31 5 7858 1
B32 4 9333 2
B33 7 13740 1
B34 4 17707 2
B35 5 15126 2
B36 8 28235 2
B37 3 3750 1
B38 4 6337 1
B39 3 49661 1
B40 7 6531 1
B41 8 8587 1
B42 6 6947 1
B43 5 22229 1
B44 4 21864 1
B45 1 12069 1
B46 2 52220 1
B47 5 30914 1
B48 2 9340 2
B49 7 9377 1
B50 3 16154 2
B51 2 14866 2
B52 8 22070 2
B53 7 20569 2
B54 5 19456 1
B55 7 3753 2
B56 3 1062 2
B57 8 1073 2
B58 2 918 1
B59 8 1309 2
B60 6 393 2
