B1 4 3726 1
B2 5 1851 1
B3 1 1975 1
B4 2 1653 1
B5 6 2389 1
B6 3 1981 1
B7 4 1925 2
B8 2 2491 1
B9 1 2474 1
B10 3 2376 1
B11 4 4818 1
B12 5 2537 1
B13 2 1707 1
B14 6 2507 1
B15 1 3443 1
B16 2 2105 1
B17 1 3081 1
B18 3 6768 1
B19 5 3656 1
B20 4 8234 2
B21 6 3540 2
B22 3 3624 1
B23 4 8541 1
B24 6 15492 2
B25 8 3257 1
B26 2 4511 1
B27 3 9284 1
B28 8 8201 1
B29 7 4914 1
B30 2 5924 2
B31 5 7926 1
B32 4 11373 2
B33 7 11663 1
B34 4 20704 2
B35 5 29320 2
B36 8 46737 2
B37 3 7374 1
B38 4 9258 1
B39 3 8212 1
B40 7 6845 1
B41 8 4812 1
B42 6 5145 1
B43 5 6682 1
B44 4 28040 1
B45 1 16325 1
B46 2 19247 1
B47 5 94029 1
B48 5 45009 2
B49 7 13277 1
B50 6 14294 1
B51 8 15259 1
B52 2 14413 1
B53 1 12527 1
B54 5 12565 1
B55 1 61361 1
B56 6 56276 1
B57 3 32789 1
B58 6 35618 2
B59 3 108461 2
B60 2 29426 2
