B1 6 5569 2
B2 5 2534 1
B3 1 5048 1
B4 2 2841 1
B5 6 3332 1
B6 3 2346 1
B7 6 5415 1
B8 2 4226 1
B9 1 4070 1
B10 3 5046 1
B11 4 5474 1
B12 5 15866 1
B13 2 5415 1
B14 6 7640 1
B15 1 2653 1
B16 2 5455 1
B17 1 2761 1
B18 3 3677 1
B19 5 2963 1
B20 6 3582 1
B21 4 5836 1
B22 3 2407 1
B23 6 2892 2
B24 6 5928 2
B25 8 10719 1
B26 2 4582 1
B27 3 2975 1
B28 8 5036 1
B29 7 5892 1
B30 2 4490 2
B31 5 4280 1
B32 7 15667 2
B33 7 8440 1
B34 6 7186 1
B35 1 67456 1
B36 8 23663 2
B37 3 5557 1
B38 4 61922 1
B39 3 23117 1
B40 7 11632 1
B41 8 7987 1
B42 6 19170 1
B43 2 17912 2
B44 4 45959 1
B45 1 17854 1
B46 2 79815 1
B47 5 53257 1
B48 5 34082 2
B49 7 22349 1
B50 6 125261 1
B51 8 18624 1
B52 3 52070 2
B53 8 69599 2
B54 5 33551 1
B55 1 109104 1
B56 6 39993 1
B57 3 27198 1
B58 4 186827 2
B59 1 52709 2
B60 3 172345 2
