B1 4 2687 1
B2 5 1710 1
B3 1 1895 1
B4 2 1966 1
B5 6 2597 1
B6 3 2142 1
B7 6 5664 1
B8 2 2045 1
B9 1 2868 1
B10 3 2265 1
B11 5 4481 2
B12 1 2565 2
B13 2 1413 1
B14 6 4278 1
B15 1 1872 1
B16 2 1476 1
B17 3 2654 2
B18 2 2758 2
B19 5 3954 1
B20 3 3344 2
B21 4 3238 1
B22 3 2997 1
B23 4 3749 1
B24 6 7670 2
B25 8 8377 1
B26 1 10389 2
B27 7 13769 2
B28 3 10479 2
B29 8 10287 2
B30 2 7381 2
B31 5 8389 1
B32 7 16164 2
B33 7 10242 1
B34 8 15416 2
B35 1 23856 1
B36 3 23786 2
B37 3 3095 1
B38 4 4367 1
B39 3 6256 1
B40 7 15907 1
B41 8 5982 1
B42 6 15465 1
B43 5 9628 1
B44 1 3619 2
B45 3 17822 2
B46 3 22207 2
B47 7 13094 2
B48 7 21319 2
B49 7 7331 1
B50 1 11362 2
B51 8 12177 1
B52 6 18600 2
B53 7 6267 2
B54 7 23047 2
B55 1 15057 1
B56 5 12138 2
B57 5 14340 2
B58 4 3061 2
B59 8 2471 2
B60 5 1623 1
