B1 4 3888 1
B2 5 1888 1
B3 1 3192 1
B4 2 1998 1
B5 6 5693 1
B6 3 2242 1
B7 6 3381 1
B8 2 5218 1
B9 1 2603 1
B10 3 3940 1
B11 4 6006 1
B12 5 12261 1
B13 2 2381 1
B14 6 3396 1
B15 1 2141 1
B16 2 4747 1
B17 1 3215 1
B18 3 4656 1
B19 5 2404 1
B20 6 4476 1
B21 4 2989 1
B22 3 3621 1
B23 4 10433 1
B24 2 10017 2
B25 8 4523 1
B26 2 5306 1
B27 3 11653 1
B28 8 6072 1
B29 7 5128 1
B30 4 6501 1
B31 5 5375 1
B32 1 8185 1
B33 1 7674 2
B34 4 6412 2
B35 5 24662 2
B36 2 37104 1
B37 3 3487 1
B38 4 9422 1
B39 3 7897 1
B40 7 5620 1
B41 8 11278 1
B42 7 12913 2
B43 5 5265 1
B44 6 17054 2
B45 7 7020 2
B46 2 36496 1
B47 5 38519 1
B48 8 23218 2
B49 7 8214 1
B50 6 22722 1
B51 8 15907 1
B52 2 47182 1
B53 1 7580 1
B54 5 9133 1
B55 1 16513 1
B56 6 15722 1
B57 3 14492 1
B58 6 26144 2
B59 4 22366 1
B60 1 51276 2
