B1 4 2338 1
B2 5 2726 1
B3 1 2534 1
B4 2 3150 1
B5 6 3077 1
B6 3 4199 1
B7 6 3836 1
B8 2 4462 1
B9 1 5138 1
B10 3 4279 1
B11 4 19026 1
B12 5 7175 1
B13 2 2964 1
B14 6 7113 1
B15 1 1936 1
B16 2 1829 1
B17 1 2392 1
B18 3 6884 1
B19 5 3525 1
B20 6 5252 1
B21 4 2959 1
B22 3 3758 1
B23 4 5908 1
B24 1 14084 2
B25 8 9525 1
B26 2 4736 1
B27 3 11856 1
B28 8 18543 1
B29 7 9424 1
B30 4 13137 1
B31 5 9324 1
B32 1 7440 1
B33 7 10875 1
B34 6 20095 1
B35 5 18021 2
B36 2 26373 1
B37 3 3290 1
B38 4 4510 1
B39 3 7434 1
B40 7 8818 1
B41 8 7260 1
B42 6 8965 1
B43 5 11481 1
B44 4 11524 1
B45 1 14607 1
B46 2 29715 1
B47 6 15202 2
B48 7 12615 2
B49 7 21881 1
B50 6 10776 1
B51 8 11840 1
B52 2 14441 1
B53 1 5811 1
B54 5 21298 1
B55 1 15902 1
B56 8 16963 2
B57 5 9767 2
B58 7 37571 2
B59 1 11347 2
B60 5 24379 1
