B1 4 5289 1
B2 5 3207 1
B3 1 4464 1
B4 2 3777 1
B5 6 4472 1
B6 3 2952 1
B7 6 4456 1
B8 2 4888 1
B9 1 3240 1
B10 3 3873 1
B11 4 8663 1
B12 5 7817 1
B13 2 2256 1
B14 6 10056 1
B15 1 4567 1
B16 2 5752 1
B17 1 6601 1
B18 3 5832 1
B19 5 5025 1
B20 6 8216 1
B21 4 5448 1
B22 3 7601 1
B23 4 8417 1
B24 5 7391 1
B25 8 9097 1
B26 2 9808 1
B27 3 7487 1
B28 3 12248 2
B29 7 15959 1
B30 4 15649 1
B31 5 8519 1
B32 1 14785 1
B33 7 16919 1
B34 6 31855 1
B35 1 21751 1
B36 3 18335 2
B37 3 6159 1
B38 4 7480 1
B39 3 16904 1
B40 7 9184 1
B41 8 10056 1
B42 6 24943 1
B43 5 21896 1
B44 4 10671 1
B45 1 18983 1
B46 2 89121 1
B47 5 48533 1
B48 4 82715 2
B49 7 8361 1
B50 6 11464 1
B51 8 11417 1
B52 2 9615 1
B53 1 12536 1
B54 5 19015 1
B55 1 17855 1
B56 6 10296 1
B57 3 18591 1
B58 2 27736 1
B59 4 23119 1
B60 5 52541 1
