B1 4 5857 1
B2 5 2280 1
B3 1 1814 1
B4 2 1471 1
B5 6 2709 1
B6 3 1518 1
B7 6 2506 1
B8 2 1977 1
B9 1 1776 1
B10 3 3026 1
B11 4 5017 1
B12 5 2202 1
B13 2 1534 1
B14 6 1938 1
B15 1 1793 1
B16 2 1850 1
B17 1 2312 1
B18 3 11406 1
B19 5 3942 1
B20 6 4939 1
B21 4 2980 1
B22 3 2366 1
B23 4 5999 1
B24 5 4051 1
B25 8 3301 1
B26 2 2081 1
B27 3 2072 1
B28 8 2588 1
B29 7 2203 1
B30 4 2089 1
B31 5 4009 1
B32 1 25393 1
B33 7 3412 1
B34 1 7185 2
B35 5 5904 2
B36 2 17554 1
B37 3 2680 1
B38 4 4501 1
B39 3 3687 1
B40 7 5123 1
B41 8 5174 1
B42 6 8245 1
B43 5 9200 1
B44 5 5354 2
B45 1 9322 1
B46 2 17273 1
B47 5 3135 1
B48 5 49459 2
B49 7 3871 1
B50 6 20517 1
B51 2 2893 2
B52 2 4912 1
B53 1 9569 1
B54 5 12738 1
B55 5 22018 2
B56 6 7458 1
B57 1 34510 2
B58 6 61542 2
B59 7 61006 2
B60 4 3295 2
