B1 4 3532 1
B2 5 3254 1
B3 1 4286 1
B4 2 2260 1
B5 6 2665 1
B6 3 2326 1
B7 6 4499 1
B8 2 3765 1
B9 1 2583 1
B10 3 2456 1
B11 3 4099 2
B12 3 2883 2
B13 2 1864 1
B14 5 7415 2
B15 1 4131 1
B16 2 2010 1
B17 1 4499 1
B18 3 4614 1
B19 6 4641 2
B20 6 6232 1
B21 6 3909 2
B22 2 256 2
B23 2 26 2
B24 5 57 1
B25 7 52 2
B26 6 225 2
B27 5 73 2
B28 2 165 2
B29 6 6258 2
B30 4 5433 1
B31 5 4497 1
B32 5 5633 2
B33 1 6264 2
B34 1 10767 2
B35 1 12589 1
B36 3 9830 2
B37 3 2258 1
B38 4 3534 1
B39 3 8787 1
B40 7 5011 1
B41 3 2194 2
B42 8 110 2
B43 7 73 2
B44 3 119 2
B45 6 84 2
B46 7 745 2
B47 5 54 1
B48 4 354 2
B49 6 55 2
B50 3 3442 2
B51 2 7440 2
B52 2 6592 1
B53 1 3627 1
B54 5 20839 1
B55 5 1804 2
B56 5 278 2
B57 6 572 2
B58 8 3857 2
B59 7 23 2
B60 2 204 2
