B1 4 8028 1
B2 5 4232 1
B3 1 1914 1
B4 2 2528 1
B5 6 3053 1
B6 3 4926 1
B7 6 3991 1
B8 2 3559 1
B9 1 4551 1
B10 3 5393 1
B11 4 7473 1
B12 5 5725 1
B13 2 2192 1
B14 6 7003 1
B15 1 2395 1
B16 2 1908 1
B17 1 2638 1
B18 4 7272 2
B19 1 5352 2
B20 5 4243 2
B21 1 1814 2
B22 3 3610 1
B23 4 4114 1
B24 5 11199 1
B25 8 2786 1
B26 3 2720 2
B27 4 962 2
B28 4 226 2
B29 8 102 2
B30 8 137 2
B31 8 48 2
B32 2 53 2
B33 7 39 1
B34 7 58 2
B35 5 13 2
B36 4 538 2
B37 3 70 1
B38 7 235 2
B39 8 12 2
B40 8 106 2
B41 4 369 2
B42 5 14 2
B43 5 31 1
B44 4 12 1
B45 2 576 2
B46 7 53 2
B47 1 175 2
B48 7 226 2
B49 7 112 1
B50 7 107 2
B51 4 6 2
B52 5 135 2
B53 7 94 2
B54 3 173 2
B55 7 650 2
B56 4 419 2
B57 7 42 2
B58 3 195 2
B59 7 121 2
B60 4 307 2
