B1 4 3113 1
B2 5 2252 1
B3 1 2314 1
B4 3 2081 2
B5 6 2103 1
B6 3 3161 1
B7 6 3557 1
B8 2 3018 1
B9 1 3659 1
B10 3 5116 1
B11 1 2355 2
B12 5 11155 1
B13 2 3746 1
B14 6 3531 1
B15 1 3187 1
B16 2 3201 1
B17 1 2868 1
B18 3 2486 1
B19 5 8797 1
B20 4 4747 2
B21 4 6088 1
B22 3 3505 1
B23 4 5348 1
B24 5 25185 1
B25 8 10840 1
B26 2 7459 1
B27 3 42044 1
B28 8 26465 1
B29 7 7039 1
B30 4 16677 1
B31 5 5678 1
B32 1 28838 1
B33 7 7873 1
B34 6 32641 1
B35 1 46384 1
B36 2 29533 1
B37 3 7506 1
B38 4 10015 1
B39 3 12744 1
B40 7 6181 1
B41 8 7988 1
B42 6 12680 1
B43 5 20204 1
B44 4 18239 1
B45 1 21950 1
B46 2 117675 1
B47 3 22376 2
B48 6 51443 1
B49 7 10721 1
B50 6 25630 1
B51 8 14926 1
B52 2 32785 1
B53 1 98435 1
B54 5 20231 1
B55 1 43362 1
B56 7 51837 2
B57 3 20832 1
B58 7 180924 2
B59 3 17521 2
B60 2 29015 2
