B1 4 2954 1
B2 5 2205 1
B3 1 3372 1
B4 2 4800 1
B5 6 2595 1
B6 3 2642 1
B7 6 3090 1
B8 2 4351 1
B9 1 5400 1
B10 3 4075 1
B11 4 10031 1
B12 1 11386 2
B13 2 2788 1
B14 6 6956 1
B15 1 2756 1
B16 2 4901 1
B17 1 5086 1
B18 3 3430 1
B19 5 6755 1
B20 3 5068 2
B21 4 7882 1
B22 3 7930 1
B23 4 3379 1
B24 5 4036 1
B25 8 5232 1
B26 2 8267 1
B27 3 9142 1
B28 8 11301 1
B29 7 4473 1
B30 4 17614 1
B31 5 5766 1
B32 4 32806 2
B33 1 6057 2
B34 6 19120 1
B35 5 47021 2
B36 3 8589 2
B37 3 6935 1
B38 4 5464 1
B39 3 5713 1
B40 7 7508 1
B41 8 10358 1
B42 6 9533 1
B43 5 11588 1
B44 4 15029 1
B45 2 19888 2
B46 2 61410 1
B47 3 51916 2
B48 8 36209 2
B49 3 9238 2
B50 6 12447 1
B51 8 7871 1
B52 2 8600 1
B53 1 14831 1
B54 5 20413 1
B55 3 74218 2
B56 6 12769 1
B57 3 26770 1
B58 2 32403 1
B59 4 34116 1
B60 5 62781 1
