B1 4 3786 1
B2 5 1722 1
B3 1 3531 1
B4 2 3086 1
B5 6 3219 1
B6 3 2974 1
B7 6 3858 1
B8 2 3721 1
B9 1 4201 1
B10 3 5590 1
B11 4 7775 1
B12 5 7198 1
B13 2 1862 1
B14 6 7534 1
B15 1 4433 1
B16 2 4280 1
B17 1 4693 1
B18 3 5013 1
B19 5 4979 1
B20 6 5608 1
B21 4 3409 1
B22 3 5587 1
B23 4 4071 1
B24 5 11205 1
B25 8 6985 1
B26 2 5217 1
B27 3 8980 1
B28 8 10788 1
B29 7 20392 1
B30 4 8051 1
B31 5 5612 1
B32 1 25537 1
B33 7 12963 1
B34 6 32375 1
B35 1 23036 1
B36 2 33436 1
B37 3 2597 1
B38 4 7117 1
B39 3 10144 1
B40 7 9256 1
B41 8 4923 1
B42 6 11566 1
B43 5 10330 1
B44 1 14409 2
B45 1 15943 1
B46 2 58898 1
B47 5 28359 1
B48 6 101567 1
B49 7 9729 1
B50 6 33523 1
B51 8 8202 1
B52 2 13130 1
B53 1 7876 1
B54 5 21390 1
B55 1 68347 1
B56 6 34314 1
B57 3 17037 1
B58 2 45508 1
B59 2 26278 2
B60 5 96192 1
