B1 4 8117 1
B2 5 2494 1
B3 1 2500 1
B4 2 2235 1
B5 6 5426 1
B6 3 3212 1
B7 6 6044 1
B8 6 5661 2
B9 1 7179 1
B10 3 2671 1
B11 4 5550 1
B12 1 3328 2
B13 2 1759 1
B14 6 5061 1
B15 1 2538 1
B16 2 2693 1
B17 1 3889 1
B18 3 4343 1
B19 5 6593 1
B20 6 5503 1
B21 6 4842 2
B22 3 6073 1
B23 6 2928 2
B24 6 4714 2
B25 8 9022 1
B26 2 8108 1
B27 3 7657 1
B28 8 15511 1
B29 7 28974 1
B30 4 12842 1
B31 5 6216 1
B32 1 54029 1
B33 1 11359 2
B34 6 13604 1
B35 5 37065 2
B36 3 29278 2
B37 3 2515 1
B38 4 3670 1
B39 3 4711 1
B40 7 9919 1
B41 8 9953 1
B42 6 24106 1
B43 5 9607 1
B44 4 59230 1
B45 1 23347 1
B46 5 52998 2
B47 5 70206 1
B48 3 117029 2
B49 7 9170 1
B50 6 46861 1
B51 8 14128 1
B52 2 13168 1
B53 3 10052 2
B54 4 78000 2
B55 1 30266 1
B56 6 10101 1
B57 3 12490 1
B58 4 63757 2
B59 7 70683 2
B60 1 107093 2
