B1 4 4770 1
B2 5 2243 1
B3 1 7517 1
B4 2 3463 1
B5 6 3912 1
B6 3 5164 1
B7 6 6636 1
B8 2 4523 1
B9 1 4612 1
B10 3 4910 1
B11 1 7002 2
B12 4 6910 2
B13 2 2692 1
B14 6 3371 1
B15 1 10486 1
B16 2 9275 1
B17 5 2910 2
B18 3 6294 1
B19 6 4103 2
B20 6 5971 1
B21 4 2707 1
B22 3 3601 1
B23 4 2782 1
B24 3 15211 2
B25 8 12134 1
B26 3 3918 2
B27 3 8283 1
B28 4 13039 2
B29 7 4910 1
B30 7 1999 2
B31 7 4671 2
B32 7 14108 2
B33 1 12304 2
B34 6 1802 1
B35 1 31804 1
B36 4 1255 2
B37 3 2839 1
B38 4 5673 1
B39 4 3566 2
B40 7 10402 1
B41 8 6565 1
B42 6 7612 1
B43 2 9261 2
B44 7 8325 2
B45 4 1658 2
B46 7 305 2
B47 3 135 2
B48 8 33 2
B49 7 8880 1
B50 6 6166 1
B51 4 4418 2
B52 5 33211 2
B53 1 14036 1
B54 5 7136 1
B55 4 18037 2
B56 5 2925 2
B57 7 3204 2
B58 6 1383 2
B59 6 240 2
B60 5 105 1
