B1 4 4678 1
B2 5 2593 1
B3 1 3088 1
B4 2 1856 1
B5 6 3801 1
B6 3 3919 1
B7 6 6051 1
B8 2 7020 1
B9 1 4796 1
B10 3 5654 1
B11 1 4786 2
B12 5 6207 1
B13 2 2390 1
B14 6 3308 1
B15 1 2431 1
B16 2 2490 1
B17 5 2919 2
B18 3 6172 1
B19 1 2123 2
B20 4 3418 2
B21 4 10619 1
B22 3 4071 1
B23 4 4397 1
B24 6 9196 2
B25 8 3952 1
B26 2 3308 1
B27 3 4833 1
B28 8 12260 1
B29 7 12598 1
B30 4 9725 1
B31 5 10585 1
B32 7 23924 2
B33 1 17722 2
B34 8 17721 2
B35 1 30963 1
B36 3 43807 2
B37 3 3880 1
B38 4 7822 1
B39 3 6350 1
B40 7 5867 1
B41 8 31550 1
B42 5 12525 2
B43 5 10682 1
B44 4 12583 1
B45 1 70625 1
B46 5 12816 2
B47 8 11196 2
B48 7 5151 2
B49 7 11100 1
B50 7 14914 2
B51 5 9278 2
B52 4 17346 2
B53 7 6432 2
B54 2 13139 2
B55 5 21308 2
B56 8 12976 2
B57 8 22162 2
B58 4 7270 2
B59 6 8602 2
B60 7 35658 2
