B1 4 2391 1
B2 5 1532 1
B3 3 2543 2
B4 2 1857 1
B5 6 1942 1
B6 3 2151 1
B7 6 3673 1
B8 2 2468 1
B9 1 3416 1
B10 3 3079 1
B11 1 7253 2
B12 5 26829 1
B13 2 2984 1
B14 6 3454 1
B15 1 3043 1
B16 2 3902 1
B17 1 3435 1
B18 3 4303 1
B19 5 4549 1
B20 6 4968 1
B21 4 3375 1
B22 3 5277 1
B23 2 8084 2
B24 5 17396 1
B25 8 5155 1
B26 2 21940 1
B27 3 37754 1
B28 8 68859 1
B29 4 17073 2
B30 8 19959 2
B31 5 19214 1
B32 1 13451 1
B33 1 144880 2
B34 8 23387 2
B35 6 129483 2
B36 2 32984 1
B37 3 3118 1
B38 4 5728 1
B39 3 4847 1
B40 7 13123 1
B41 8 8499 1
B42 6 14888 1
B43 5 15174 1
B44 4 7974 1
B45 1 19942 1
B46 2 76716 1
B47 3 20095 2
B48 8 82996 2
B49 1 4106 2
B50 6 17380 1
B51 8 10268 1
B52 7 35472 2
B53 1 13000 1
B54 8 46729 2
B55 3 29354 2
B56 2 20829 2
B57 4 22462 2
B58 7 27739 2
B59 7 15830 2
B60 7 330 2
