B1 4 8609 1
B2 5 2056 1
B3 1 3667 1
B4 2 1636 1
B5 6 2540 1
B6 3 3746 1
B7 6 6630 1
B8 2 2352 1
B9 1 3071 1
B10 3 4091 1
B11 4 5234 1
B12 5 8748 1
B13 2 1913 1
B14 6 4603 1
B15 1 1916 1
B16 2 1836 1
B17 1 4159 1
B18 3 3423 1
B19 6 3318 2
B20 6 4837 1
B21 4 3598 1
B22 3 3929 1
B23 4 3807 1
B24 6 9236 2
B25 8 4729 1
B26 3 6093 2
B27 3 7446 1
B28 8 5834 1
B29 7 8020 1
B30 4 11984 1
B31 5 5777 1
B32 1 17551 1
B33 7 16196 1
B34 6 14707 1
B35 1 17584 1
B36 1 24323 2
B37 3 5361 1
B38 4 4794 1
B39 3 5449 1
B40 7 9665 1
B41 8 7473 1
B42 6 12650 1
B43 5 19295 1
B44 4 9948 1
B45 1 15056 1
B46 2 21074 1
B47 5 16769 1
B48 7 22457 2
B49 7 32004 1
B50 6 17029 1
B51 8 11560 1
B52 3 14649 2
B53 1 11551 1
B54 5 12549 1
B55 5 47376 2
B56 5 24882 2
B57 3 32434 1
B58 4 42896 2
B59 8 33772 2
B60 1 84714 2
