B1 6 13295 2
B2 5 7165 1
B3 1 7563 1
B4 2 3310 1
B5 6 3761 1
B6 3 4892 1
B7 6 5639 1
B8 2 4265 1
B9 1 5759 1
B10 3 8993 1
B11 5 26239 2
B12 3 14944 2
B13 2 5772 1
B14 6 23563 1
B15 1 3830 1
B16 2 11343 1
B17 1 6465 1
B18 3 28639 1
B19 5 9207 1
B20 6 9821 1
B21 4 6312 1
B22 3 9220 1
B23 4 13554 1
B24 5 5462 1
B25 8 10716 1
B26 2 12781 1
B27 3 24022 1
B28 8 41193 1
B29 7 27010 1
B30 4 6971 1
B31 5 14795 1
B32 1 36788 1
B33 7 27709 1
B34 4 61970 2
B35 1 39871 1
B36 3 28352 2
B37 3 6641 1
B38 4 26167 1
B39 3 26088 1
B40 7 6561 1
B41 8 11456 1
B42 6 35555 1
B43 5 155595 1
B44 4 26153 1
B45 1 51741 1
B46 4 239151 2
B47 5 205358 1
B48 6 51656 1
B49 7 16211 1
B50 6 42447 1
B51 8 13822 1
B52 2 17628 1
B53 1 13931 1
B54 7 122167 2
B55 1 108375 1
B56 6 98576 1
B57 3 81188 1
B58 1 24491 2
B59 1 4466 2
B60 1 234 2
