B1 4 5133 1
B2 5 2708 1
B3 1 3209 1
B4 2 2361 1
B5 6 2572 1
B6 3 2390 1
B7 3 6088 2
B8 1 6366 2
B9 1 2801 1
B10 5 6787 2
B11 5 2573 2
B12 5 7620 1
B13 2 2709 1
B14 6 3784 1
B15 1 2616 1
B16 2 1933 1
B17 1 3200 1
B18 3 3276 1
B19 5 6130 1
B20 3 22102 2
B21 4 2827 1
B22 3 4247 1
B23 4 5901 1
B24 5 13311 1
B25 8 7551 1
B26 2 6234 1
B27 3 9161 1
B28 8 5507 1
B29 7 3623 1
B30 1 7378 2
B31 5 6974 1
B32 4 21734 2
B33 1 5675 2
B34 4 23081 2
B35 5 18948 2
B36 3 16285 2
B37 3 2433 1
B38 4 4622 1
B39 3 6106 1
B40 7 4299 1
B41 8 6873 1
B42 6 5552 1
B43 5 15427 1
B44 4 14815 1
B45 1 16702 1
B46 4 20273 2
B47 3 5154 2
B48 5 16894 2
B49 7 5826 1
B50 6 16341 1
B51 8 7549 1
B52 4 7003 2
B53 7 17822 2
B54 2 9323 2
B55 6 15541 2
B56 5 10958 2
B57 5 13348 2
B58 1 22524 2
B59 7 14655 2
B60 7 8384 2
