B1 6 5564 2
B2 5 2205 1
B3 1 3474 1
B4 2 3130 1
B5 6 3169 1
B6 3 3701 1
B7 6 3557 1
B8 1 4253 2
B9 1 3597 1
B10 3 5024 1
B11 4 6672 1
B12 3 6566 2
B13 2 3170 1
B14 3 4416 2
B15 1 3179 1
B16 2 3511 1
B17 1 4437 1
B18 3 6556 1
B19 5 5723 1
B20 6 5017 1
B21 4 4835 1
B22 3 5765 1
B23 4 5083 1
B24 3 4263 2
B25 8 9869 1
B26 2 4675 1
B27 3 5714 1
B28 4 10822 2
B29 4 8674 2
B30 1 5463 2
B31 4 6323 2
B32 1 11041 1
B33 7 10093 1
B34 1 11101 2
B35 3 10207 2
B36 5 8363 2
B37 3 6285 1
B38 4 5876 1
B39 3 7450 1
B40 3 9239 2
B41 2 9370 2
B42 1 11341 2
B43 8 8777 2
B44 4 6222 1
B45 8 10966 2
B46 7 16074 2
B47 7 15033 2
B48 7 10358 2
B49 3 10676 2
B50 6 15608 1
B51 2 15836 2
B52 5 6115 2
B53 1 10271 1
B54 1 13017 2
B55 8 18895 2
B56 6 10815 1
B57 1 10965 2
B58 5 14799 2
B59 1 9740 2
B60 2 18126 2
