B1 4 13695 1
B2 5 2604 1
B3 1 2210 1
B4 2 3297 1
B5 6 3216 1
B6 3 3258 1
B7 6 4186 1
B8 2 5189 1
B9 1 6456 1
B10 3 7416 1
B11 4 11315 1
B12 5 10975 1
B13 2 3775 1
B14 6 8640 1
B15 1 1658 1
B16 2 1605 1
B17 1 4028 1
B18 3 7029 1
B19 5 3020 1
B20 6 8573 1
B21 4 4132 1
B22 3 5264 1
B23 4 8198 1
B24 5 14122 1
B25 8 5342 1
B26 2 5208 1
B27 3 10645 1
B28 8 19895 1
B29 7 7976 1
B30 2 7016 2
B31 5 10899 1
B32 1 27168 1
B33 1 8783 2
B34 8 21673 2
B35 1 48434 1
B36 5 26457 2
B37 3 2930 1
B38 4 18578 1
B39 3 8238 1
B40 7 11389 1
B41 8 9542 1
B42 6 11324 1
B43 5 12949 1
B44 4 28869 1
B45 1 9752 1
B46 2 41068 1
B47 7 386895 2
B48 6 58616 1
B49 7 10629 1
B50 6 44009 1
B51 8 11957 1
B52 2 41941 1
B53 1 16149 1
B54 5 24722 1
B55 1 42135 1
B56 6 81639 1
B57 3 55256 1
B58 2 74617 1
B59 6 112440 2
B60 2 134094 2
