B1 6 3802 2
B2 5 2260 1
B3 1 3516 1
B4 2 2504 1
B5 6 3454 1
B6 3 3228 1
B7 4 2560 2
B8 2 2651 1
B9 1 3839 1
B10 3 4440 1
B11 4 7400 1
B12 6 12121 2
B13 2 5016 1
B14 6 6899 1
B15 1 3245 1
B16 2 3669 1
B17 1 6417 1
B18 3 5823 1
B19 5 9929 1
B20 6 6841 1
B21 4 5006 1
B22 3 5816 1
B23 4 5507 1
B24 5 29251 1
B25 8 7711 1
B26 2 7458 1
B27 3 10233 1
B28 8 23636 1
B29 7 18883 1
B30 4 19413 1
B31 5 17237 1
B32 1 63634 1
B33 7 23715 1
B34 8 59595 2
B35 5 41279 2
B36 3 27787 2
B37 3 6133 1
B38 4 15672 1
B39 6 23710 2
B40 7 11238 1
B41 8 14002 1
B42 6 24540 1
B43 5 36447 1
B44 5 47776 2
B45 1 21759 1
B46 2 94630 1
B47 5 121685 1
B48 7 116292 2
B49 7 13915 1
B50 6 28219 1
B51 8 36646 1
B52 2 92393 1
B53 1 20313 1
B54 5 46104 1
B55 1 119156 1
B56 1 39372 2
B57 7 105322 2
B58 3 13730 2
B59 7 33355 2
B60 8 956 2
