B1 4 2980 1
B2 5 1998 1
B3 1 2281 1
B4 2 1715 1
B5 6 2740 1
B6 3 2362 1
B7 6 3269 1
B8 2 2021 1
B9 1 2121 1
B10 3 2528 1
B11 5 3222 2
B12 5 4897 1
B13 2 1728 1
B14 6 3542 1
B15 1 2310 1
B16 2 2180 1
B17 1 2789 1
B18 3 4430 1
B19 5 2808 1
B20 6 3748 1
B21 4 3771 1
B22 3 3168 1
B23 4 4184 1
B24 6 9636 2
B25 8 5500 1
B26 2 3083 1
B27 3 3649 1
B28 8 7672 1
B29 7 3284 1
B30 2 2567 2
B31 5 4084 1
B32 1 3463 1
B33 7 8513 1
B34 4 3067 2
B35 1 8804 1
B36 3 13015 2
B37 3 3155 1
B38 8 8507 2
B39 3 5878 1
B40 7 6105 1
B41 8 6013 1
B42 6 6337 1
B43 4 8215 2
B44 1 4339 2
B45 6 5748 2
B46 5 6735 2
B47 6 2790 2
B48 7 1302 2
B49 3 4210 2
B50 8 5625 2
B51 3 4121 2
B52 3 3495 2
B53 3 3446 2
B54 7 5583 2
B55 4 7456 2
B56 8 4137 2
B57 5 4418 2
B58 7 3397 2
B59 8 5080 2
B60 3 3690 2
