B1 4 2591 1
B2 5 1455 1
B3 1 3735 1
B4 2 1842 1
B5 6 1795 1
B6 3 1798 1
B7 6 5313 1
B8 2 3015 1
B9 1 3063 1
B10 3 3287 1
B11 5 7870 2
B12 5 3810 1
B13 2 2310 1
B14 6 3454 1
B15 1 2089 1
B16 2 2949 1
B17 1 2909 1
B18 3 3532 1
B19 5 2236 1
B20 4 1992 2
B21 1 2053 2
B22 2 2068 2
B23 4 5192 1
B24 5 10553 1
B25 8 3561 1
B26 2 2574 1
B27 3 6577 1
B28 8 6442 1
B29 7 3739 1
B30 4 9781 1
B31 5 5414 1
B32 1 14092 1
B33 6 10181 2
B34 6 24962 1
B35 1 32169 1
B36 3 16881 2
B37 3 1871 1
B38 4 5144 1
B39 3 3946 1
B40 7 5649 1
B41 8 7431 1
B42 6 10718 1
B43 5 13228 1
B44 4 19064 1
B45 1 23942 1
B46 2 18236 1
B47 7 10404 2
B48 7 12605 2
B49 7 7732 1
B50 6 10464 1
B51 8 7547 1
B52 8 34826 2
B53 1 8280 1
B54 5 31426 1
B55 4 17963 2
B56 2 41517 2
B57 4 19777 2
B58 6 20735 2
B59 7 59348 2
B60 5 46141 1
