B1 4 5651 1
B2 5 2507 1
B3 1 5676 1
B4 2 5098 1
B5 6 5172 1
B6 3 4389 1
B7 6 5585 1
B8 2 7287 1
B9 1 8832 1
B10 3 8281 1
B11 4 7390 1
B12 3 9432 2
B13 2 4163 1
B14 6 8894 1
B15 1 2650 1
B16 2 4786 1
B17 1 5122 1
B18 3 5872 1
B19 5 5022 1
B20 2 8248 2
B21 4 7129 1
B22 3 4608 1
B23 4 5118 1
B24 5 4616 1
B25 8 6923 1
B26 2 7276 1
B27 3 16562 1
B28 8 15111 1
B29 7 16182 1
B30 2 37872 2
B31 5 11083 1
B32 4 40536 2
B33 7 14056 1
B34 6 28544 1
B35 1 15333 1
B36 2 22216 1
B37 3 7302 1
B38 4 7708 1
B39 3 10551 1
B40 7 7569 1
B41 8 11761 1
B42 6 14453 1
B43 5 14693 1
B44 1 11904 2
B45 1 19207 1
B46 5 18216 2
B47 5 52564 1
B48 6 47463 1
B49 7 13956 1
B50 6 15293 1
B51 8 12927 1
B52 2 21449 1
B53 1 9104 1
B54 5 21659 1
B55 4 39214 2
B56 6 22363 1
B57 7 51322 2
B58 6 27486 2
B59 3 57149 2
B60 7 59949 2
