B1 4 2668 1
B2 5 1421 1
B3 2 2877 2
B4 3 1882 2
B5 6 3224 1
B6 3 2561 1
B7 6 4329 1
B8 2 4685 1
B9 1 5413 1
B10 3 3385 1
B11 4 6299 1
B12 5 4029 1
B13 2 3919 1
B14 6 6901 1
B15 1 3845 1
B16 2 2613 1
B17 1 3573 1
B18 3 4225 1
B19 5 4594 1
B20 6 7255 1
B21 4 3531 1
B22 3 4265 1
B23 4 5271 1
B24 5 27393 1
B25 8 6566 1
B26 2 6260 1
B27 3 6414 1
B28 8 12683 1
B29 7 8580 1
B30 4 10199 1
B31 5 7497 1
B32 1 21430 1
B33 7 12008 1
B34 6 28996 1
B35 2 36626 2
B36 3 31125 2
B37 3 6217 1
B38 4 16838 1
B39 3 6925 1
B40 7 12596 1
B41 8 6437 1
B42 6 18642 1
B43 5 15435 1
B44 4 9094 1
B45 1 26110 1
B46 2 64005 1
B47 5 42629 1
B48 5 43539 2
B49 7 28640 1
B50 6 18094 1
B51 8 14517 1
B52 3 26573 2
B53 1 57574 1
B54 5 23867 1
B55 1 36447 1
B56 6 38501 1
B57 3 82291 1
B58 5 69099 2
B59 7 42966 2
B60 3 21002 2
