B1 6 6234 2
B2 5 2609 1
B3 1 4298 1
B4 2 2153 1
B5 6 3519 1
B6 3 2440 1
B7 6 4230 1
B8 2 3090 1
B9 1 2697 1
B10 3 3417 1
B11 4 4731 1
B12 6 4367 2
B13 2 2283 1
B14 6 3782 1
B15 1 3716 1
B16 2 1900 1
B17 1 2916 1
B18 3 3563 1
B19 1 5342 2
B20 5 4499 2
B21 4 7187 1
B22 3 3727 1
B23 4 5410 1
B24 5 5899 1
B25 8 3917 1
B26 2 3542 1
B27 3 7394 1
B28 3 5309 2
B29 4 13090 2
B30 4 3303 1
B31 5 7385 1
B32 4 12964 2
B33 6 19077 2
B34 4 7872 2
B35 1 20502 1
B36 3 12655 2
B37 3 3347 1
B38 4 3697 1
B39 3 6884 1
B40 2 8756 2
B41 2 8289 2
B42 6 11432 1
B43 5 9749 1
B44 5 6848 2
B45 3 8908 2
B46 7 17209 2
B47 3 19214 2
B48 8 12759 2
B49 7 17036 1
B50 6 6933 1
B51 2 17258 2
B52 3 4437 2
B53 3 7048 2
B54 5 10472 1
B55 1 8326 1
B56 8 17680 2
B57 5 11879 2
B58 1 15531 2
B59 7 36001 2
B60 8 19535 2
