B1 4 15315 1
B2 5 2513 1
B3 1 3532 1
B4 2 2999 1
B5 6 3808 1
B6 3 4059 1
B7 6 10626 1
B8 2 6007 1
B9 1 5050 1
B10 3 5459 1
B11 4 10519 1
B12 5 9238 1
B13 2 2583 1
B14 6 2640 1
B15 1 2032 1
B16 2 1825 1
B17 1 3181 1
B18 3 6380 1
B19 5 3482 1
B20 6 4088 1
B21 4 4184 1
B22 3 2699 1
B23 4 2849 1
B24 5 7357 1
B25 8 7405 1
B26 2 5512 1
B27 3 6693 1
B28 8 12659 1
B29 7 13283 1
B30 4 13639 1
B31 5 9878 1
B32 1 15755 1
B33 7 9155 1
B34 6 12212 1
B35 1 16028 1
B36 2 8547 1
B37 3 2786 1
B38 4 6543 1
B39 3 6488 1
B40 7 9727 1
B41 8 7189 1
B42 6 9774 1
B43 5 4965 1
B44 4 7058 1
B45 1 32028 1
B46 5 52294 2
B47 2 46837 2
B48 2 11069 2
B49 3 5837 2
B50 6 7475 1
B51 8 5768 1
B52 2 7896 1
B53 1 7603 1
B54 5 13668 1
B55 1 9444 1
B56 6 10430 1
B57 4 14658 2
B58 6 25268 2
B59 4 29687 1
B60 3 27572 2
