B1 4 4039 1
B2 5 2523 1
B3 1 3624 1
B4 2 2107 1
B5 6 3152 1
B6 3 2380 1
B7 6 4699 1
B8 2 2625 1
B9 1 2986 1
B10 3 4629 1
B11 4 3684 1
B12 3 4651 2
B13 2 4061 1
B14 6 3387 1
B15 1 2265 1
B16 2 3167 1
B17 1 3574 1
B18 3 5060 1
B19 5 2596 1
B20 6 6773 1
B21 4 2575 1
B22 3 2762 1
B23 4 2694 1
B24 5 15966 1
B25 8 3878 1
B26 2 3340 1
B27 3 17830 1
B28 8 10414 1
B29 7 3550 1
B30 4 7717 1
B31 5 5672 1
B32 3 20313 2
B33 7 5777 1
B34 6 18340 1
B35 1 10823 1
B36 3 14641 2
B37 3 2223 1
B38 4 8825 1
B39 3 5038 1
B40 2 9153 2
B41 8 5872 1
B42 7 24998 2
B43 5 15459 1
B44 4 7312 1
B45 1 9619 1
B46 2 26146 1
B47 6 45275 2
B48 3 9350 2
B49 7 6246 1
B50 6 15537 1
B51 8 7009 1
B52 2 5345 1
B53 1 3112 1
B54 6 20061 2
B55 1 26881 1
B56 6 20576 1
B57 2 30190 2
B58 3 16058 2
B59 3 29785 2
B60 3 19067 2
