B1 4 3673 1
B2 5 2929 1
B3 1 6007 1
B4 2 2734 1
B5 6 2905 1
B6 3 2577 1
B7 4 2670 2
B8 2 1879 1
B9 1 5933 1
B10 3 3794 1
B11 4 7144 1
B12 2 6465 2
B13 2 4000 1
B14 6 6852 1
B15 1 2699 1
B16 2 2271 1
B17 1 4681 1
B18 3 5209 1
B19 5 3200 1
B20 6 10017 1
B21 4 3936 1
B22 3 6017 1
B23 4 4298 1
B24 5 16489 1
B25 2 5682 2
B26 2 4530 1
B27 3 6719 1
B28 8 6798 1
B29 7 9190 1
B30 1 5930 2
B31 5 5674 1
B32 1 19554 1
B33 1 6434 2
B34 8 24283 2
B35 5 29156 2
B36 4 16254 2
B37 3 2719 1
B38 4 7000 1
B39 3 7280 1
B40 7 4800 1
B41 8 24199 1
B42 6 8921 1
B43 5 12349 1
B44 4 13369 1
B45 3 9114 2
B46 2 12184 1
B47 7 40409 2
B48 4 29706 2
B49 7 6176 1
B50 6 13619 1
B51 2 8019 2
B52 6 5733 2
B53 1 14873 1
B54 4 11197 2
B55 2 5912 2
B56 2 7888 2
B57 2 4940 2
B58 7 12659 2
B59 5 12588 2
B60 1 9034 2
