B1 4 3079 1
B2 5 1538 1
B3 1 2085 1
B4 2 2992 1
B5 6 2468 1
B6 3 1976 1
B7 6 2302 1
B8 2 1945 1
B9 1 3769 1
B10 3 3116 1
B11 4 7926 1
B12 1 5575 2
B13 2 2547 1
B14 6 3006 1
B15 1 2334 1
B16 2 1926 1
B17 1 4399 1
B18 3 4168 1
B19 5 3529 1
B20 6 6300 1
B21 4 3128 1
B22 3 6252 1
B23 6 4346 2
B24 6 5047 2
B25 8 7808 1
B26 7 13016 2
B27 3 15324 1
B28 8 13519 1
B29 7 23494 1
B30 4 14589 1
B31 5 7658 1
B32 6 60966 2
B33 7 16963 1
B34 8 32404 2
B35 1 42429 1
B36 5 21693 2
B37 3 2931 1
B38 4 12669 1
B39 3 19735 1
B40 7 9318 1
B41 8 10761 1
B42 6 15662 1
B43 5 23873 1
B44 4 21135 1
B45 1 27000 1
B46 2 149308 1
B47 5 118655 1
B48 6 191975 1
B49 7 8447 1
B50 6 121880 1
B51 8 7113 1
B52 2 17794 1
B53 1 15457 1
B54 5 25028 1
B55 1 40968 1
B56 6 17777 1
B57 3 25509 1
B58 2 142179 1
B59 7 78183 2
B60 5 113413 1
