B1 4 19293 1
B2 5 6097 1
B3 1 3354 1
B4 2 4596 1
B5 6 6498 1
B6 3 5746 1
B7 6 4386 1
B8 2 9264 1
B9 1 6748 1
B10 3 5545 1
B11 4 28502 1
B12 1 7595 2
B13 2 12837 1
B14 6 8499 1
B15 1 2694 1
B16 2 3434 1
B17 1 3919 1
B18 3 7033 1
B19 4 8742 2
B20 6 10201 1
B21 4 5296 1
B22 3 6043 1
B23 4 3678 1
B24 5 64344 1
B25 8 11984 1
B26 2 9269 1
B27 3 12493 1
B28 8 12188 1
B29 7 13957 1
B30 1 52582 2
B31 5 11389 1
B32 7 47804 2
B33 7 16936 1
B34 8 37529 2
B35 1 154464 1
B36 4 142812 2
B37 3 4642 1
B38 4 6271 1
B39 3 15341 1
B40 7 8338 1
B41 8 11607 1
B42 6 19334 1
B43 5 15145 1
B44 4 16200 1
B45 5 52102 2
B46 2 27749 1
B47 6 52832 2
B48 8 26133 2
B49 8 938 2
B50 8 243 2
B51 8 84 1
B52 8 49 2
B53 8 34 2
B54 8 114 2
B55 8 155 2
B56 8 101 2
B57 8 35 2
B58 8 52 2
B59 8 427 2
B60 8 58 2
