B1 4 2671 1
B2 5 2096 1
B3 1 2275 1
B4 2 1181 1
B5 6 2447 1
B6 3 1648 1
B7 6 2785 1
B8 2 3462 1
B9 1 2682 1
B10 3 2618 1
B11 1 3024 2
B12 3 8880 2
B13 2 1649 1
B14 6 2685 1
B15 1 1636 1
B16 2 1837 1
B17 1 3505 1
B18 3 3544 1
B19 5 2132 1
B20 6 5196 1
B21 4 2833 1
B22 3 3663 1
B23 4 4533 1
B24 5 7787 1
B25 8 3339 1
B26 2 1959 1
B27 3 4607 1
B28 4 5788 2
B29 7 8095 1
B30 4 10757 1
B31 5 4661 1
B32 1 6264 1
B33 7 5785 1
B34 8 15202 2
B35 1 14298 1
B36 3 9581 2
B37 3 1884 1
B38 4 3891 1
B39 4 3196 2
B40 7 4911 1
B41 8 6093 1
B42 6 5098 1
B43 4 6241 2
B44 4 8889 1
B45 1 5956 1
B46 2 14092 1
B47 3 3310 2
B48 6 7679 1
B49 2 3666 2
B50 3 13238 2
B51 8 10674 1
B52 8 1626 2
B53 5 797 2
B54 4 5278 2
B55 6 1766 2
B56 5 559 2
B57 6 443 2
B58 3 421 2
B59 4 332 1
B60 4 2768 2
