B1 6 4739 2
B2 5 1973 1
B3 1 7385 1
B4 2 1467 1
B5 6 4112 1
B6 3 2254 1
B7 4 2982 2
B8 2 6293 1
B9 1 3470 1
B10 3 3004 1
B11 4 7140 1
B12 1 4070 2
B13 2 1620 1
B14 6 4910 1
B15 1 2716 1
B16 2 4145 1
B17 1 6677 1
B18 3 4015 1
B19 5 3545 1
B20 6 8068 1
B21 4 7260 1
B22 3 4390 1
B23 4 6124 1
B24 5 11197 1
B25 8 12266 1
B26 2 7594 1
B27 3 9886 1
B28 4 7276 2
B29 7 12774 1
B30 4 11149 1
B31 5 13463 1
B32 1 19830 1
B33 7 23741 1
B34 6 13836 1
B35 1 19707 1
B36 3 13273 2
B37 3 3952 1
B38 4 7061 1
B39 1 8586 2
B40 7 7478 1
B41 8 26985 1
B42 6 9236 1
B43 5 40424 1
B44 4 13552 1
B45 1 50378 1
B46 2 45898 1
B47 5 25013 1
B48 7 24190 2
B49 7 12081 1
B50 6 21124 1
B51 2 8694 2
B52 2 17633 1
B53 1 17131 1
B54 5 27595 1
B55 5 17654 2
B56 6 32443 1
B57 3 26557 1
B58 5 38150 2
B59 5 80594 2
B60 3 45617 2
