B1 6 4286 2
B2 5 3724 1
B3 3 6237 2
B4 2 2295 1
B5 6 7976 1
B6 3 3561 1
B7 6 5109 1
B8 6 2966 2
B9 1 12019 1
B10 3 3267 1
B11 4 5822 1
B12 1 8345 2
B13 2 3245 1
B14 6 5724 1
B15 1 2890 1
B16 2 2397 1
B17 1 4146 1
B18 3 8168 1
B19 5 3461 1
B20 4 6709 2
B21 6 3699 2
B22 3 4277 1
B23 5 3273 2
B24 6 14584 2
B25 2 16639 2
B26 2 4134 1
B27 3 10699 1
B28 8 6051 1
B29 7 11838 1
B30 4 5586 1
B31 5 4525 1
B32 7 25723 2
B33 6 19718 2
B34 2 32822 2
B35 1 18367 1
B36 3 44700 2
B37 3 5673 1
B38 4 9990 1
B39 3 9715 1
B40 1 6274 2
B41 8 13806 1
B42 6 13554 1
B43 5 12083 1
B44 2 9487 2
B45 4 4404 2
B46 8 9252 2
B47 7 13710 2
B48 5 13194 2
B49 7 12812 1
B50 6 16765 1
B51 8 11095 1
B52 2 19051 1
B53 1 3911 1
B54 5 6204 1
B55 3 16540 2
B56 6 12708 1
B57 6 2432 2
B58 2 5102 1
B59 5 13053 2
B60 7 12519 2
