B1 4 2678 1
B2 5 1924 1
B3 1 2493 1
B4 2 1819 1
B5 6 1940 1
B6 3 2755 1
B7 6 5202 1
B8 2 6800 1
B9 1 3168 1
B10 3 3976 1
B11 1 3291 2
B12 5 4739 1
B13 2 1906 1
B14 6 2563 1
B15 1 3011 1
B16 2 1592 1
B17 1 2502 1
B18 3 13986 1
B19 3 4901 2
B20 3 5873 2
B21 4 4567 1
B22 3 2304 1
B23 3 977 2
B24 5 23745 1
B25 8 8636 1
B26 2 4897 1
B27 3 16373 1
B28 8 9497 1
B29 7 15211 1
B30 4 5409 1
B31 5 6858 1
B32 7 11429 2
B33 1 6228 2
B34 8 8491 2
B35 1 9064 1
B36 3 11618 2
B37 3 2545 1
B38 4 2868 1
B39 3 12182 1
B40 4 6516 2
B41 8 6334 1
B42 7 8497 2
B43 5 6303 1
B44 4 7671 1
B45 1 5989 1
B46 1 2410 2
B47 6 20060 2
B48 3 3480 2
B49 7 7043 1
B50 3 5400 2
B51 8 9422 1
B52 2 11923 1
B53 1 4815 1
B54 5 5641 1
B55 6 6081 2
B56 8 5282 2
B57 3 2533 1
B58 6 1552 2
B59 5 427 2
B60 1 1041 2
