B1 4 5232 1
B2 5 2396 1
B3 1 4406 1
B4 2 2026 1
B5 6 2762 1
B6 3 2708 1
B7 6 3771 1
B8 2 2476 1
B9 1 2285 1
B10 3 2885 1
B11 5 2278 2
B12 1 6447 2
B13 2 2455 1
B14 6 2953 1
B15 1 2440 1
B16 2 2193 1
B17 1 5715 1
B18 3 3473 1
B19 5 3104 1
B20 1 2771 2
B21 4 3535 1
B22 3 3699 1
B23 4 3396 1
B24 3 6134 2
B25 8 3789 1
B26 2 2315 1
B27 3 8033 1
B28 3 2483 2
B29 7 7380 1
B30 4 3583 1
B31 5 11303 1
B32 4 10244 2
B33 3 2393 2
B34 5 11993 2
B35 4 7089 2
B36 1 16024 2
B37 3 2501 1
B38 2 4958 2
B39 3 7577 1
B40 3 3251 2
B41 2 4492 2
B42 2 3764 2
B43 4 2113 2
B44 5 2262 2
B45 3 7243 2
B46 5 8143 2
B47 7 6770 2
B48 6 1159 1
B49 7 9742 1
B50 3 10773 2
B51 2 13817 2
B52 5 2178 2
B53 6 1049 2
B54 5 1428 1
B55 4 1962 2
B56 2 2301 2
B57 2 1171 2
B58 1 1536 2
B59 7 1385 2
B60 6 822 2
