B1 4 14597 1
B2 5 2308 1
B3 1 2308 1
B4 2 2135 1
B5 6 4692 1
B6 3 2125 1
B7 6 3219 1
B8 2 4914 1
B9 1 2675 1
B10 3 5818 1
B11 4 6676 1
B12 5 12156 1
B13 2 2749 1
B14 6 5789 1
B15 1 1806 1
B16 2 2891 1
B17 1 4957 1
B18 3 3473 1
B19 5 5753 1
B20 6 5219 1
B21 4 3491 1
B22 3 5339 1
B23 4 5250 1
B24 5 6113 1
B25 8 7738 1
B26 2 8228 1
B27 3 9508 1
B28 8 3079 1
B29 7 8908 1
B30 4 6918 1
B31 5 9294 1
B32 4 11921 2
B33 7 8135 1
B34 8 9562 2
B35 6 1315 2
B36 6 7879 2
B37 3 2942 1
B38 4 5650 1
B39 4 13540 2
B40 7 5213 1
B41 8 10391 1
B42 6 8454 1
B43 4 17970 2
B44 4 11830 1
B45 6 2581 2
B46 4 18556 2
B47 8 17333 2
B48 8 3143 2
B49 7 10738 1
B50 6 9652 1
B51 8 7538 1
B52 7 2956 2
B53 1 6879 1
B54 5 12140 1
B55 5 13673 2
B56 5 16234 2
B57 4 21808 2
B58 7 15756 2
B59 8 32805 2
B60 8 28113 2
