B1 4 4799 1
B2 5 2230 1
B3 4 4074 2
B4 2 2632 1
B5 6 2647 1
B6 3 2931 1
B7 6 3635 1
B8 2 2248 1
B9 1 2480 1
B10 3 2620 1
B11 4 5537 1
B12 1 3226 2
B13 2 3810 1
B14 6 4139 1
B15 1 1964 1
B16 2 1920 1
B17 1 2597 1
B18 3 4359 1
B19 5 2853 1
B20 6 4197 1
B21 4 2935 1
B22 3 2602 1
B23 4 4240 1
B24 5 6778 1
B25 8 4605 1
B26 2 6003 1
B27 3 8776 1
B28 3 8115 2
B29 7 9781 1
B30 4 10315 1
B31 5 6564 1
B32 1 15833 1
B33 7 8718 1
B34 8 7251 2
B35 5 11970 2
B36 3 4866 2
B37 3 2201 1
B38 4 7423 1
B39 3 7818 1
B40 7 4490 1
B41 8 6911 1
B42 6 6004 1
B43 5 14256 1
B44 4 5751 1
B45 1 12280 1
B46 2 17577 1
B47 6 25174 2
B48 5 14430 2
B49 7 11477 1
B50 6 12720 1
B51 8 6878 1
B52 2 11708 1
B53 1 7683 1
B54 5 19590 1
B55 4 17486 2
B56 7 21567 2
B57 5 21602 2
B58 2 22651 1
B59 1 18009 2
B60 6 13390 2
