B1 4 7971 1
B2 5 2738 1
B3 1 2958 1
B4 2 1867 1
B5 6 3084 1
B6 3 3241 1
B7 6 3833 1
B8 2 3180 1
B9 1 3147 1
B10 3 5932 1
B11 4 8172 1
B12 5 21085 1
B13 2 2383 1
B14 6 4919 1
B15 1 6662 1
B16 2 11916 1
B17 1 5976 1
B18 3 10366 1
B19 5 4388 1
B20 2 4551 2
B21 4 4412 1
B22 3 4852 1
B23 6 5141 2
B24 6 5038 2
B25 8 5512 1
B26 2 6595 1
B27 3 6418 1
B28 8 11584 1
B29 7 14816 1
B30 4 10818 1
B31 5 6975 1
B32 4 14686 2
B33 4 15711 2
B34 5 10981 2
B35 3 24389 2
B36 8 21691 2
B37 3 2986 1
B38 4 4632 1
B39 3 5366 1
B40 7 4538 1
B41 8 7435 1
B42 6 7221 1
B43 5 9472 1
B44 4 9413 1
B45 1 11062 1
B46 2 13171 1
B47 5 31348 1
B48 7 19498 2
B49 7 8224 1
B50 6 14086 1
B51 6 9635 2
B52 3 7226 2
B53 7 4901 2
B54 4 4738 2
B55 5 13749 2
B56 7 4490 2
B57 2 6902 2
B58 7 20205 2
B59 7 8951 2
B60 3 7171 2
