B1 4 4743 1
B2 5 2845 1
B3 1 2906 1
B4 2 1903 1
B5 6 3595 1
B6 3 2288 1
B7 6 4171 1
B8 2 7460 1
B9 1 6558 1
B10 3 3408 1
B11 4 4800 1
B12 5 11749 1
B13 2 5417 1
B14 6 3880 1
B15 1 2252 1
B16 2 3642 1
B17 1 3591 1
B18 3 5423 1
B19 5 9274 1
B20 6 3924 1
B21 6 3529 2
B22 3 6678 1
B23 4 8190 1
B24 5 20995 1
B25 8 10181 1
B26 2 4340 1
B27 3 8946 1
B28 8 4664 1
B29 7 12579 1
B30 8 5633 2
B31 5 10147 1
B32 1 14555 1
B33 7 9159 1
B34 8 28621 2
B35 1 33293 1
B36 5 12478 2
B37 3 4717 1
B38 4 4049 1
B39 3 4455 1
B40 7 11024 1
B41 8 9212 1
B42 6 32057 1
B43 5 8351 1
B44 4 8004 1
B45 1 11122 1
B46 4 28241 2
B47 5 6001 1
B48 4 377 2
B49 3 372 2
B50 2 476 2
B51 6 1337 2
B52 7 289 2
B53 8 396 2
B54 8 1452 2
B55 7 340 2
B56 6 511 1
B57 5 377 2
B58 4 781 2
B59 3 397 2
B60 2 410 2
