B1 4 10360 1
B2 5 2079 1
B3 1 3163 1
B4 2 3106 1
B5 6 3053 1
B6 3 2719 1
B7 6 4301 1
B8 2 7871 1
B9 1 3496 1
B10 3 3949 1
B11 4 7057 1
B12 5 6897 1
B13 2 2507 1
B14 6 5962 1
B15 1 2440 1
B16 2 4251 1
B17 1 6163 1
B18 3 5744 1
B19 5 7167 1
B20 6 3800 1
B21 4 4772 1
B22 3 5002 1
B23 4 6925 1
B24 5 15384 1
B25 8 10883 1
B26 2 4384 1
B27 3 12688 1
B28 4 25262 2
B29 7 9908 1
B30 4 5204 1
B31 1 5652 2
B32 1 19875 1
B33 1 8254 2
B34 4 12774 2
B35 3 24757 2
B36 2 13820 1
B37 3 3698 1
B38 4 6713 1
B39 3 13768 1
B40 7 8139 1
B41 8 11121 1
B42 6 14775 1
B43 5 9055 1
B44 4 23363 1
B45 1 17578 1
B46 2 39832 1
B47 8 15387 2
B48 7 19659 2
B49 4 22080 2
B50 6 15841 1
B51 8 7009 1
B52 2 19989 1
B53 1 15801 1
B54 2 37252 2
B55 5 8574 2
B56 8 17587 2
B57 7 9948 2
B58 4 22961 2
B59 3 4765 2
B60 6 15906 2
