B1 4 4546 1
B2 5 2622 1
B3 1 2479 1
B4 2 1742 1
B5 6 2770 1
B6 3 3852 1
B7 6 6082 1
B8 6 5663 2
B9 1 4024 1
B10 3 7194 1
B11 5 4784 2
B12 4 6654 2
B13 2 2954 1
B14 6 4348 1
B15 1 2895 1
B16 2 2175 1
B17 1 3336 1
B18 3 4595 1
B19 6 4905 2
B20 6 15169 1
B21 4 4152 1
B22 3 5647 1
B23 3 8903 2
B24 5 12792 1
B25 8 8559 1
B26 2 6613 1
B27 3 16902 1
B28 8 6539 1
B29 7 11810 1
B30 2 8297 2
B31 8 9412 2
B32 1 10971 1
B33 2 7398 2
B34 4 15123 2
B35 2 13657 2
B36 2 7201 1
B37 3 7004 1
B38 4 7965 1
B39 3 6682 1
B40 2 9881 2
B41 4 14746 2
B42 1 8250 2
B43 5 13200 1
B44 4 11125 1
B45 8 67 2
B46 5 15577 2
B47 1 4788 2
B48 3 509 2
B49 3 117 2
B50 8 116 2
B51 8 3069 1
B52 3 202 2
B53 8 103 2
B54 8 81 2
B55 8 141 2
B56 8 105 2
B57 8 11 2
B58 8 12 2
B59 2 107 2
B60 1 11 2
