B1 4 6924 1
B2 5 2752 1
B3 1 3752 1
B4 2 2303 1
B5 6 4454 1
B6 3 3034 1
B7 6 4415 1
B8 2 4092 1
B9 1 3070 1
B10 3 4060 1
B11 4 9403 1
B12 5 13511 1
B13 2 2841 1
B14 6 4156 1
B15 1 1830 1
B16 2 3422 1
B17 1 4008 1
B18 3 4649 1
B19 5 4900 1
B20 6 8932 1
B21 4 6511 1
B22 3 5483 1
B23 4 5475 1
B24 5 4620 1
B25 8 10164 1
B26 2 5092 1
B27 3 27695 1
B28 8 10885 1
B29 7 7605 1
B30 4 7016 1
B31 5 24710 1
B32 7 53798 2
B33 7 23625 1
B34 6 44933 1
B35 1 37594 1
B36 4 26062 2
B37 3 5772 1
B38 4 12554 1
B39 3 20451 1
B40 7 5041 1
B41 8 8846 1
B42 6 9995 1
B43 5 16499 1
B44 4 38901 1
B45 1 46113 1
B46 2 50884 1
B47 2 33091 2
B48 6 47910 1
B49 7 8832 1
B50 6 7806 1
B51 8 15795 1
B52 2 11074 1
B53 1 9943 1
B54 5 15988 1
B55 1 18941 1
B56 6 37828 1
B57 3 24711 1
B58 6 59792 2
B59 4 43863 1
B60 2 37419 2
