B1 4 5751 1
B2 5 3897 1
B3 1 8815 1
B4 2 3161 1
B5 6 3980 1
B6 3 3746 1
B7 6 6041 1
B8 2 4682 1
B9 1 2196 1
B10 3 5829 1
B11 4 6248 1
B12 5 14482 1
B13 2 4156 1
B14 6 6098 1
B15 1 2554 1
B16 2 3341 1
B17 1 4303 1
B18 4 3580 2
B19 5 6230 1
B20 6 4245 1
B21 4 2489 1
B22 3 3314 1
B23 4 3648 1
B24 5 40069 1
B25 8 5907 1
B26 2 6046 1
B27 3 6699 1
B28 8 12057 1
B29 7 9173 1
B30 4 6078 1
B31 5 7264 1
B32 1 8015 1
B33 7 9443 1
B34 8 36909 2
B35 1 13786 1
B36 3 27033 2
B37 3 3407 1
B38 4 13754 1
B39 3 13821 1
B40 7 9175 1
B41 8 7929 1
B42 6 14156 1
B43 5 15664 1
B44 3 14633 2
B45 1 19804 1
B46 2 25217 1
B47 5 20337 1
B48 7 29295 2
B49 7 50478 1
B50 6 12346 1
B51 8 9171 1
B52 2 42810 1
B53 1 17204 1
B54 4 55510 2
B55 1 20996 1
B56 6 9544 1
B57 3 24976 1
B58 7 49656 2
B59 4 40808 1
B60 4 49835 2
