B1 4 16296 1
B2 5 4139 1
B3 1 5854 1
B4 2 4881 1
B5 6 6957 1
B6 3 3229 1
B7 6 6277 1
B8 2 8422 1
B9 1 12992 1
B10 3 4913 1
B11 4 9728 1
B12 1 7053 2
B13 2 5970 1
B14 6 7301 1
B15 1 4079 1
B16 2 2848 1
B17 1 6023 1
B18 3 13717 1
B19 6 14244 2
B20 5 5425 2
B21 4 3430 1
B22 3 2963 1
B23 4 4629 1
B24 5 32196 1
B25 8 6303 1
B26 2 8074 1
B27 3 9263 1
B28 8 7868 1
B29 7 13999 1
B30 4 7386 1
B31 2 13994 2
B32 3 24929 2
B33 1 9569 2
B34 8 16798 2
B35 4 7317 2
B36 5 1200 2
B37 4 791 2
B38 7 4627 2
B39 4 1033 2
B40 6 907 2
B41 5 489 2
B42 8 432 2
B43 3 734 2
B44 5 619 2
B45 4 826 2
B46 6 398 2
B47 3 419 2
B48 5 385 2
B49 7 386 1
B50 6 397 1
B51 4 502 2
B52 5 11418 2
B53 2 3360 2
B54 7 2069 2
B55 5 480 2
B56 4 598 2
B57 3 445 1
B58 6 447 2
B59 4 269 1
B60 6 280 2
