B1 4 5383 1
B2 5 2592 1
B3 3 1779 2
B4 2 1392 1
B5 6 2428 1
B6 3 2115 1
B7 6 3887 1
B8 2 3374 1
B9 1 4351 1
B10 3 3139 1
B11 4 5035 1
B12 5 6999 1
B13 2 2190 1
B14 6 2296 1
B15 1 2074 1
B16 2 3584 1
B17 1 3117 1
B18 3 3135 1
B19 5 2560 1
B20 6 3181 1
B21 4 4068 1
B22 3 3685 1
B23 4 5759 1
B24 2 17564 2
B25 8 4622 1
B26 2 4970 1
B27 3 8922 1
B28 8 3774 1
B29 7 3438 1
B30 4 6627 1
B31 5 4169 1
B32 4 18136 2
B33 7 11781 1
B34 6 19187 1
B35 1 20155 1
B36 2 23839 1
B37 3 2223 1
B38 4 3339 1
B39 3 5262 1
B40 7 5511 1
B41 8 5949 1
B42 6 6793 1
B43 5 10696 1
B44 4 8293 1
B45 1 9352 1
B46 2 20330 1
B47 3 20790 2
B48 7 33735 2
B49 7 6903 1
B50 6 10288 1
B51 8 7390 1
B52 2 15808 1
B53 1 9392 1
B54 5 15759 1
B55 3 47252 2
B56 6 35081 1
B57 1 16559 2
B58 2 11596 1
B59 7 29793 2
B60 2 44103 2
