B1 4 4118 1
B2 5 2350 1
B3 1 3208 1
B4 2 2166 1
B5 6 2356 1
B6 3 2228 1
B7 6 3459 1
B8 2 2823 1
B9 1 4196 1
B10 3 2390 1
B11 4 4563 1
B12 3 5043 2
B13 2 2043 1
B14 6 2799 1
B15 1 2171 1
B16 2 3061 1
B17 1 2469 1
B18 3 3228 1
B19 5 3177 1
B20 6 3991 1
B21 4 3124 1
B22 3 2778 1
B23 6 3854 2
B24 6 7291 2
B25 8 2724 1
B26 2 3388 1
B27 3 4938 1
B28 8 6881 1
B29 7 9223 1
B30 4 6608 1
B31 5 6666 1
B32 6 11330 2
B33 1 5210 2
B34 6 12037 1
B35 3 3223 2
B36 3 9524 2
B37 3 2484 1
B38 4 4151 1
B39 3 7862 1
B40 7 6024 1
B41 8 6344 1
B42 6 10412 1
B43 4 6301 2
B44 5 16677 2
B45 1 9686 1
B46 4 9222 2
B47 4 10203 2
B48 3 1673 2
B49 7 9027 1
B50 1 17776 2
B51 6 2322 2
B52 3 1318 2
B53 4 1167 2
B54 1 734 2
B55 3 542 2
B56 2 412 2
B57 4 428 2
B58 2 397 1
B59 3 338 2
B60 5 476 1
