B1 4 3185 1
B2 5 1813 1
B3 1 3048 1
B4 2 2039 1
B5 6 2365 1
B6 3 1938 1
B7 6 2680 1
B8 2 3173 1
B9 1 7313 1
B10 3 4835 1
B11 4 10782 1
B12 5 5221 1
B13 2 2693 1
B14 6 4724 1
B15 1 2095 1
B16 2 2126 1
B17 1 3693 1
B18 4 3536 2
B19 5 7236 1
B20 5 3355 2
B21 4 4612 1
B22 3 2667 1
B23 4 4275 1
B24 4 12425 2
B25 8 9018 1
B26 2 3106 1
B27 3 24029 1
B28 8 8309 1
B29 7 5817 1
B30 4 5983 1
B31 5 9077 1
B32 1 8766 1
B33 7 6080 1
B34 8 6963 2
B35 1 14586 1
B36 3 27556 2
B37 3 2234 1
B38 4 9190 1
B39 3 7143 1
B40 7 6823 1
B41 8 8762 1
B42 6 10839 1
B43 5 11326 1
B44 6 18165 2
B45 4 7202 2
B46 2 19984 1
B47 5 29297 1
B48 7 2945 2
B49 7 6383 1
B50 6 20289 1
B51 8 11825 1
B52 2 16162 1
B53 1 6458 1
B54 5 12624 1
B55 4 18583 2
B56 6 22753 1
B57 7 25140 2
B58 3 8743 2
B59 1 14926 2
B60 3 10780 2
