B1 4 8907 1
B2 5 5304 1
B3 1 2380 1
B4 2 2630 1
B5 6 3978 1
B6 3 2981 1
B7 6 3620 1
B8 2 2571 1
B9 1 3176 1
B10 3 8010 1
B11 4 7513 1
B12 6 4613 2
B13 2 2402 1
B14 6 3237 1
B15 1 2761 1
B16 2 2784 1
B17 1 3158 1
B18 3 3190 1
B19 5 3017 1
B20 6 4370 1
B21 4 4753 1
B22 3 2874 1
B23 4 7304 1
B24 6 20747 2
B25 8 6027 1
B26 2 6563 1
B27 3 10075 1
B28 4 14897 2
B29 7 10701 1
B30 4 5195 1
B31 5 5266 1
B32 7 11135 2
B33 7 12548 1
B34 6 25976 1
B35 5 21131 2
B36 3 10778 2
B37 3 3030 1
B38 4 4896 1
B39 3 4866 1
B40 7 7382 1
B41 8 7291 1
B42 6 9724 1
B43 8 16017 2
B44 4 16635 1
B45 1 13177 1
B46 2 28085 1
B47 5 23733 1
B48 7 12660 2
B49 7 11330 1
B50 6 7417 1
B51 8 6858 1
B52 2 11087 1
B53 1 8534 1
B54 5 10950 1
B55 1 33041 1
B56 6 11841 1
B57 3 18561 1
B58 2 57857 1
B59 7 81987 2
B60 3 25729 2
