B1 4 12838 1
B2 5 2728 1
B3 1 6537 1
B4 2 2903 1
B5 6 3409 1
B6 3 5281 1
B7 6 4712 1
B8 2 6511 1
B9 1 5401 1
B10 3 73629 1
B11 4 10213 1
B12 5 10492 1
B13 2 4651 1
B14 6 5601 1
B15 1 3128 1
B16 2 3638 1
B17 1 5718 1
B18 3 5248 1
B19 5 7634 1
B20 6 9384 1
B21 4 5843 1
B22 3 5443 1
B23 4 6383 1
B24 5 8753 1
B25 8 7786 1
B26 2 6338 1
B27 3 11493 1
B28 8 18797 1
B29 7 17084 1
B30 4 11556 1
B31 5 8288 1
B32 4 14126 2
B33 7 9354 1
B34 1 21021 2
B35 5 19200 2
B36 3 15999 2
B37 3 5656 1
B38 4 4963 1
B39 3 12845 1
B40 7 11783 1
B41 8 19153 1
B42 6 10593 1
B43 5 13118 1
B44 4 12910 1
B45 1 21577 1
B46 2 356989 1
B47 3 151034 2
B48 2 29963 2
B49 7 706 1
B50 8 1892 2
B51 3 596 2
B52 6 626 2
B53 8 174 2
B54 5 50 1
B55 3 87 2
B56 7 105 2
B57 6 21 2
B58 4 20 2
B59 2 59 2
B60 7 68 2
