B1 4 11952 1
B2 5 4695 1
B3 1 8726 1
B4 2 5033 1
B5 6 5527 1
B6 3 4685 1
B7 6 4468 1
B8 2 5937 1
B9 1 5792 1
B10 1 13686 2
B11 4 7226 1
B12 2 2751 2
B13 2 3243 1
B14 6 9272 1
B15 1 2627 1
B16 2 5543 1
B17 1 3856 1
B18 3 11657 1
B19 1 6584 2
B20 2 9641 2
B21 5 4657 2
B22 3 4952 1
B23 2 4325 2
B24 5 18781 1
B25 8 5442 1
B26 2 4953 1
B27 3 17186 1
B28 3 24121 2
B29 4 10849 2
B30 4 5826 1
B31 5 9164 1
B32 2 8394 2
B33 7 7442 1
B34 8 9211 2
B35 5 10321 2
B36 3 5929 2
B37 3 7065 1
B38 4 9240 1
B39 4 3103 2
B40 7 7458 1
B41 8 18266 1
B42 3 20923 2
B43 2 10978 2
B44 4 6628 1
B45 2 12288 2
B46 8 45446 2
B47 5 8887 1
B48 7 17436 2
B49 1 6608 2
B50 3 6467 2
B51 3 10097 2
B52 3 4253 2
B53 7 6576 2
B54 3 4134 2
B55 3 3332 2
B56 5 10090 2
B57 1 6723 2
B58 3 8064 2
B59 1 5185 2
B60 3 3877 2
