B1 4 5205 1
B2 5 1935 1
B3 1 2546 1
B4 2 1979 1
B5 6 2916 1
B6 3 2645 1
B7 6 5312 1
B8 2 3035 1
B9 1 3136 1
B10 3 5377 1
B11 4 4592 1
B12 5 8894 1
B13 2 2724 1
B14 6 2786 1
B15 1 2564 1
B16 2 3193 1
B17 1 3729 1
B18 3 9461 1
B19 5 3682 1
B20 6 4202 1
B21 4 3719 1
B22 3 3234 1
B23 2 2206 2
B24 6 3813 2
B25 8 6896 1
B26 2 6231 1
B27 3 8376 1
B28 8 14251 1
B29 7 7577 1
B30 4 12206 1
B31 5 5530 1
B32 4 15037 2
B33 7 10316 1
B34 2 17609 2
B35 1 11346 1
B36 3 6513 2
B37 3 2059 1
B38 2 9489 2
B39 3 5672 1
B40 7 7886 1
B41 8 12999 1
B42 6 16379 1
B43 2 19171 2
B44 4 11936 1
B45 1 19649 1
B46 3 9438 2
B47 4 14794 2
B48 2 24164 2
B49 7 7527 1
B50 6 14702 1
B51 8 7968 1
B52 3 11051 2
B53 1 13725 1
B54 5 18057 1
B55 8 22079 2
B56 6 15352 1
B57 5 15968 2
B58 7 12170 2
B59 7 5704 2
B60 3 9025 2
