B1 4 6186 1
B2 5 1963 1
B3 1 2321 1
B4 2 2265 1
B5 6 2953 1
B6 3 4988 1
B7 6 3952 1
B8 2 4817 1
B9 1 3032 1
B10 3 4481 1
B11 4 5987 1
B12 1 2200 2
B13 2 2882 1
B14 6 5841 1
B15 1 4061 1
B16 2 3926 1
B17 1 3857 1
B18 3 11914 1
B19 5 4193 1
B20 6 5833 1
B21 4 5978 1
B22 3 6737 1
B23 4 5513 1
B24 5 24609 1
B25 8 8952 1
B26 2 11520 1
B27 3 17168 1
B28 8 16576 1
B29 7 25250 1
B30 4 12684 1
B31 5 14768 1
B32 6 26999 2
B33 7 30953 1
B34 1 26911 2
B35 5 21871 2
B36 3 9546 2
B37 3 4432 1
B38 4 10465 1
B39 3 7135 1
B40 7 44143 1
B41 8 5839 1
B42 6 10408 1
B43 5 36039 1
B44 4 40340483 1
B45 1 17457 1
B46 2 12989 1
B47 8 35863 2
B48 7 37095 2
B49 7 8767 1
B50 6 15775 1
B51 8 6718 1
B52 5 42358 2
B53 1 12398 1
B54 5 24380 1
B55 1 36693 1
B56 8 21431 2
B57 3 48103 1
B58 3 58793 2
B59 1 138635 2
B60 5 42291 1
