B1 4 26553 1
B2 5 7803 1
B3 1 4670 1
B4 2 4306 1
B5 6 4643 1
B6 3 5048 1
B7 6 4150 1
B8 2 5866 1
B9 1 8225 1
B10 3 7439 1
B11 4 12196 1
B12 4 9998 2
B13 2 3864 1
B14 6 10734 1
B15 1 5327 1
B16 2 5257 1
B17 1 5424 1
B18 4 11399 2
B19 1 16748 2
B20 5 9629 2
B21 1 12212 2
B22 3 10137 1
B23 4 20359 1
B24 4 43486 2
B25 8 10051 1
B26 2 16530 1
B27 3 10060 1
B28 4 20094 2
B29 7 39092 1
B30 1 24189 2
B31 5 11430 1
B32 4 22760 2
B33 7 6363 1
B34 1 34581 2
B35 1 1240 1
B36 5 18281 2
B37 3 6495 1
B38 4 6043 1
B39 3 7257 1
B40 7 8155 1
B41 8 12142 1
B42 1 12921 2
B43 5 15906 1
B44 4 17619 1
B45 1 17202 1
B46 2 31693 1
B47 3 8389 2
B48 7 20457 2
B49 3 11551 2
B50 6 26078 1
B51 8 33407 1
B52 3 25803 2
B53 7 8288 2
B54 5 58895 1
B55 3 49564 2
B56 6 14772 1
B57 4 44518 2
B58 6 31845 2
B59 5 19758 2
B60 7 9091 2
