B1 4 10301 1
B2 5 3021 1
B3 1 9081 1
B4 2 2028 1
B5 6 2972 1
B6 3 3256 1
B7 6 4052 1
B8 2 4946 1
B9 1 6117 1
B10 3 6894 1
B11 4 5814 1
B12 5 10987 1
B13 2 2606 1
B14 6 3095 1
B15 1 3295 1
B16 3 4695 2
B17 1 4271 1
B18 3 4988 1
B19 5 6272 1
B20 6 5571 1
B21 4 3811 1
B22 3 3940 1
B23 4 3641 1
B24 5 11983 1
B25 8 6507 1
B26 2 2959 1
B27 3 16405 1
B28 8 8334 1
B29 7 25605 1
B30 4 25179 1
B31 5 13371 1
B32 4 35228 2
B33 7 12982 1
B34 6 20758 1
B35 1 27317 1
B36 3 13878 2
B37 3 2377 1
B38 4 5653 1
B39 3 8105 1
B40 7 10472 1
B41 8 13467 1
B42 6 20828 1
B43 5 14477 1
B44 4 13814 1
B45 1 8180 1
B46 5 27272 2
B47 8 47886 2
B48 8 36872 2
B49 7 18217 1
B50 6 13664 1
B51 2 14270 2
B52 2 13859 1
B53 1 16151 1
B54 5 22467 1
B55 1 17752 1
B56 8 18605 2
B57 1 21001 2
B58 6 61448 2
B59 3 77529 2
B60 5 41472 1
