B1 4 5813 1
B2 5 3526 1
B3 1 2138 1
B4 2 1783 1
B5 6 2046 1
B6 3 5411 1
B7 6 5631 1
B8 2 4659 1
B9 1 3261 1
B10 3 3465 1
B11 4 6274 1
B12 5 7117 1
B13 2 2671 1
B14 6 6887 1
B15 1 2065 1
B16 2 1940 1
B17 1 3573 1
B18 3 5826 1
B19 5 3924 1
B20 6 4520 1
B21 4 3406 1
B22 3 2972 1
B23 4 4011 1
B24 5 9408 1
B25 8 7994 1
B26 2 9653 1
B27 3 13861 1
B28 8 9114 1
B29 7 11521 1
B30 4 31122 1
B31 5 6306 1
B32 1 66739 1
B33 7 6812 1
B34 8 39557 2
B35 5 29455 2
B36 2 18768 1
B37 3 3212 1
B38 4 4625 1
B39 3 4268 1
B40 7 8759 1
B41 8 5966 1
B42 6 7415 1
B43 5 8862 1
B44 4 8183 1
B45 1 10423 1
B46 2 15879 1
B47 8 25228 2
B48 5 20722 2
B49 7 8740 1
B50 6 13657 1
B51 8 9231 1
B52 2 9454 1
B53 1 8356 1
B54 5 12921 1
B55 8 17796 2
B56 6 18916 1
B57 4 23122 2
B58 7 22264 2
B59 1 30892 2
B60 2 19040 2
