B1 4 3425 1
B2 5 2176 1
B3 1 1824 1
B4 2 2017 1
B5 6 2262 1
B6 3 2373 1
B7 6 2425 1
B8 2 1964 1
B9 1 2469 1
B10 3 2359 1
B11 5 2742 2
B12 1 3700 2
B13 2 2386 1
B14 6 3526 1
B15 1 2548 1
B16 2 2907 1
B17 1 2886 1
B18 3 2667 1
B19 1 5540 2
B20 6 5090 1
B21 6 4636 2
B22 3 3141 1
B23 6 5356 2
B24 6 9977 2
B25 8 3344 1
B26 2 4520 1
B27 3 7165 1
B28 8 5670 1
B29 7 29382 1
B30 4 12002 1
B31 5 5124 1
B32 1 19379 1
B33 7 14745 1
B34 8 25309 2
B35 1 14499 1
B36 2 23117 1
B37 3 3912 1
B38 4 4754 1
B39 3 5592 1
B40 7 11144 1
B41 8 10298 1
B42 6 10734 1
B43 5 14491 1
B44 8 17791 2
B45 4 28760 2
B46 2 20896 1
B47 8 29887 2
B48 4 58964 2
B49 7 9397 1
B50 6 10840 1
B51 8 14422 1
B52 2 8561 1
B53 1 7449 1
B54 5 17717 1
B55 1 22870 1
B56 6 15273 1
B57 3 20936 1
B58 2 30505 1
B59 4 21269 1
B60 2 34122 2
