B1 4 9010 1
B2 5 2492 1
B3 1 2566 1
B4 2 1881 1
B5 6 3054 1
B6 3 2181 1
B7 1 3290 2
B8 2 2977 1
B9 1 5478 1
B10 3 4262 1
B11 4 6969 1
B12 1 3207 2
B13 2 2821 1
B14 6 6561 1
B15 1 3074 1
B16 2 1966 1
B17 1 3710 1
B18 3 4242 1
B19 5 2680 1
B20 6 4194 1
B21 4 3298 1
B22 3 3100 1
B23 4 4368 1
B24 3 9896 2
B25 8 4798 1
B26 2 4453 1
B27 3 27833 1
B28 4 6016 2
B29 4 5087 2
B30 3 6210 2
B31 8 8078 2
B32 4 18021 2
B33 1 18941 2
B34 8 10227 2
B35 1 20233 1
B36 3 8622 2
B37 3 2905 1
B38 4 5697 1
B39 4 4984 2
B40 7 9737 1
B41 8 6114 1
B42 3 7175 2
B43 1 14737 2
B44 4 9053 1
B45 2 10595 2
B46 2 9328 1
B47 6 17420 2
B48 4 56533 2
B49 5 11816 2
B50 6 12857 1
B51 8 11596 1
B52 3 7700 2
B53 6 23661 2
B54 4 18394 2
B55 2 23838 2
B56 5 16586 2
B57 3 13756 1
B58 7 22769 2
B59 5 29061 2
B60 8 22194 2
