B1 4 10987 1
B2 5 2105 1
B3 1 3646 1
B4 2 3451 1
B5 6 3769 1
B6 3 3558 1
B7 6 5329 1
B8 2 6367 1
B9 1 5041 1
B10 3 6496 1
B11 4 6675 1
B12 5 14197 1
B13 2 2654 1
B14 6 5746 1
B15 1 2844 1
B16 2 3576 1
B17 1 3979 1
B18 3 4290 1
B19 5 4561 1
B20 5 6493 2
B21 1 2448 2
B22 3 3277 1
B23 2 8054 2
B24 6 5881 2
B25 8 3648 1
B26 3 4147 2
B27 3 7683 1
B28 3 4109 2
B29 7 10963 1
B30 8 10108 2
B31 5 5435 1
B32 7 26506 2
B33 1 15788 2
B34 4 27547 2
B35 1 31834 1
B36 2 9220 1
B37 3 3472 1
B38 4 5408 1
B39 3 6083 1
B40 7 11903 1
B41 8 7246 1
B42 6 11373 1
B43 5 20754 1
B44 4 21027 1
B45 1 11994 1
B46 4 63337 2
B47 3 52809 2
B48 7 11409 2
B49 7 7076 1
B50 6 10448 1
B51 8 8351 1
B52 2 38886 1
B53 1 49762 1
B54 8 37675 2
B55 1 12171 1
B56 6 46504 1
B57 3 45349 1
B58 6 67091 2
B59 4 28894 1
B60 3 11420 2
