B1 4 2307 1
B2 5 2444 1
B3 1 1888 1
B4 2 2060 1
B5 6 3432 1
B6 3 3063 1
B7 2 2892 2
B8 2 2144 1
B9 1 2687 1
B10 6 10110 2
B11 5 4475 2
B12 1 8718 2
B13 2 2294 1
B14 6 4064 1
B15 1 3527 1
B16 2 2634 1
B17 5 7102 2
B18 2 3780 2
B19 6 11372 2
B20 3 4860 2
B21 6 5546 2
B22 3 9598 1
B23 5 5315 2
B24 6 7378 2
B25 2 9951 2
B26 2 3742 1
B27 3 13215 1
B28 8 7757 1
B29 7 5681 1
B30 1 4539 2
B31 6 8933 2
B32 6 9884 2
B33 8 6025 2
B34 8 7439 2
B35 4 10881 2
B36 7 12187 2
B37 3 6264 1
B38 3 4448 2
B39 4 7057 2
B40 5 4307 2
B41 2 11697 2
B42 5 11995 2
B43 8 16597 2
B44 7 4054 2
B45 2 6693 2
B46 3 20393 2
B47 5 14552 1
B48 5 8658 2
B49 1 4664 2
B50 5 14798 2
B51 3 10306 2
B52 6 11615 2
B53 7 5350 2
B54 7 13963 2
B55 8 10284 2
B56 5 5180 2
B57 8 11783 2
B58 7 14136 2
B59 7 20116 2
B60 5 10591 1
