B1 4 2980 1
B2 5 2674 1
B3 1 2275 1
B4 2 1869 1
B5 6 2667 1
B6 3 2005 1
B7 6 3420 1
B8 2 3194 1
B9 1 2911 1
B10 3 4377 1
B11 1 2256 2
B12 5 4043 1
B13 2 2024 1
B14 6 3940 1
B15 1 1577 1
B16 2 3334 1
B17 1 2513 1
B18 3 2582 1
B19 5 4180 1
B20 6 3812 1
B21 4 4849 1
B22 3 3258 1
B23 3 7761 2
B24 5 14354 1
B25 8 4017 1
B26 2 3400 1
B27 3 9747 1
B28 8 14352 1
B29 7 12942 1
B30 4 3985 1
B31 5 7323 1
B32 1 23850 1
B33 7 10541 1
B34 6 15908 1
B35 1 48591 1
B36 2 33554 1
B37 3 2302 1
B38 4 28057 1
B39 3 7062 1
B40 7 5830 1
B41 8 10599 1
B42 6 13420 1
B43 5 23069 1
B44 4 9235 1
B45 1 19856 1
B46 3 16105 2
B47 7 42212 2
B48 2 99102 2
B49 7 11940 1
B50 6 18197 1
B51 8 6469 1
B52 3 43960 2
B53 1 11301 1
B54 5 88234 1
B55 1 16668 1
B56 6 21844 1
B57 4 52227 2
B58 5 132204 2
B59 4 43988 1
B60 2 33549 2
