B1 4 3511 1
B2 5 1828 1
B3 1 2134 1
B4 2 1392 1
B5 6 4213 1
B6 3 2409 1
B7 6 3213 1
B8 2 3143 1
B9 1 3671 1
B10 3 3215 1
B11 4 3869 1
B12 5 3557 1
B13 2 2196 1
B14 6 3555 1
B15 1 2313 1
B16 2 2123 1
B17 1 3299 1
B18 3 3507 1
B19 5 2596 1
B20 6 4402 1
B21 4 2754 1
B22 3 2847 1
B23 4 2772 1
B24 5 7500 1
B25 8 7534 1
B26 2 6962 1
B27 3 22671 1
B28 8 14235 1
B29 7 11142 1
B30 4 6487 1
B31 5 5907 1
B32 1 29242 1
B33 7 9611 1
B34 6 18292 1
B35 1 15297 1
B36 3 8334 2
B37 3 2809 1
B38 4 4281 1
B39 3 9849 1
B40 7 6898 1
B41 8 6433 1
B42 6 8221 1
B43 5 15317 1
B44 4 6970 1
B45 1 10633 1
B46 2 24780 1
B47 5 32962 1
B48 6 50499 1
B49 7 10409 1
B50 6 8805 1
B51 8 6544 1
B52 2 15346 1
B53 1 8316 1
B54 5 13564 1
B55 1 21800 1
B56 6 12694 1
B57 3 14332 1
B58 2 32771 1
B59 4 44652 1
B60 2 53715 2
