B1 4 3785 1
B2 5 1980 1
B3 1 3817 1
B4 2 3284 1
B5 6 4415 1
B6 3 2746 1
B7 6 3275 1
B8 2 3124 1
B9 5 2768 2
B10 5 5740 2
B11 4 4742 1
B12 5 4054 1
B13 2 2041 1
B14 6 2520 1
B15 5 3763 2
B16 2 1963 1
B17 1 4864 1
B18 3 5914 1
B19 5 2429 1
B20 6 4245 1
B21 4 3122 1
B22 3 3800 1
B23 3 6570 2
B24 6 5764 2
B25 8 3913 1
B26 2 6726 1
B27 3 7809 1
B28 8 4725 1
B29 8 8677 2
B30 3 7966 2
B31 5 8555 1
B32 4 15485 2
B33 7 10535 1
B34 8 11427 2
B35 1 9844 1
B36 3 14287 2
B37 3 4176 1
B38 4 3757 1
B39 3 4580 1
B40 7 8222 1
B41 8 10383 1
B42 6 8084 1
B43 5 13281 1
B44 4 8055 1
B45 2 6434 2
B46 2 10273 1
B47 7 16351 2
B48 7 13030 2
B49 7 5547 1
B50 6 6616 1
B51 8 11359 1
B52 6 9110 2
B53 7 6199 2
B54 2 9274 2
B55 2 6671 2
B56 5 13441 2
B57 7 4925 2
B58 7 14657 2
B59 7 17547 2
B60 1 13066 2
