B1 4 17074 1
B2 5 2500 1
B3 1 3489 1
B4 2 2021 1
B5 6 2778 1
B6 3 2976 1
B7 6 4076 1
B8 2 10278 1
B9 1 2844 1
B10 3 5010 1
B11 4 5211 1
B12 5 18542 1
B13 2 4838 1
B14 6 5268 1
B15 1 2513 1
B16 2 5688 1
B17 1 3030 1
B18 3 3851 1
B19 6 3028 2
B20 6 6184 1
B21 4 2799 1
B22 3 3909 1
B23 4 2841 1
B24 5 25565 1
B25 8 5768 1
B26 2 5194 1
B27 3 23567 1
B28 8 6563 1
B29 7 7284 1
B30 5 9569 2
B31 5 8164 1
B32 5 11162 2
B33 7 8037 1
B34 8 19056 2
B35 6 11937 2
B36 5 10636 2
B37 3 2802 1
B38 4 4257 1
B39 3 4795 1
B40 7 4446 1
B41 8 8895 1
B42 6 6358 1
B43 5 6927 1
B44 4 6343 1
B45 1 11290 1
B46 7 11945 2
B47 6 18257 2
B48 7 12192 2
B49 7 9799 1
B50 3 15506 2
B51 8 9606 1
B52 2 11469 1
B53 7 6912 2
B54 7 7073 2
B55 6 22168 2
B56 7 10679 2
B57 4 7157 2
B58 4 5178 2
B59 7 6832 2
B60 5 8642 1
