B1 4 4123 1
B2 5 2807 1
B3 1 3854 1
B4 2 2485 1
B5 6 3597 1
B6 3 3386 1
B7 6 3820 1
B8 2 4357 1
B9 1 4814 1
B10 3 4564 1
B11 4 9037 1
B12 5 15100 1
B13 2 5066 1
B14 6 6592 1
B15 1 3869 1
B16 2 2843 1
B17 1 3527 1
B18 3 7162 1
B19 5 7431 1
B20 6 17659 1
B21 4 12779 1
B22 3 5579 1
B23 4 5151 1
B24 5 33680 1
B25 8 6647 1
B26 2 11313 1
B27 3 37612 1
B28 8 21531 1
B29 7 12599 1
B30 2 28438 2
B31 5 9271 1
B32 7 69847 2
B33 7 15647 1
B34 4 66089 2
B35 4 26796 2
B36 3 42025 2
B37 1 12698 2
B38 7 26646 2
B39 3 27748 1
B40 7 23003 1
B41 8 9800 1
B42 6 19729 1
B43 5 32193 1
B44 4 17995 1
B45 1 12654 1
B46 5 59883 2
B47 2 115125 2
B48 2 110935 2
B49 7 7140 1
B50 3 42063 2
B51 8 11427 1
B52 3 32298 2
B53 7 15306 2
B54 2 25369 2
B55 4 55817 2
B56 7 11343 2
B57 2 91756 2
B58 7 10724 2
B59 1 12107 2
B60 7 47314 2
