B1 4 2804 1
B2 5 3765 1
B3 1 3958 1
B4 2 2023 1
B5 6 6036 1
B6 3 2537 1
B7 6 3985 1
B8 2 4240 1
B9 1 3601 1
B10 3 4258 1
B11 4 5346 1
B12 5 9314 1
B13 2 4537 1
B14 6 5528 1
B15 1 3082 1
B16 2 4336 1
B17 1 5960 1
B18 3 5507 1
B19 5 2782 1
B20 6 4872 1
B21 1 3727 2
B22 3 4723 1
B23 6 3844 2
B24 2 14706 2
B25 8 5107 1
B26 2 5602 1
B27 1 16909 2
B28 3 9395 2
B29 4 17336 2
B30 4 11600 1
B31 5 7701 1
B32 7 24541 2
B33 7 9875 1
B34 4 16128 2
B35 2 25889 2
B36 7 11184 2
B37 3 3162 1
B38 4 4912 1
B39 3 8676 1
B40 7 7068 1
B41 8 6538 1
B42 6 17501 1
B43 5 25044 1
B44 5 12711 2
B45 1 34812 1
B46 2 41982 1
B47 8 54218 2
B48 7 31030 2
B49 7 14261 1
B50 6 17323 1
B51 8 36187 1
B52 4 26632 2
B53 1 31689 1
B54 7 26296 2
B55 8 445 2
B56 6 150 1
B57 5 14 2
B58 5 99 2
B59 4 149 1
B60 5 76 1
