B1 6 9815 2
B2 5 3513 1
B3 1 6230 1
B4 2 3209 1
B5 6 3942 1
B6 3 2641 1
B7 6 4439 1
B8 2 8580 1
B9 5 7734 2
B10 3 9973 1
B11 5 6685 2
B12 5 20749 1
B13 2 3385 1
B14 6 4547 1
B15 1 6444 1
B16 2 4186 1
B17 1 4821 1
B18 3 9974 1
B19 5 6090 1
B20 6 11412 1
B21 4 13466 1
B22 3 4043 1
B23 4 7345 1
B24 5 32567 1
B25 8 7817 1
B26 2 8179 1
B27 3 16995 1
B28 8 15668 1
B29 7 19472 1
B30 4 13612 1
B31 5 13823 1
B32 3 42244 2
B33 1 25802 2
B34 6 37781 1
B35 1 45256 1
B36 4 40183 2
B37 3 6811 1
B38 4 6187 1
B39 3 4644 1
B40 7 6600 1
B41 8 13643 1
B42 6 12428 1
B43 5 35909 1
B44 4 19003 1
B45 1 21862 1
B46 2 19778 1
B47 7 27711 2
B48 7 27955 2
B49 7 21418 1
B50 3 38968 2
B51 8 63287 1
B52 2 39868 1
B53 1 15734 1
B54 5 28454 1
B55 1 46532 1
B56 1 35303 2
B57 3 27341 1
B58 3 18103 2
B59 3 19466 2
B60 7 26730 2
