B1 4 3514 1
B2 5 1414 1
B3 1 1710 1
B4 2 1696 1
B5 6 2224 1
B6 6 2012 2
B7 6 2904 1
B8 6 1684 2
B9 1 2096 1
B10 3 2105 1
B11 1 3805 2
B12 4 6428 2
B13 2 2031 1
B14 6 2567 1
B15 1 2110 1
B16 2 3051 1
B17 1 5363 1
B18 3 6699 1
B19 5 4705 1
B20 5 4365 2
B21 4 4543 1
B22 3 2633 1
B23 6 8536 2
B24 6 7477 2
B25 8 7175 1
B26 2 4598 1
B27 1 9051 2
B28 8 4839 1
B29 7 4917 1
B30 8 10770 2
B31 5 9270 1
B32 6 18249 2
B33 7 5522 1
B34 6 12785 1
B35 3 27687 2
B36 3 6509 2
B37 3 2895 1
B38 4 2573 1
B39 1 3357 2
B40 7 8233 1
B41 8 12016 1
B42 6 18493 1
B43 8 7998 2
B44 5 4640 2
B45 1 9405 1
B46 1 13181 2
B47 5 26092 1
B48 2 12386 2
B49 1 14008 2
B50 6 4952 1
B51 8 7184 1
B52 2 12028 1
B53 1 6821 1
B54 5 7645 1
B55 5 18131 2
B56 6 9180 1
B57 8 14539 2
B58 7 8625 2
B59 5 28361 2
B60 2 46116 2
