B1 4 4627 1
B2 5 2438 1
B3 1 3470 1
B4 2 3175 1
B5 6 2824 1
B6 3 3028 1
B7 2 3313 2
B8 2 2262 1
B9 5 2846 2
B10 5 2469 2
B11 5 2595 2
B12 5 3149 1
B13 2 2253 1
B14 6 3249 1
B15 1 4138 1
B16 2 2222 1
B17 1 3441 1
B18 3 3834 1
B19 5 2964 1
B20 6 7674 1
B21 4 3322 1
B22 3 3243 1
B23 4 5921 1
B24 1 11507 2
B25 8 4543 1
B26 2 3994 1
B27 3 7200 1
B28 8 6132 1
B29 7 15422 1
B30 4 7391 1
B31 5 6895 1
B32 4 7637 2
B33 7 17183 1
B34 6 19088 1
B35 5 15009 2
B36 7 25710 2
B37 3 3211 1
B38 4 10082 1
B39 3 7654 1
B40 7 5135 1
B41 8 6397 1
B42 6 12475 1
B43 5 16232 1
B44 4 14206 1
B45 3 22202 2
B46 5 24660 2
B47 5 22696 1
B48 4 27844 2
B49 3 8563 2
B50 3 27052 2
B51 8 7381 1
B52 2 8116 1
B53 1 6859 1
B54 5 11018 1
B55 1 23237 1
B56 6 9417 1
B57 3 21385 1
B58 5 39620 2
B59 2 67949 2
B60 2 34547 2
