B1 4 3232 1
B2 5 3411 1
B3 1 3105 1
B4 2 3750 1
B5 6 4159 1
B6 5 5472 2
B7 6 4464 1
B8 2 6816 1
B9 1 3694 1
B10 5 4927 2
B11 1 11649 2
B12 5 9123 1
B13 2 9392 1
B14 1 8196 2
B15 1 5679 1
B16 2 2519 1
B17 1 4728 1
B18 3 3940 1
B19 6 3249 2
B20 6 6002 1
B21 4 5492 1
B22 3 3007 1
B23 4 4570 1
B24 5 4180 1
B25 8 10583 1
B26 2 6562 1
B27 3 7596 1
B28 8 9391 1
B29 7 6730 1
B30 4 4412 1
B31 5 3695 1
B32 1 4117 1
B33 7 15747 1
B34 8 10227 2
B35 8 16627 2
B36 2 7918 1
B37 3 2193 1
B38 4 4274 1
B39 3 6072 1
B40 7 4098 1
B41 8 7390 1
B42 6 8080 1
B43 5 7000 1
B44 4 4351 1
B45 1 8316 1
B46 2 3644 1
B47 7 4958 2
B48 7 4673 2
B49 5 8843 2
B50 1 7332 2
B51 8 13272 1
B52 6 12551 2
B53 4 8767 2
B54 2 5255 2
B55 5 11541 2
B56 7 8173 2
B57 8 13882 2
B58 1 9905 2
B59 3 11268 2
B60 2 5468 2
