B1 4 3486 1
B2 5 1949 1
B3 1 1581 1
B4 2 1252 1
B5 4 3070 2
B6 3 2037 1
B7 6 3094 1
B8 6 5843 2
B9 1 3100 1
B10 3 1974 1
B11 5 3260 2
B12 5 4223 1
B13 2 1316 1
B14 1 3255 2
B15 1 3293 1
B16 2 3598 1
B17 1 3712 1
B18 3 3039 1
B19 5 2664 1
B20 4 3222 2
B21 1 3642 2
B22 3 7118 1
B23 4 5523 1
B24 5 23278 1
B25 8 5904 1
B26 2 4228 1
B27 3 9170 1
B28 8 16069 1
B29 7 11260 1
B30 4 13166 1
B31 5 7866 1
B32 1 46124 1
B33 1 19236 2
B34 2 24860 2
B35 2 31352 2
B36 3 24475 2
B37 3 7493 1
B38 4 9454 1
B39 3 16703 1
B40 7 12666 1
B41 8 17284 1
B42 6 21433 1
B43 5 16329 1
B44 4 30772 1
B45 1 13516 1
B46 7 40218 2
B47 2 10859 2
B48 7 31247 2
B49 7 37565 1
B50 5 45859 2
B51 8 10758 1
B52 2 15070 1
B53 1 77560 1
B54 5 37886 1
B55 1 27931 1
B56 6 10780 1
B57 3 20722 1
B58 6 138835 2
B59 5 51155 2
B60 2 32346 2
