B1 6 5326 2
B2 5 1885 1
B3 1 3745 1
B4 2 2881 1
B5 6 3625 1
B6 3 2594 1
B7 6 3829 1
B8 2 5569 1
B9 1 2150 1
B10 3 3658 1
B11 4 7363 1
B12 5 11157 1
B13 2 4838 1
B14 6 4825 1
B15 1 2936 1
B16 2 2307 1
B17 1 2972 1
B18 3 3724 1
B19 5 2606 1
B20 6 5464 1
B21 4 2884 1
B22 3 3821 1
B23 4 5130 1
B24 5 8559 1
B25 6 5486 2
B26 2 4083 1
B27 3 7323 1
B28 3 44175 2
B29 3 36261 2
B30 4 16534 1
B31 5 12423 1
B32 1 32186 1
B33 1 8476 2
B34 1 25759 2
B35 1 24542 1
B36 5 16344 2
B37 3 22598 1
B38 4 8594 1
B39 3 6791 1
B40 7 7174 1
B41 8 12262 1
B42 6 9063 1
B43 5 13684 1
B44 4 16360 1
B45 3 29611 2
B46 4 25623 2
B47 2 40498 2
B48 7 34298 2
B49 7 6311 1
B50 6 9753 1
B51 8 6266 1
B52 2 15687 1
B53 1 6580 1
B54 5 20496 1
B55 1 12883 1
B56 6 12978 1
B57 3 17914 1
B58 6 51436 2
B59 5 27091 2
B60 2 51390 2
