B1 4 16931 1
B2 5 12760 1
B3 1 8898 1
B4 2 9956 1
B5 6 8320 1
B6 3 4073 1
B7 6 5820 1
B8 2 5845 1
B9 1 5728 1
B10 3 5768 1
B11 4 9576 1
B12 5 16722 1
B13 2 3965 1
B14 6 4620 1
B15 1 3871 1
B16 2 4803 1
B17 1 4674 1
B18 3 6758 1
B19 5 7419 1
B20 6 7938 1
B21 4 4805 1
B22 3 5319 1
B23 4 4980 1
B24 5 17411 1
B25 8 7991 1
B26 2 10658 1
B27 1 20099 2
B28 8 19647 1
B29 7 23442 1
B30 4 10900 1
B31 5 6804 1
B32 5 49343 2
B33 7 19809 1
B34 8 46825 2
B35 1 83441 1
B36 2 31007 1
B37 3 2915 1
B38 4 6094 1
B39 3 8674 1
B40 7 6569 1
B41 8 9521 1
B42 6 17294 1
B43 5 18487 1
B44 4 9506 1
B45 5 17111 2
B46 1 19512 2
B47 4 26441 2
B48 3 38774 2
B49 7 10747 1
B50 6 33701 1
B51 8 8920 1
B52 5 6981 2
B53 1 24295 1
B54 5 18418 1
B55 4 14266 2
B56 8 10353 2
B57 3 29566 1
B58 6 51463 2
B59 3 18924 2
B60 3 10102 2
