B1 4 3895 1
B2 5 2353 1
B3 1 1906 1
B4 2 1628 1
B5 6 2131 1
B6 3 2168 1
B7 6 4486 1
B8 2 3832 1
B9 1 2974 1
B10 3 3320 1
B11 1 3901 2
B12 2 2738 2
B13 2 1328 1
B14 6 4414 1
B15 1 3247 1
B16 2 1669 1
B17 5 4114 2
B18 4 5177 2
B19 1 7031 2
B20 6 12266 1
B21 1 2992 2
B22 3 4095 1
B23 6 6737 2
B24 6 3527 2
B25 8 6552 1
B26 2 2765 1
B27 3 9924 1
B28 8 6530 1
B29 7 6397 1
B30 3 3712 2
B31 4 7161 2
B32 6 10517 2
B33 7 5977 1
B34 8 6092 2
B35 1 12214 1
B36 3 6331 2
B37 3 2378 1
B38 4 4035 1
B39 4 8574 2
B40 6 7841 2
B41 8 8845 1
B42 7 5793 2
B43 4 8347 2
B44 4 12654 1
B45 2 7652 2
B46 7 7101 2
B47 7 10372 2
B48 6 16897 1
B49 7 8675 1
B50 1 4282 2
B51 3 12969 2
B52 2 17807 1
B53 1 6738 1
B54 2 8685 2
B55 7 3657 2
B56 8 5977 2
B57 8 8435 2
B58 7 12876 2
B59 8 3895 2
B60 7 25481 2
