B1 4 4061 1
B2 5 3577 1
B3 1 2139 1
B4 2 1838 1
B5 6 2291 1
B6 3 2552 1
B7 6 3024 1
B8 2 2378 1
B9 1 3082 1
B10 5 5857 2
B11 4 5205 1
B12 6 6590 2
B13 2 3102 1
B14 6 3185 1
B15 1 2690 1
B16 2 4151 1
B17 1 3837 1
B18 3 4984 1
B19 5 2722 1
B20 2 5327 2
B21 4 11922 1
B22 3 3448 1
B23 4 4501 1
B24 6 7151 2
B25 8 4309 1
B26 2 4764 1
B27 3 6419 1
B28 4 5712 2
B29 7 6588 1
B30 4 7149 1
B31 5 6684 1
B32 4 11836 2
B33 7 9640 1
B34 8 9120 2
B35 8 15115 2
B36 1 21583 2
B37 3 3041 1
B38 4 3510 1
B39 3 4258 1
B40 7 4914 1
B41 4 22353 2
B42 3 10812 2
B43 5 12991 1
B44 4 7005 1
B45 1 20285 1
B46 6 17640 2
B47 2 14505 2
B48 7 10654 2
B49 7 14843 1
B50 6 6667 1
B51 8 8442 1
B52 5 11947 2
B53 5 11696 2
B54 6 11961 2
B55 4 21173 2
B56 6 28728 1
B57 5 27189 2
B58 8 22701 2
B59 5 29565 2
B60 3 18722 2
