B1 6 6290 2
B2 5 2105 1
B3 1 7785 1
B4 2 3611 1
B5 6 3419 1
B6 3 3052 1
B7 4 2973 2
B8 6 4626 2
B9 1 3497 1
B10 6 6512 2
B11 5 3624 2
B12 6 4934 2
B13 2 2059 1
B14 6 2517 1
B15 1 1968 1
B16 2 4782 1
B17 1 6753 1
B18 3 8366 1
B19 1 3959 2
B20 6 15034 1
B21 4 10435 1
B22 3 4337 1
B23 4 10434 1
B24 3 10676 2
B25 8 5257 1
B26 2 8199 1
B27 3 7338 1
B28 8 11934 1
B29 7 12093 1
B30 3 5386 2
B31 5 4839 1
B32 7 4679 2
B33 8 1349 2
B34 8 9197 2
B35 1 12091 1
B36 3 1745 2
B37 3 3700 1
B38 4 6635 1
B39 3 5201 1
B40 4 1295 2
B41 8 6574 1
B42 3 14652 2
B43 5 28913 1
B44 4 10624 1
B45 1 10542 1
B46 5 2370 2
B47 4 5382 2
B48 1 8934 2
B49 7 8963 1
B50 6 8286 1
B51 8 8941 1
B52 8 3770 2
B53 1 8128 1
B54 3 10063 2
B55 2 3918 2
B56 1 13875 2
B57 3 11215 1
B58 3 1849 2
B59 3 7582 2
B60 3 5636 2
