B1 4 4934 1
B2 5 2950 1
B3 1 2253 1
B4 2 1734 1
B5 6 3977 1
B6 3 3057 1
B7 6 2084 1
B8 2 5118 1
B9 1 2255 1
B10 3 4498 1
B11 5 3756 2
B12 5 6401 1
B13 2 2429 1
B14 6 3896 1
B15 1 2630 1
B16 2 1931 1
B17 1 3349 1
B18 3 7717 1
B19 5 6507 1
B20 6 3343 1
B21 6 3261 2
B22 3 3061 1
B23 4 5235 1
B24 5 6009 1
B25 8 5701 1
B26 2 4204 1
B27 3 25085 1
B28 8 19348 1
B29 7 10077 1
B30 4 6759 1
B31 6 1630 2
B32 8 544 2
B33 2 344 2
B34 6 307 1
B35 5 976 2
B36 3 239 2
B37 8 480 2
B38 8 940 2
B39 6 500 2
B40 2 418 2
B41 8 331 1
B42 8 4942 2
B43 7 377 2
B44 3 341 2
B45 5 542 2
B46 6 397 2
B47 2 487 2
B48 8 313 2
B49 7 324 1
B50 2 365 2
B51 1 359 2
B52 8 268 2
B53 7 232 2
B54 8 363 2
B55 8 368 2
B56 2 311 2
B57 7 1152 2
B58 7 653 2
B59 8 483 2
B60 2 484 2
