B1 4 5979 1
B2 5 2336 1
B3 1 8260 1
B4 2 2192 1
B5 6 4285 1
B6 3 3507 1
B7 6 3925 1
B8 2 5216 1
B9 1 2375 1
B10 3 2615 1
B11 4 8811 1
B12 5 7752 1
B13 2 2573 1
B14 6 3840 1
B15 1 2145 1
B16 2 3400 1
B17 1 4249 1
B18 3 4717 1
B19 5 5583 1
B20 6 11386 1
B21 4 4757 1
B22 3 6644 1
B23 4 8118 1
B24 5 17478 1
B25 8 7854 1
B26 2 13616 1
B27 3 12246 1
B28 8 23442 1
B29 7 11911 1
B30 4 19903 1
B31 5 6638 1
B32 7 19631 2
B33 7 11758 1
B34 6 27228 1
B35 1 24885 1
B36 2 19121 1
B37 3 3158 1
B38 4 10803 1
B39 3 8674 1
B40 7 8291 1
B41 8 7218 1
B42 5 12514 2
B43 8 18943 2
B44 4 14095 1
B45 1 16923 1
B46 2 36914 1
B47 8 65490 2
B48 6 45035 1
B49 7 7857 1
B50 6 19326 1
B51 8 6972 1
B52 2 16895 1
B53 1 12724 1
B54 5 35390 1
B55 3 70695 2
B56 6 26626 1
B57 8 43196 2
B58 2 297821 1
B59 4 197144 1
B60 1 56303 2
