B1 4 10619 1
B2 5 2655 1
B3 1 4507 1
B4 2 3042 1
B5 6 3629 1
B6 3 4913 1
B7 6 7446 1
B8 2 12907 1
B9 1 5658 1
B10 3 6978 1
B11 1 12690 2
B12 5 13543 1
B13 2 6850 1
B14 6 6566 1
B15 1 3315 1
B16 2 8364 1
B17 1 14655 1
B18 3 8054 1
B19 6 6971 2
B20 6 17861 1
B21 4 10243 1
B22 3 8969 1
B23 4 8355 1
B24 5 16733 1
B25 2 15052 2
B26 2 10047 1
B27 3 11284 1
B28 8 20689 1
B29 7 9244 1
B30 5 10615 2
B31 5 17503 1
B32 6 22803 2
B33 1 9064 2
B34 1 75 2
B35 5 22915 2
B36 3 9044 2
B37 3 4100 1
B38 4 6637 1
B39 3 5372 1
B40 7 6395 1
B41 8 9975 1
B42 6 12203 1
B43 5 22388 1
B44 4 18483 1
B45 1 21511 1
B46 2 27972 1
B47 5 26972 1
B48 6 13677 1
B49 7 8916 1
B50 6 34205 1
B51 2 3917 2
B52 6 13468 2
B53 7 21089 2
B54 2 30583 2
B55 5 46144 2
B56 2 5969 2
B57 2 18391 2
B58 7 7517 2
B59 2 24944 2
B60 3 24150 2
