B1 4 4925 1
B2 5 2458 1
B3 1 9839 1
B4 2 2652 1
B5 6 3946 1
B6 3 2885 1
B7 6 5527 1
B8 2 10654 1
B9 1 9111 1
B10 3 6540 1
B11 4 7950 1
B12 6 7335 2
B13 2 2739 1
B14 6 3076 1
B15 1 2692 1
B16 2 3394 1
B17 1 3019 1
B18 3 8389 1
B19 5 3385 1
B20 6 10887 1
B21 4 4102 1
B22 3 3729 1
B23 4 4270 1
B24 5 10302 1
B25 8 10801 1
B26 2 3499 1
B27 3 9639 1
B28 8 16776 1
B29 7 4619 1
B30 1 4491 2
B31 5 21318 1
B32 1 25686 1
B33 7 9201 1
B34 8 32654 2
B35 2 42483 2
B36 2 18507 1
B37 3 2684 1
B38 4 6157 1
B39 3 3499 1
B40 3 2608 2
B41 2 10444 2
B42 6 20922 1
B43 5 26967 1
B44 4 21587 1
B45 1 22951 1
B46 5 43189 2
B47 5 439 1
B48 2 40894 2
B49 7 9106 1
B50 6 17320 1
B51 8 8821 1
B52 2 10054 1
B53 1 13576 1
B54 5 17362 1
B55 1 11252 1
B56 6 41133 1
B57 3 31087 1
B58 2 47061 1
B59 6 37235 2
B60 2 48383 2
