B1 1 2617 2
B2 5 2331 1
B3 1 1975 1
B4 2 1313 1
B5 6 2564 1
B6 3 2488 1
B7 6 4938 1
B8 2 2109 1
B9 1 2271 1
B10 3 4924 1
B11 4 4809 1
B12 5 5731 1
B13 2 1897 1
B14 6 2988 1
B15 1 1794 1
B16 2 2375 1
B17 1 5170 1
B18 3 3760 1
B19 5 2863 1
B20 6 5272 1
B21 4 4248 1
B22 3 3557 1
B23 4 4271 1
B24 5 13762 1
B25 8 5337 1
B26 2 6214 1
B27 3 9582 1
B28 8 13462 1
B29 7 15125 1
B30 2 5547 2
B31 5 10091 1
B32 7 39481 2
B33 7 13960 1
B34 4 25737 2
B35 5 26828 2
B36 2 42260 1
B37 3 3308 1
B38 4 3602 1
B39 3 5805 1
B40 7 24880 1
B41 8 24445 1
B42 7 6945 2
B43 5 36216 1
B44 4 7941 1
B45 1 26680 1
B46 7 20085 2
B47 7 89123 2
B48 8 41552 2
B49 7 7012 1
B50 6 7729 1
B51 8 9996 1
B52 2 37119 1
B53 1 10611 1
B54 5 24228 1
B55 1 30294 1
B56 6 13199 1
B57 5 15307 2
B58 2 54013 1
B59 4 12981 1
B60 5 39521 1
