B1 4 5320 1
B2 5 2137 1
B3 1 3215 1
B4 2 2901 1
B5 6 3882 1
B6 3 3560 1
B7 6 4650 1
B8 2 6938 1
B9 1 5540 1
B10 3 9384 1
B11 4 9923 1
B12 5 14766 1
B13 2 3980 1
B14 6 4651 1
B15 1 2881 1
B16 2 3694 1
B17 1 4991 1
B18 3 7544 1
B19 5 5265 1
B20 6 9844 1
B21 4 5670 1
B22 3 6113 1
B23 2 4212 2
B24 6 31166 2
B25 8 5973 1
B26 2 3584 1
B27 3 22474 1
B28 8 9167 1
B29 7 6181 1
B30 8 15301 2
B31 5 6248 1
B32 7 25758 2
B33 6 15266 2
B34 4 7196 2
B35 1 31832 1
B36 8 14921 2
B37 3 4785 1
B38 4 6869 1
B39 1 3475 2
B40 7 21984 1
B41 8 17219 1
B42 6 11740 1
B43 5 17765 1
B44 4 34182 1
B45 1 36735 1
B46 4 34558 2
B47 7 57250 2
B48 3 22889 2
B49 7 12945 1
B50 6 23123 1
B51 8 17652 1
B52 2 14911 1
B53 1 13619 1
B54 5 20847 1
B55 7 46011 2
B56 1 34566 2
B57 3 24540 1
B58 5 44476 2
B59 3 13017 2
B60 5 21092 1
