B1 4 9310 1
B2 5 2565 1
B3 1 5773 1
B4 2 2441 1
B5 6 3015 1
B6 3 3109 1
B7 6 4412 1
B8 2 3103 1
B9 1 3819 1
B10 3 6937 1
B11 4 3943 1
B12 1 4441 2
B13 2 1842 1
B14 6 3530 1
B15 1 1533 1
B16 2 2926 1
B17 1 2978 1
B18 3 3074 1
B19 5 5144 1
B20 5 2688 2
B21 4 3740 1
B22 3 3251 1
B23 6 3204 2
B24 5 8397 1
B25 8 4536 1
B26 2 6638 1
B27 3 7201 1
B28 8 13194 1
B29 7 5717 1
B30 5 12624 2
B31 5 5169 1
B32 7 28819 2
B33 1 7036 2
B34 8 27299 2
B35 1 20257 1
B36 5 29748 2
B37 3 8525 1
B38 4 8266 1
B39 3 17926 1
B40 7 6845 1
B41 8 9536 1
B42 6 8471 1
B43 4 11159 2
B44 4 29774 1
B45 8 43641 2
B46 2 40611 1
B47 4 11368 2
B48 2 63108 2
B49 7 80846 1
B50 3 31432 2
B51 8 11853 1
B52 5 20354 2
B53 1 38379 1
B54 7 36016 2
B55 1 42653 1
B56 6 25395 1
B57 3 9139 1
B58 3 47999 2
B59 5 37801 2
B60 2 67171 2
