B1 4 22930 1
B2 5 5365 1
B3 1 6943 1
B4 2 6183 1
B5 6 4439 1
B6 3 9739 1
B7 6 11609 1
B8 2 8129 1
B9 1 7148 1
B10 3 6088 1
B11 4 15442 1
B12 5 5617 1
B13 2 3716 1
B14 6 4092 1
B15 1 9207 1
B16 2 3617 1
B17 1 4498 1
B18 3 6337 1
B19 4 4742 2
B20 6 8255 1
B21 4 4087 1
B22 3 3434 1
B23 4 4181 1
B24 6 17200 2
B25 8 7918 1
B26 2 6697 1
B27 3 14300 1
B28 8 18197 1
B29 4 18986 2
B30 4 8727 1
B31 5 9471 1
B32 1 33131 1
B33 1 10288 2
B34 8 19315 2
B35 5 26184 2
B36 6 26070 2
B37 3 4871 1
B38 4 10362 1
B39 3 7917 1
B40 7 11845 1
B41 8 15052 1
B42 3 23262 2
B43 5 16006 1
B44 2 34331 2
B45 3 14624 2
B46 6 17690 2
B47 1 17461 2
B48 1 29819 2
B49 7 9678 1
B50 6 8032 1
B51 8 9877 1
B52 2 11707 1
B53 1 18916 1
B54 6 11602 2
B55 1 278372 1
B56 6 12954 1
B57 3 23843 1
B58 7 7046 2
B59 6 7696 2
B60 8 9856 2
