B1 1 2123 2
B2 5 2352 1
B3 1 2105 1
B4 3 1522 2
B5 6 1838 1
B6 3 3054 1
B7 4 2192 2
B8 2 2394 1
B9 1 1678 1
B10 3 2339 1
B11 1 3514 2
B12 1 2710 2
B13 2 1986 1
B14 1 2757 2
B15 1 1544 1
B16 2 2607 1
B17 1 3955 1
B18 1 3803 2
B19 5 2532 1
B20 1 1863 2
B21 4 3161 1
B22 1 1417 2
B23 2 1118 2
B24 1 1014 2
B25 2 2103 2
B26 2 2124 1
B27 4 4101 2
B28 2 1224 2
B29 7 562 1
B30 4 277 1
B31 3 298 2
B32 2 298 2
B33 5 273 2
B34 4 233 2
B35 1 215 1
B36 7 609 2
B37 3 518 1
B38 3 887 2
B39 2 556 2
B40 5 264 2
B41 4 269 2
B42 3 271 2
B43 2 673 2
B44 5 1533 2
B45 4 262 2
B46 3 269 2
B47 2 835 2
B48 1 687 2
B49 4 1253 2
B50 5 810 2
B51 2 6727 2
B52 3 739 2
B53 5 1567 2
B54 6 956 2
B55 1 1437 1
B56 3 975 2
B57 2 871 2
B58 6 1165 2
B59 4 1057 1
B60 4 2641 2
