B1 4 12753 1
B2 5 5616 1
B3 1 5993 1
B4 2 7063 1
B5 6 6951 1
B6 1 5687 2
B7 6 4272 1
B8 2 6565 1
B9 1 3909 1
B10 3 4609 1
B11 4 13098 1
B12 5 15383 1
B13 2 12611 1
B14 6 7963 1
B15 1 5615 1
B16 2 6067 1
B17 1 8045 1
B18 4 4382 2
B19 5 8425 1
B20 6 7615 1
B21 4 6810 1
B22 3 4224 1
B23 4 5497 1
B24 4 42657 2
B25 8 4631 1
B26 2 7158 1
B27 3 19018 1
B28 8 20347 1
B29 7 10920 1
B30 4 10143 1
B31 5 7647 1
B32 7 22239 2
B33 7 12456 1
B34 6 33536 1
B35 1 39841 1
B36 2 98546 1
B37 3 4921 1
B38 4 9928 1
B39 3 7264 1
B40 7 12439 1
B41 8 26684 1
B42 6 23314 1
B43 5 32588 1
B44 4 27775 1
B45 1 36063 1
B46 2 34613 1
B47 7 111178 2
B48 7 50073 2
B49 7 10343 1
B50 6 32418 1
B51 8 8640 1
B52 2 30063 1
B53 1 12118 1
B54 5 21642 1
B55 1 105216 1
B56 6 27779 1
B57 3 62400 1
B58 6 237718 2
B59 4 30505 1
B60 6 136054 2
