B1 4 17484 1
B2 5 2261 1
B3 1 3144 1
B4 2 2565 1
B5 6 2939 1
B6 3 2648 1
B7 6 2675 1
B8 2 2366 1
B9 1 2709 1
B10 3 3919 1
B11 4 5535 1
B12 1 5787 2
B13 2 3792 1
B14 6 6541 1
B15 1 3987 1
B16 2 2301 1
B17 1 3542 1
B18 3 4882 1
B19 5 2710 1
B20 6 5015 1
B21 4 4613 1
B22 3 5062 1
B23 4 4206 1
B24 6 46405 2
B25 8 9851 1
B26 2 4103 1
B27 3 8150 1
B28 8 14971 1
B29 7 4799 1
B30 4 7945 1
B31 5 8677 1
B32 1 19154 1
B33 1 9475 2
B34 6 29477 1
B35 1 15910 1
B36 2 15256 1
B37 3 4037 1
B38 4 11653 1
B39 4 10692 2
B40 7 7509 1
B41 8 9826 1
B42 6 36497 1
B43 5 27135 1
B44 4 16428 1
B45 1 38220 1
B46 2 121155 1
B47 3 48264 2
B48 8 72979 2
B49 7 12581 1
B50 6 54120 1
B51 8 9355 1
B52 2 17143 1
B53 1 11336 1
B54 5 22381 1
B55 1 81170 1
B56 6 16425 1
B57 3 35374 1
B58 2 48598 1
B59 4 91191 1
B60 1 157216 2
