B1 4 3859 1
B2 5 2025 1
B3 1 2407 1
B4 2 2137 1
B5 4 2861 2
B6 3 2565 1
B7 6 3282 1
B8 2 3339 1
B9 1 3830 1
B10 3 4414 1
B11 4 5342 1
B12 5 6643 1
B13 2 5630 1
B14 6 5888 1
B15 4 2087 2
B16 2 1882 1
B17 1 7756 1
B18 3 3343 1
B19 5 2991 1
B20 6 3928 1
B21 4 8147 1
B22 3 2746 1
B23 4 4931 1
B24 5 12765 1
B25 8 6863 1
B26 2 6242 1
B27 3 28398 1
B28 8 17594 1
B29 7 16949 1
B30 4 13546 1
B31 5 9311 1
B32 4 72461 2
B33 7 11824 1
B34 6 65994 1
B35 1 71578 1
B36 5 26261 2
B37 3 8668 1
B38 4 13827 1
B39 3 19129 1
B40 7 6613 1
B41 8 6988 1
B42 6 11906 1
B43 5 22620 1
B44 4 12442 1
B45 1 25706 1
B46 2 50677 1
B47 6 114081 2
B48 7 26395 2
B49 7 6985 1
B50 6 17922 1
B51 8 12171 1
B52 2 24021 1
B53 1 8864 1
B54 5 25438 1
B55 1 86348 1
B56 6 95984 1
B57 3 74289 1
B58 2 108034 1
B59 4 98440 1
B60 1 77914 2
