B1 4 7237 1
B2 5 3310 1
B3 1 4392 1
B4 3 2649 2
B5 6 3219 1
B6 3 3061 1
B7 6 4027 1
B8 3 2067 2
B9 1 2928 1
B10 1 4650 2
B11 4 5133 1
B12 5 6410 1
B13 2 2486 1
B14 1 4995 2
B15 1 3278 1
B16 2 3756 1
B17 1 2603 1
B18 3 5663 1
B19 1 2029 2
B20 6 3530 1
B21 4 4019 1
B22 3 3134 1
B23 4 8547 1
B24 2 7777 2
B25 8 10328 1
B26 2 4166 1
B27 3 4189 1
B28 8 10846 1
B29 7 5497 1
B30 4 4064 1
B31 5 5317 1
B32 4 18774 2
B33 1 5642 2
B34 4 13205 2
B35 5 9968 2
B36 3 11715 2
B37 3 3217 1
B38 2 10586 2
B39 4 7700 2
B40 7 7154 1
B41 2 14475 2
B42 1 11950 2
B43 8 16206 2
B44 8 10705 2
B45 1 20995 1
B46 2 10536 1
B47 7 17174 2
B48 1 20423 2
B49 7 11348 1
B50 6 7636 1
B51 8 5858 1
B52 2 20577 1
B53 1 11436 1
B54 8 9600 2
B55 1 5793 1
B56 8 10598 2
B57 3 23402 1
B58 3 14751 2
B59 3 8139 2
B60 2 18854 2
