B1 4 4964 1
B2 5 2710 1
B3 1 3802 1
B4 2 2471 1
B5 6 5018 1
B6 3 3710 1
B7 6 3457 1
B8 2 3581 1
B9 1 5193 1
B10 3 6020 1
B11 4 9007 1
B12 5 6820 1
B13 2 3152 1
B14 6 3322 1
B15 1 3852 1
B16 2 3230 1
B17 1 4229 1
B18 3 4609 1
B19 5 4628 1
B20 6 4534 1
B21 4 3237 1
B22 3 4768 1
B23 4 5461 1
B24 6 10898 2
B25 8 7942 1
B26 2 3415 1
B27 3 16936 1
B28 8 14420 1
B29 7 8183 1
B30 4 7900 1
B31 5 11188 1
B32 4 10388 2
B33 1 12617 2
B34 8 8927 2
B35 3 31083 2
B36 4 32123 2
B37 3 4754 1
B38 4 8856 1
B39 3 7793 1
B40 7 11707 1
B41 8 6850 1
B42 6 8478 1
B43 8 6299 2
B44 4 8522 1
B45 1 14868 1
B46 2 32574 1
B47 2 59670 2
B48 7 21436 2
B49 7 13096 1
B50 6 52833 1
B51 8 10633 1
B52 2 26774 1
B53 1 7019 1
B54 5 34663 1
B55 1 34354 1
B56 2 60011 2
B57 4 16331 2
B58 6 47563 2
B59 1 44488 2
B60 2 44710 2
