B1 4 2251 1
B2 5 2271 1
B3 1 2996 1
B4 2 2721 1
B5 6 3059 1
B6 3 3500 1
B7 6 4346 1
B8 2 3427 1
B9 1 3172 1
B10 3 6872 1
B11 4 5806 1
B12 5 7231 1
B13 2 4884 1
B14 6 5069 1
B15 1 2863 1
B16 2 2750 1
B17 1 5235 1
B18 3 4804 1
B19 5 4902 1
B20 6 3121 1
B21 4 3312 1
B22 3 4903 1
B23 4 5293 1
B24 6 16215 2
B25 8 7211 1
B26 2 5918 1
B27 3 14772 1
B28 8 8169 1
B29 7 10352 1
B30 4 7670 1
B31 4 5192 2
B32 4 23336 2
B33 7 11486 1
B34 8 46599 2
B35 5 7218 2
B36 3 57269 2
B37 3 3121 1
B38 4 7683 1
B39 3 8209 1
B40 7 7461 1
B41 8 7651 1
B42 6 14509 1
B43 5 16036 1
B44 4 23817 1
B45 1 13918 1
B46 4 25542 2
B47 2 35266 2
B48 7 40405 2
B49 7 6331 1
B50 6 23395 1
B51 8 6633 1
B52 2 7411 1
B53 1 12035 1
B54 5 12449 1
B55 5 34293 2
B56 6 23505 1
B57 1 46731 2
B58 2 22614 1
B59 7 17799 2
B60 7 25735 2
