B1 4 7339 1
B2 5 6977 1
B3 1 8281 1
B4 2 4020 1
B5 6 6338 1
B6 3 4369 1
B7 6 4957 1
B8 2 6334 1
B9 1 4972 1
B10 3 12630 1
B11 4 10348 1
B12 1 10516 2
B13 2 4812 1
B14 6 5880 1
B15 1 4372 1
B16 2 6141 1
B17 4 6556 2
B18 3 13320 1
B19 5 5233 1
B20 6 16181 1
B21 1 12044 2
B22 3 12817 1
B23 4 12023 1
B24 2 54029 2
B25 8 9458 1
B26 7 9248 2
B27 3 19080 1
B28 8 20035 1
B29 7 11322 1
B30 4 98160 1
B31 5 6841 1
B32 6 111793 2
B33 1 165615 2
B34 4 18786 2
B35 2 51923 2
B36 6 36623 2
B37 3 17577 1
B38 4 22769 1
B39 3 7740 1
B40 7 17052 1
B41 8 13572 1
B42 6 28558 1
B43 6 27332 2
B44 4 39406 1
B45 1 31761 1
B46 4 98457 2
B47 4 61560 2
B48 4 27395 2
B49 3 12180 2
B50 5 32457 2
B51 8 34008 1
B52 4 22062 2
B53 7 139234 2
B54 2 71438 2
B55 7 41237 2
B56 6 27265 1
B57 1 112081 2
B58 7 39484 2
B59 5 29767 2
B60 7 37559 2
