B1 6 2467 2
B2 1 8610 2
B3 1 5179 1
B4 2 3039 1
B5 6 2008 1
B6 3 2124 1
B7 6 3177 1
B8 3 1731 2
B9 1 3433 1
B10 3 2292 1
B11 5 3570 2
B12 5 7442 1
B13 3 4879 2
B14 6 9369 1
B15 1 2119 1
B16 2 2461 1
B17 1 3317 1
B18 2 2363 2
B19 1 1849 2
B20 4 6061 2
B21 4 9922 1
B22 3 3250 1
B23 2 3225 2
B24 5 14969 1
B25 8 3324 1
B26 2 6297 1
B27 3 10768 1
B28 8 16218 1
B29 7 4169 1
B30 4 6748 1
B31 5 11210 1
B32 4 20013 2
B33 7 7846 1
B34 1 48460 2
B35 1 33838 1
B36 2 14508 1
B37 3 2284 1
B38 4 5080 1
B39 3 4010 1
B40 7 7069 1
B41 8 8292 1
B42 1 8101 2
B43 4 12314 2
B44 1 17515 2
B45 1 11004 1
B46 7 21093 2
B47 5 23453 1
B48 2 8258 2
B49 7 9859 1
B50 6 10434 1
B51 5 6805 2
B52 5 14890 2
B53 7 7095 2
B54 5 15473 1
B55 1 9380 1
B56 5 16198 2
B57 8 23382 2
B58 6 8676 2
B59 5 12067 2
B60 3 37359 2
