B1 4 6911 1
B2 5 2541 1
B3 1 2500 1
B4 2 5647 1
B5 6 3230 1
B6 3 2783 1
B7 6 4260 1
B8 2 3869 1
B9 1 2884 1
B10 3 2668 1
B11 4 5497 1
B12 5 5666 1
B13 2 2039 1
B14 6 5332 1
B15 1 2245 1
B16 2 2838 1
B17 1 2808 1
B18 4 3967 2
B19 4 2915 2
B20 3 5014 2
B21 4 5858 1
B22 3 2714 1
B23 4 6235 1
B24 5 37388 1
B25 8 4714 1
B26 2 3223 1
B27 3 5513 1
B28 8 11269 1
B29 7 6921 1
B30 8 8318 2
B31 5 5897 1
B32 1 28551 1
B33 7 8125 1
B34 6 16184 1
B35 1 7515 1
B36 2 12208 1
B37 3 4288 1
B38 4 6562 1
B39 3 7688 1
B40 7 6672 1
B41 8 7801 1
B42 6 21286 1
B43 8 6511 2
B44 4 18573 1
B45 1 14208 1
B46 2 15652 1
B47 5 36022 1
B48 5 15954 2
B49 7 9208 1
B50 5 19697 2
B51 8 7656 1
B52 2 12474 1
B53 1 7152 1
B54 5 35236 1
B55 1 20900 1
B56 7 72910 2
B57 3 20635 1
B58 3 47624 2
B59 6 46677 2
B60 5 37587 1
