B1 6 15962 2
B2 5 2524 1
B3 1 7345 1
B4 2 4150 1
B5 6 3202 1
B6 3 2837 1
B7 6 4382 1
B8 2 3856 1
B9 1 7240 1
B10 6 4383 2
B11 4 8120 1
B12 2 4478 2
B13 2 1790 1
B14 6 5209 1
B15 1 2331 1
B16 2 1987 1
B17 1 3854 1
B18 3 3683 1
B19 6 3475 2
B20 6 4028 1
B21 4 2973 1
B22 3 3576 1
B23 4 4334 1
B24 3 9505 2
B25 8 9153 1
B26 2 4610 1
B27 3 17314 1
B28 3 6957 2
B29 7 3658 1
B30 4 16249 1
B31 5 7683 1
B32 3 44955 2
B33 7 9804 1
B34 6 22416 1
B35 1 39975 1
B36 2 22457 1
B37 3 3360 1
B38 2 13680 2
B39 4 4621 2
B40 7 6005 1
B41 8 6154 1
B42 6 15671 1
B43 5 12267 1
B44 7 10210 2
B45 7 12780 2
B46 2 41936 1
B47 7 24507 2
B48 4 14465 2
B49 7 10378 1
B50 6 20826 1
B51 8 14305 1
B52 2 11561 1
B53 1 7098 1
B54 5 25778 1
B55 1 5501 1
B56 6 7902 1
B57 4 17450 2
B58 6 15433 2
B59 2 33050 2
B60 4 31864 2
