B1 4 7273 1
B2 2 7304 2
B3 5 4984 2
B4 2 3372 1
B5 6 4481 1
B6 3 2578 1
B7 6 4131 1
B8 2 4709 1
B9 1 6942 1
B10 3 4595 1
B11 1 3026 2
B12 5 6161 1
B13 2 1780 1
B14 6 5401 1
B15 1 2390 1
B16 2 2887 1
B17 1 2441 1
B18 3 3683 1
B19 5 5295 1
B20 6 7202 1
B21 4 2771 1
B22 3 2894 1
B23 4 4418 1
B24 5 6662 1
B25 8 5206 1
B26 2 3150 1
B27 3 4659 1
B28 4 6203 2
B29 1 9915 2
B30 4 6221 1
B31 5 5427 1
B32 4 21962 2
B33 1 14082 2
B34 2 33744 2
B35 1 17146 1
B36 2 16402 1
B37 3 5341 1
B38 4 8981 1
B39 4 12461 2
B40 7 8472 1
B41 8 4187 1
B42 6 25080 1
B43 5 67772 1
B44 8 18951 2
B45 8 17666 2
B46 3 24067 2
B47 5 42211 1
B48 2 40060 2
B49 7 12661 1
B50 6 24970 1
B51 8 7662 1
B52 2 18838 1
B53 1 5763 1
B54 5 4879 1
B55 1 66894 1
B56 6 26071 1
B57 1 8688 2
B58 5 34317 2
B59 1 67709 2
B60 3 9136 2
