B1 4 3245 1
B2 5 2387 1
B3 1 3221 1
B4 2 2198 1
B5 4 3964 2
B6 3 3410 1
B7 2 3162 2
B8 2 2483 1
B9 1 3149 1
B10 3 4308 1
B11 5 3756 2
B12 5 6699 1
B13 2 3369 1
B14 6 5732 1
B15 1 4285 1
B16 2 7395 1
B17 1 5771 1
B18 3 16355 1
B19 5 8770 1
B20 6 11110 1
B21 4 6134 1
B22 3 6271 1
B23 2 3672 2
B24 5 12851 1
B25 8 16925 1
B26 2 6075 1
B27 3 13770 1
B28 8 16268 1
B29 7 15156 1
B30 8 13356 2
B31 5 7470 1
B32 4 22854 2
B33 7 11312 1
B34 4 15166 2
B35 3 23174 2
B36 3 32766 2
B37 3 10701 1
B38 4 18445 1
B39 2 17093 2
B40 7 17750 1
B41 8 13595 1
B42 2 28413 2
B43 8 16608 2
B44 4 15518 1
B45 1 14815 1
B46 1 29066 2
B47 3 26380 2
B48 4 14952 2
B49 7 20908 1
B50 3 15396 2
B51 8 14496 1
B52 2 13749 1
B53 1 6928 1
B54 5 29635 1
B55 4 10699 2
B56 8 9019 2
B57 3 7304 1
B58 6 28089 2
B59 6 16590 2
B60 7 18482 2
