B1 4 5187 1
B2 5 1867 1
B3 1 2066 1
B4 2 1463 1
B5 6 2163 1
B6 3 2149 1
B7 6 3676 1
B8 2 2390 1
B9 5 4105 2
B10 3 3358 1
B11 4 5226 1
B12 5 5875 1
B13 2 1803 1
B14 6 2743 1
B15 1 1660 1
B16 2 3236 1
B17 1 2168 1
B18 3 7623 1
B19 5 5080 1
B20 6 3767 1
B21 4 6562 1
B22 3 7129 1
B23 4 3103 1
B24 3 7535 2
B25 2 6148 2
B26 2 2666 1
B27 3 6669 1
B28 4 10684 2
B29 7 5166 1
B30 3 9748 2
B31 5 5962 1
B32 4 7159 2
B33 7 8472 1
B34 2 16615 2
B35 3 18780 2
B36 3 6738 2
B37 3 2293 1
B38 4 8624 1
B39 3 7360 1
B40 7 6923 1
B41 8 6239 1
B42 1 10663 2
B43 5 8129 1
B44 4 6100 1
B45 1 10843 1
B46 6 14551 2
B47 5 25602 1
B48 6 10906 1
B49 7 7994 1
B50 6 13178 1
B51 2 8152 2
B52 7 14667 2
B53 3 11245 2
B54 6 12321 2
B55 4 21739 2
B56 6 14296 1
B57 5 3201 2
B58 6 5833 2
B59 6 309 2
B60 6 87 2
