B1 6 5213 2
B2 5 1755 1
B3 1 3059 1
B4 2 1854 1
B5 6 3503 1
B6 3 2173 1
B7 6 4266 1
B8 1 1911 2
B9 1 2390 1
B10 5 4405 2
B11 4 6607 1
B12 5 3859 1
B13 2 2261 1
B14 6 2626 1
B15 1 2185 1
B16 2 1624 1
B17 1 1818 1
B18 3 3646 1
B19 5 3259 1
B20 6 4523 1
B21 4 2938 1
B22 3 2988 1
B23 4 4483 1
B24 5 7760 1
B25 8 7822 1
B26 2 3688 1
B27 3 7570 1
B28 8 4385 1
B29 7 3787 1
B30 4 6930 1
B31 3 1007 2
B32 8 480 2
B33 4 426 2
B34 7 579 2
B35 3 360 2
B36 2 235 1
B37 8 714 2
B38 1 325 2
B39 7 318 2
B40 4 342 2
B41 6 309 2
B42 2 282 2
B43 5 207 1
B44 3 325 2
B45 7 331 2
B46 4 283 2
B47 8 149 2
B48 3 151 2
B49 1 1299 2
B50 8 471 2
B51 2 598 2
B52 5 545 2
B53 3 303 2
B54 7 279 2
B55 4 223 2
B56 1 141 2
B57 6 340 2
B58 4 259 2
B59 2 123 2
B60 3 379 2
