B1 4 6152 1
B2 5 2466 1
B3 1 4962 1
B4 2 3293 1
B5 6 2596 1
B6 3 3297 1
B7 6 4083 1
B8 2 6145 1
B9 1 3218 1
B10 3 5134 1
B11 4 6472 1
B12 6 6824 2
B13 2 2806 1
B14 6 3416 1
B15 1 3431 1
B16 2 3569 1
B17 1 5948 1
B18 3 4528 1
B19 5 4188 1
B20 3 4024 2
B21 2 6953 2
B22 3 4008 1
B23 4 16328 1
B24 4 19909 2
B25 8 7356 1
B26 2 5074 1
B27 3 7931 1
B28 8 11686 1
B29 7 6843 1
B30 1 6262 2
B31 5 8290 1
B32 4 28512 2
B33 7 11011 1
B34 8 8783 2
B35 2 41467 2
B36 2 19353 1
B37 3 2899 1
B38 4 4258 1
B39 3 8571 1
B40 7 8382 1
B41 8 9019 1
B42 6 8788 1
B43 2 6177 2
B44 4 9496 1
B45 1 16561 1
B46 2 26999 1
B47 7 36924 2
B48 6 28976 1
B49 7 24393 1
B50 3 10758 2
B51 8 14348 1
B52 3 27852 2
B53 7 13585 2
B54 4 36115 2
B55 1 40251 1
B56 6 19396 1
B57 4 28335 2
B58 4 54588 2
B59 7 45392 2
B60 2 17240 2
