B1 6 7516 2
B2 5 2588 1
B3 1 3026 1
B4 2 3797 1
B5 6 4661 1
B6 3 3217 1
B7 6 3713 1
B8 2 8207 1
B9 1 4514 1
B10 3 5536 1
B11 4 9072 1
B12 5 7757 1
B13 2 3969 1
B14 6 13270 1
B15 1 5553 1
B16 2 8000 1
B17 1 4640 1
B18 3 4772 1
B19 5 4027 1
B20 6 13394 1
B21 4 3537 1
B22 3 4918 1
B23 2 5684 2
B24 5 15664 1
B25 8 8721 1
B26 2 2347 1
B27 3 8122 1
B28 8 8473 1
B29 7 12147 1
B30 4 6836 1
B31 5 9754 1
B32 1 47727 1
B33 7 14984 1
B34 6 31702 1
B35 1 18499 1
B36 1 35888 2
B37 3 6910 1
B38 4 7848 1
B39 3 7085 1
B40 7 5165 1
B41 8 7202 1
B42 6 21307 1
B43 5 18949 1
B44 4 16161 1
B45 3 16126 2
B46 2 9913 1
B47 7 35465 2
B48 7 27340 2
B49 7 13116 1
B50 6 14943 1
B51 5 35545 2
B52 3 48776 2
B53 1 15330 1
B54 7 60969 2
B55 5 42079 2
B56 6 17025 1
B57 3 23645 1
B58 7 45323 2
B59 3 16446 2
B60 2 19704 2
