B1 6 7539 2
B2 5 8906 1
B3 1 6439 1
B4 2 5490 1
B5 6 3920 1
B6 3 2974 1
B7 6 3736 1
B8 1 3499 2
B9 1 3332 1
B10 3 2617 1
B11 5 7563 2
B12 5 4387 1
B13 2 5698 1
B14 6 6150 1
B15 1 3605 1
B16 2 5291 1
B17 1 4196 1
B18 3 7228 1
B19 5 7244 1
B20 6 5955 1
B21 4 3510 1
B22 3 3461 1
B23 4 4147 1
B24 5 25822 1
B25 8 4275 1
B26 2 9286 1
B27 3 11964 1
B28 3 16769 2
B29 4 12274 2
B30 4 17596 1
B31 5 10154 1
B32 4 18620 2
B33 7 13314 1
B34 8 18267 2
B35 1 37747 1
B36 3 20888 2
B37 3 5458 1
B38 4 17050 1
B39 3 8057 1
B40 7 20965 1
B41 8 11591 1
B42 6 13282 1
B43 8 36622 2
B44 4 10144 1
B45 1 24149 1
B46 2 27247 1
B47 8 39635 2
B48 8 17222 2
B49 7 10619 1
B50 6 8238 1
B51 8 7921 1
B52 2 11941 1
B53 1 11046 1
B54 5 20707 1
B55 1 30310 1
B56 5 27779 2
B57 4 26449 2
B58 4 26572 2
B59 1 28305 2
B60 1 19145 2
