B1 6 8198 2
B2 5 1808 1
B3 1 5482 1
B4 2 1878 1
B5 6 2736 1
B6 3 2688 1
B7 6 4154 1
B8 2 3008 1
B9 1 2541 1
B10 3 4469 1
B11 4 12575 1
B12 5 5077 1
B13 2 2405 1
B14 6 6140 1
B15 1 1880 1
B16 2 1929 1
B17 1 4131 1
B18 3 5849 1
B19 5 3055 1
B20 6 5398 1
B21 4 2867 1
B22 3 3739 1
B23 6 8354 2
B24 5 11464 1
B25 8 4323 1
B26 2 4097 1
B27 3 4510 1
B28 8 4791 1
B29 8 3619 2
B30 4 4899 1
B31 5 4855 1
B32 4 6512 2
B33 7 29659 1
B34 4 7732 2
B35 5 23002 2
B36 5 21790 2
B37 3 4415 1
B38 3 9165 2
B39 3 5191 1
B40 7 7532 1
B41 8 5644 1
B42 6 13744 1
B43 5 12374 1
B44 4 10507 1
B45 1 23542 1
B46 2 27733 1
B47 5 25247 1
B48 7 10346 2
B49 7 8882 1
B50 6 8605 1
B51 8 11541 1
B52 2 13508 1
B53 2 29720 2
B54 5 14410 1
B55 5 27514 2
B56 6 10124 1
B57 3 19774 1
B58 5 21994 2
B59 7 22196 2
B60 2 24465 2
