B1 4 21995 1
B2 5 5786 1
B3 1 9004 1
B4 2 4264 1
B5 6 5254 1
B6 3 6483 1
B7 6 8773 1
B8 2 16156 1
B9 1 5839 1
B10 3 6567 1
B11 4 21196 1
B12 5 76340 1
B13 2 7328 1
B14 6 8413 1
B15 1 6100 1
B16 2 10023 1
B17 1 6595 1
B18 3 10504 1
B19 1 14946 2
B20 6 6680 1
B21 4 4929 1
B22 3 6374 1
B23 4 6664 1
B24 6 12567 2
B25 8 7981 1
B26 2 19743 1
B27 3 11172 1
B28 3 19646 2
B29 7 16048 1
B30 3 15668 2
B31 5 11924 1
B32 6 58941 2
B33 7 36012 1
B34 6 170939 1
B35 1 43048 1
B36 2 32796 1
B37 3 7151 1
B38 4 12149 1
B39 3 17001 1
B40 7 27180 1
B41 8 11358 1
B42 6 20169 1
B43 4 45694 2
B44 4 54194 1
B45 1 21377 1
B46 5 56883 2
B47 8 55841 2
B48 8 45716 2
B49 7 10353 1
B50 6 12036 1
B51 8 15300 1
B52 8 42369 2
B53 1 25792 1
B54 4 66735 2
B55 1 22200 1
B56 7 23786 2
B57 3 26953 1
B58 7 31244 2
B59 5 37466 2
B60 7 23183 2
