B1 4 10990 1
B2 5 5812 1
B3 1 4320 1
B4 2 2807 1
B5 6 7197 1
B6 3 4343 1
B7 6 4406 1
B8 2 4346 1
B9 1 3183 1
B10 3 4415 1
B11 4 13582 1
B12 5 10135 1
B13 2 2702 1
B14 6 5462 1
B15 1 3775 1
B16 2 2424 1
B17 5 3477 2
B18 3 9255 1
B19 5 8804 1
B20 6 5501 1
B21 4 4440 1
B22 3 3924 1
B23 4 9418 1
B24 3 17723 2
B25 8 8319 1
B26 2 8749 1
B27 3 11413 1
B28 8 13362 1
B29 7 17609 1
B30 4 11110 1
B31 7 8771 2
B32 7 55894 2
B33 7 12131 1
B34 4 36533 2
B35 8 47865 2
B36 2 39255 1
B37 3 10212 1
B38 4 7302 1
B39 3 6600 1
B40 7 11245 1
B41 8 19619 1
B42 3 9597 2
B43 5 14711 1
B44 4 16822 1
B45 1 13916 1
B46 2 42806 1
B47 5 66165 1
B48 5 36347 2
B49 7 24184 1
B50 6 7557 1
B51 8 9828 1
B52 3 18018 2
B53 1 22481 1
B54 5 27942 1
B55 1 35951 1
B56 6 12111 1
B57 5 40716 2
B58 5 58464 2
B59 7 34951 2
B60 1 20447 2
