B1 4 5359 1
B2 5 2235 1
B3 1 10682 1
B4 2 3484 1
B5 6 3106 1
B6 3 4808 1
B7 6 5314 1
B8 2 5813 1
B9 1 7609 1
B10 3 9126 1
B11 4 9604 1
B12 5 15680 1
B13 2 6590 1
B14 6 8387 1
B15 1 3282 1
B16 2 5167 1
B17 1 5271 1
B18 3 7038 1
B19 5 10765 1
B20 6 10457 1
B21 4 6129 1
B22 3 3538 1
B23 4 7344 1
B24 5 11235 1
B25 8 11776 1
B26 2 18077 1
B27 3 38680 1
B28 8 22578 1
B29 7 43935 1
B30 4 39958 1
B31 5 11993 1
B32 1 63920 1
B33 7 32722 1
B34 6 81473 1
B35 1 57799 1
B36 2 25667 1
B37 3 4420 1
B38 4 27121 1
B39 3 24308 1
B40 7 18997 1
B41 8 19330 1
B42 6 41725 1
B43 4 32848 2
B44 4 36677 1
B45 1 45945 1
B46 2 154571 1
B47 7 161165 2
B48 5 41167 2
B49 7 10612 1
B50 6 22127 1
B51 8 13863 1
B52 2 36915 1
B53 1 17295 1
B54 5 23820 1
B55 1 68458 1
B56 6 18712 1
B57 8 65086 2
B58 4 123621 2
B59 7 157021 2
B60 2 50994 2
