B1 4 8105 1
B2 5 3068 1
B3 1 5084 1
B4 2 3587 1
B5 6 2813 1
B6 3 5014 1
B7 6 4900 1
B8 2 7463 1
B9 1 6335 1
B10 3 5576 1
B11 4 7504 1
B12 5 7217 1
B13 2 6127 1
B14 6 4392 1
B15 1 3451 1
B16 2 4810 1
B17 1 3488 1
B18 3 6119 1
B19 5 5191 1
B20 6 5846 1
B21 4 3782 1
B22 3 4916 1
B23 4 3489 1
B24 5 21043 1
B25 8 4950 1
B26 2 5814 1
B27 3 9986 1
B28 4 13430 2
B29 7 42595 1
B30 4 4609 1
B31 5 8166 1
B32 1 42270 1
B33 7 32560 1
B34 6 16262 1
B35 6 36305 2
B36 2 28847 1
B37 3 3695 1
B38 4 3912 1
B39 3 6863 1
B40 7 8423 1
B41 8 9188 1
B42 6 10444 1
B43 5 33630 1
B44 4 8500 1
B45 1 15924 1
B46 2 90614 1
B47 7 65605 2
B48 8 20963 2
B49 7 17159 1
B50 6 31304 1
B51 8 18529 1
B52 2 14915 1
B53 1 14999 1
B54 5 18927 1
B55 8 70888 2
B56 7 16817 2
B57 4 88179 2
B58 4 20664 2
B59 7 27507 2
B60 7 10180 2
