B1 4 6802 1
B2 5 2828 1
B3 1 5015 1
B4 2 2809 1
B5 6 2714 1
B6 3 3220 1
B7 6 3160 1
B8 2 7437 1
B9 1 5337 1
B10 3 5063 1
B11 5 14989 2
B12 5 19435 1
B13 2 5162 1
B14 6 6931 1
B15 1 6758 1
B16 2 6278 1
B17 1 2644 1
B18 3 6986 1
B19 5 3374 1
B20 4 5588 2
B21 1 3509 2
B22 3 4093 1
B23 4 13411 1
B24 3 41574 2
B25 8 7095 1
B26 2 12044 1
B27 3 16013 1
B28 8 16082 1
B29 7 18886 1
B30 4 12776 1
B31 5 10872 1
B32 4 52543 2
B33 7 16745 1
B34 4 12480 2
B35 3 30274 2
B36 2 63837 1
B37 3 6193 1
B38 4 10964 1
B39 3 16016 1
B40 7 13067 1
B41 8 5749 1
B42 6 25690 1
B43 5 32995 1
B44 4 20823 1
B45 1 12756 1
B46 2 69770 1
B47 3 20587 2
B48 5 68266 2
B49 7 15339 1
B50 3 29688 2
B51 8 12799 1
B52 2 22012 1
B53 1 8081 1
B54 5 16522 1
B55 3 22276 2
B56 5 20992 2
B57 3 39218 1
B58 6 28601 2
B59 1 47172 2
B60 7 18323 2
