B1 4 7790 1
B2 5 2235 1
B3 1 2981 1
B4 2 2591 1
B5 6 2793 1
B6 3 4784 1
B7 6 4207 1
B8 2 4474 1
B9 1 3668 1
B10 3 3275 1
B11 5 3673 2
B12 5 5261 1
B13 2 1951 1
B14 6 2921 1
B15 1 2680 1
B16 2 3500 1
B17 1 4286 1
B18 3 5840 1
B19 5 3943 1
B20 4 4161 2
B21 1 3065 2
B22 1 5734 2
B23 4 5210 1
B24 5 9719 1
B25 8 4885 1
B26 1 8945 2
B27 3 9629 1
B28 4 8064 2
B29 1 8924 2
B30 4 5154 1
B31 5 13919 1
B32 3 9433 2
B33 1 5638 2
B34 8 13241 2
B35 5 7207 2
B36 3 5511 2
B37 3 2980 1
B38 4 8395 1
B39 3 4516 1
B40 7 10369 1
B41 8 6272 1
B42 7 4755 2
B43 2 9587 2
B44 4 10836 1
B45 4 6110 2
B46 5 14657 2
B47 6 5455 2
B48 7 11823 2
B49 7 14442 1
B50 6 14986 1
B51 2 10232 2
B52 2 12613 1
B53 7 8417 2
B54 5 12052 1
B55 5 10958 2
B56 8 15823 2
B57 3 9548 1
B58 1 17972 2
B59 5 18057 2
B60 3 4287 2
