B1 4 8074 1
B2 5 1846 1
B3 1 3192 1
B4 2 1969 1
B5 6 3325 1
B6 3 2708 1
B7 6 3873 1
B8 2 8615 1
B9 1 3369 1
B10 3 4297 1
B11 4 4903 1
B12 1 6121 2
B13 2 2927 1
B14 6 4290 1
B15 1 2769 1
B16 2 2791 1
B17 1 2533 1
B18 3 2885 1
B19 5 4379 1
B20 6 4599 1
B21 4 2669 1
B22 3 2380 1
B23 4 3322 1
B24 5 4289 1
B25 8 5714 1
B26 2 6956 1
B27 3 14494 1
B28 8 7748 1
B29 7 9478 1
B30 4 4719 1
B31 5 5854 1
B32 1 4679 1
B33 7 7440 1
B34 4 6911 2
B35 1 21620 1
B36 8 10580 2
B37 3 2960 1
B38 4 5773 1
B39 3 5514 1
B40 7 5455 1
B41 8 5522 1
B42 6 5148 1
B43 5 8037 1
B44 4 6340 1
B45 1 10227 1
B46 2 17810 1
B47 3 34516 2
B48 8 41533 2
B49 7 7331 1
B50 6 17125 1
B51 8 6620 1
B52 2 10985 1
B53 1 6214 1
B54 5 13421 1
B55 1 21349 1
B56 6 12959 1
B57 1 8781 2
B58 2 13052 1
B59 4 11439 1
B60 5 25434 1
