B1 4 5813 1
B2 5 4377 1
B3 1 4464 1
B4 2 7922 1
B5 6 4624 1
B6 3 3743 1
B7 6 4176 1
B8 2 5778 1
B9 1 4267 1
B10 3 7693 1
B11 4 8450 1
B12 5 6361 1
B13 2 3375 1
B14 6 4978 1
B15 1 2814 1
B16 2 7723 1
B17 1 4749 1
B18 3 5424 1
B19 5 4765 1
B20 6 4951 1
B21 4 6808 1
B22 3 5116 1
B23 4 4531 1
B24 6 36777 2
B25 8 5617 1
B26 2 11835 1
B27 3 13664 1
B28 8 11196 1
B29 7 13755 1
B30 4 9960 1
B31 5 12646 1
B32 7 74506 2
B33 7 15532 1
B34 6 22788 1
B35 1 35978 1
B36 3 22048 2
B37 3 4343 1
B38 4 12627 1
B39 3 16228 1
B40 7 9987 1
B41 8 8533 1
B42 6 9004 1
B43 5 8832 1
B44 4 29829 1
B45 1 14113 1
B46 4 71517 2
B47 4 110203 2
B48 6 81234 1
B49 7 11086 1
B50 6 27184 1
B51 8 16154 1
B52 2 31396 1
B53 1 11992 1
B54 5 14716 1
B55 1 43967 1
B56 6 72598 1
B57 3 28792 1
B58 6 113485 2
B59 4 104175 1
B60 2 52840 2
