B1 4 4037 1
B2 5 2987 1
B3 1 2317 1
B4 2 3427 1
B5 6 4659 1
B6 3 2930 1
B7 6 4016 1
B8 2 5791 1
B9 1 4415 1
B10 3 6513 1
B11 5 3363 2
B12 5 7510 1
B13 2 4227 1
B14 6 5237 1
B15 1 2109 1
B16 2 2916 1
B17 1 3121 1
B18 3 4768 1
B19 5 9901 1
B20 6 7721 1
B21 4 3099 1
B22 3 8487 1
B23 4 5105 1
B24 2 8293 2
B25 8 8720 1
B26 2 9664 1
B27 3 10494 1
B28 8 8520 1
B29 7 5419 1
B30 4 7120 1
B31 5 9052 1
B32 4 22609 2
B33 1 8738 2
B34 6 16054 1
B35 5 30203 2
B36 3 9460 2
B37 3 2825 1
B38 4 4090 1
B39 3 14130 1
B40 6 9337 2
B41 3 1504 2
B42 7 517 2
B43 4 391 2
B44 7 4157 2
B45 4 5122 2
B46 6 347 2
B47 2 284 2
B48 6 1562 1
B49 5 397 2
B50 8 190 2
B51 3 253 2
B52 6 209 2
B53 3 930 2
B54 5 132 1
B55 3 2401 2
B56 6 359 1
B57 8 301 2
B58 2 328 1
B59 6 261 2
B60 8 499 2
