B1 4 2685 1
B2 5 2587 1
B3 1 2691 1
B4 2 1681 1
B5 6 2357 1
B6 3 1679 1
B7 6 2813 1
B8 2 2295 1
B9 1 3783 1
B10 3 2940 1
B11 1 4518 2
B12 2 4109 2
B13 2 1410 1
B14 1 3423 2
B15 1 2375 1
B16 2 1825 1
B17 1 3062 1
B18 3 2802 1
B19 5 4117 1
B20 6 4356 1
B21 1 4910 2
B22 3 3191 1
B23 4 5265 1
B24 5 7940 1
B25 8 6266 1
B26 2 2562 1
B27 3 12856 1
B28 3 6994 2
B29 7 9978 1
B30 4 7713 1
B31 3 7213 2
B32 2 7203 2
B33 4 2614 2
B34 4 4651 2
B35 4 2802 2
B36 6 2293 2
B37 3 2529 1
B38 4 3378 1
B39 3 3974 1
B40 7 6619 1
B41 4 8960 2
B42 6 5940 1
B43 5 10072 1
B44 4 7755 1
B45 7 2162 2
B46 6 1068 2
B47 2 4651 2
B48 2 6945 2
B49 1 5410 2
B50 6 1231 1
B51 8 574 1
B52 3 414 2
B53 6 383 2
B54 8 2947 2
B55 5 2521 2
B56 3 1456 2
B57 6 2058 2
B58 5 704 2
B59 2 360 2
B60 7 425 2
