B1 4 12392 1
B2 5 2219 1
B3 1 2859 1
B4 2 2374 1
B5 6 2909 1
B6 3 2620 1
B7 6 3259 1
B8 2 3459 1
B9 1 2873 1
B10 1 4863 2
B11 4 5830 1
B12 3 7707 2
B13 2 1674 1
B14 6 2407 1
B15 1 2851 1
B16 2 3445 1
B17 1 9040 1
B18 2 4968 2
B19 5 5628 1
B20 4 7315 2
B21 1 2447 2
B22 6 5268 2
B23 2 4171 2
B24 2 2331 2
B25 8 8324 1
B26 3 2546 2
B27 5 1148 2
B28 3 1123 2
B29 6 818 2
B30 4 748 1
B31 7 717 2
B32 6 705 2
B33 2 670 2
B34 5 658 2
B35 7 1151 2
B36 6 833 2
B37 4 649 2
B38 7 978 2
B39 5 1108 2
B40 2 487 2
B41 5 345 2
B42 7 385 2
B43 4 602 2
B44 6 347 2
B45 3 465 2
B46 7 506 2
B47 4 2235 2
B48 6 407 1
B49 8 472 2
B50 6 372 1
B51 3 398 2
B52 5 388 2
B53 7 405 2
B54 5 406 1
B55 3 459 2
B56 7 456 2
B57 8 428 2
B58 7 375 2
B59 7 450 2
B60 4 391 2
