B1 6 6214 2
B2 5 4069 1
B3 1 4333 1
B4 2 1895 1
B5 6 5969 1
B6 3 5330 1
B7 6 6774 1
B8 2 6213 1
B9 1 6590 1
B10 3 9429 1
B11 4 5259 1
B12 5 11118 1
B13 2 4473 1
B14 6 5526 1
B15 1 5368 1
B16 2 2772 1
B17 1 5000 1
B18 3 5934 1
B19 4 8471 2
B20 6 10129 1
B21 4 7352 1
B22 3 3845 1
B23 6 3846 2
B24 5 29357 1
B25 8 7297 1
B26 2 12360 1
B27 3 9140 1
B28 1 16403 2
B29 7 24017 1
B30 4 20802 1
B31 5 8215 1
B32 1 25434 1
B33 7 28049 1
B34 6 17660 1
B35 5 56289 2
B36 2 37668 1
B37 3 4510 1
B38 8 25760 2
B39 3 17545 1
B40 7 12949 1
B41 8 10985 1
B42 6 45213 1
B43 5 25733 1
B44 5 22561 2
B45 1 18232 1
B46 4 133007 2
B47 6 159808 2
B48 6 66180 1
B49 7 14750 1
B50 6 51398 1
B51 8 18051 1
B52 2 13207 1
B53 1 24042 1
B54 5 53348 1
B55 1 32781 1
B56 6 46894 1
B57 8 103734 2
B58 6 76426 2
B59 6 26802 2
B60 8 35715 2
