B1 4 17850 1
B2 5 3997 1
B3 1 5811 1
B4 2 6363 1
B5 6 5120 1
B6 3 4359 1
B7 6 5229 1
B8 2 4669 1
B9 1 3090 1
B10 3 6072 1
B11 4 10463 1
B12 1 13762 2
B13 2 3999 1
B14 6 6480 1
B15 1 2250 1
B16 2 6183 1
B17 1 6412 1
B18 3 3590 1
B19 5 4105 1
B20 6 8044 1
B21 4 7263 1
B22 3 6196 1
B23 4 4991 1
B24 5 14308 1
B25 8 12171 1
B26 2 3834 1
B27 3 14582 1
B28 8 14857 1
B29 7 17474 1
B30 4 11266 1
B31 5 13568 1
B32 4 18654 2
B33 7 11692 1
B34 8 28824 2
B35 1 22722 1
B36 3 13163 2
B37 3 4811 1
B38 4 4740 1
B39 3 4981 1
B40 7 6283 1
B41 8 10269 1
B42 6 8127 1
B43 5 7878 1
B44 4 13060 1
B45 1 14246 1
B46 2 23700 1
B47 3 29615 2
B48 5 18988 2
B49 7 6298 1
B50 6 9558 1
B51 8 22064 1
B52 3 6302 2
B53 7 23930 2
B54 4 31677 2
B55 7 6728 2
B56 7 17261 2
B57 6 2354 2
B58 4 1018 2
B59 8 1343 2
B60 6 372 2
