B1 4 3430 1
B2 5 2190 1
B3 1 2384 1
B4 2 2398 1
B5 6 2624 1
B6 3 2243 1
B7 6 3143 1
B8 2 3123 1
B9 1 3141 1
B10 3 3327 1
B11 4 4366 1
B12 5 7287 1
B13 2 2745 1
B14 6 4312 1
B15 1 2943 1
B16 2 2608 1
B17 1 3910 1
B18 3 4401 1
B19 5 5045 1
B20 6 3579 1
B21 4 3672 1
B22 3 2486 1
B23 4 4464 1
B24 5 4579 1
B25 8 3251 1
B26 2 6328 1
B27 3 5282 1
B28 8 6218 1
B29 7 7553 1
B30 4 11653 1
B31 5 5252 1
B32 1 5223 1
B33 7 6825 1
B34 6 21653 1
B35 1 8944 1
B36 2 9685 1
B37 3 3383 1
B38 4 6549 1
B39 3 7500 1
B40 7 5441 1
B41 8 6515 1
B42 6 7767 1
B43 5 15568 1
B44 4 9982 1
B45 1 11111 1
B46 2 28187 1
B47 5 35745 1
B48 8 23238 2
B49 7 5236 1
B50 6 22881 1
B51 8 5407 1
B52 2 6579 1
B53 1 8934 1
B54 5 50046 1
B55 1 25676 1
B56 6 7820 1
B57 3 8088 1
B58 2 45607 1
B59 6 56614 2
B60 2 60261 2
