B1 4 12304 1
B2 5 9464 1
B3 1 8657 1
B4 2 7610 1
B5 6 10263 1
B6 3 7956 1
B7 6 7315 1
B8 2 6744 1
B9 1 6229 1
B10 3 12143 1
B11 4 15140 1
B12 5 42641 1
B13 2 19253 1
B14 6 8925 1
B15 1 7287 1
B16 2 5444 1
B17 1 6114 1
B18 3 9878 1
B19 5 6152 1
B20 6 9568 1
B21 4 3892 1
B22 3 7631 1
B23 4 9100 1
B24 5 11892 1
B25 8 13635 1
B26 2 39682 1
B27 3 62340 1
B28 8 26873 1
B29 7 74136 1
B30 4 15982 1
B31 5 26728 1
B32 7 103117 2
B33 7 53374 1
B34 6 26096 1
B35 6 28890 2
B36 3 17955 2
B37 3 6383 1
B38 4 29855 1
B39 3 13020 1
B40 7 14536 1
B41 8 13305 1
B42 6 20829 1
B43 5 59470 1
B44 4 43176 1
B45 1 31284 1
B46 2 48460 1
B47 5 100054 1
B48 6 134326 1
B49 7 24358 1
B50 6 26972 1
B51 8 16358 1
B52 2 24000 1
B53 1 30521 1
B54 5 68023 1
B55 5 78199 2
B56 6 122014 1
B57 3 133801 1
B58 6 2368336 2
B59 3 249501 2
B60 1 287610 2
