B1 4 9005 1
B2 5 2364 1
B3 1 2532 1
B4 2 2898 1
B5 6 3410 1
B6 3 3790 1
B7 6 4469 1
B8 1 4948 2
B9 1 4334 1
B10 6 5772 2
B11 4 7132 1
B12 6 9111 2
B13 2 2556 1
B14 6 2713 1
B15 1 1892 1
B16 2 2416 1
B17 1 4962 1
B18 4 7815 2
B19 5 3924 1
B20 4 2704 2
B21 4 5017 1
B22 3 3535 1
B23 1 2551 2
B24 6 5981 2
B25 8 5440 1
B26 2 6201 1
B27 3 8779 1
B28 8 11688 1
B29 4 20153 2
B30 4 4668 1
B31 5 5324 1
B32 1 12011 1
B33 7 8982 1
B34 8 13809 2
B35 5 21730 2
B36 3 12454 2
B37 3 2658 1
B38 4 6190 1
B39 3 5029 1
B40 7 7220 1
B41 8 7103 1
B42 6 11660 1
B43 5 12018 1
B44 4 10202 1
B45 1 10805 1
B46 2 8517 1
B47 5 38746 1
B48 5 14689 2
B49 7 13732 1
B50 6 10303 1
B51 8 11570 1
B52 2 20454 1
B53 1 8476 1
B54 5 33532 1
B55 7 54800 2
B56 6 59927 1
B57 3 50987 1
B58 2 78593 1
B59 6 41313 2
B60 8 64361 2
