B1 4 3142 1
B2 5 1709 1
B3 1 2155 1
B4 2 1813 1
B5 6 2356 1
B6 3 2884 1
B7 6 6333 1
B8 2 3148 1
B9 1 3567 1
B10 3 3129 1
B11 5 5148 2
B12 5 10861 1
B13 2 1660 1
B14 6 5466 1
B15 1 2346 1
B16 2 3821 1
B17 1 3418 1
B18 4 12568 2
B19 5 4761 1
B20 6 11552 1
B21 4 3572 1
B22 3 3602 1
B23 4 4925 1
B24 5 12051 1
B25 8 4658 1
B26 2 8546 1
B27 3 8066 1
B28 3 9285 2
B29 7 5901 1
B30 4 7818 1
B31 5 8624 1
B32 1 18590 1
B33 1 4969 2
B34 8 27517 2
B35 3 28361 2
B36 3 23402 2
B37 3 1954 1
B38 4 4637 1
B39 3 6394 1
B40 7 10645 1
B41 8 10334 1
B42 3 19266 2
B43 5 18143 1
B44 4 6343 1
B45 1 11273 1
B46 2 22151 1
B47 6 34341 2
B48 6 25750 1
B49 7 14557 1
B50 6 10203 1
B51 8 15092 1
B52 3 26945 2
B53 4 22180 2
B54 6 31104 2
B55 3 8124 2
B56 6 12374 1
B57 5 44360 2
B58 5 27231 2
B59 1 69645 2
B60 1 40778 2
