B1 4 3700 1
B2 5 1751 1
B3 1 2136 1
B4 2 1586 1
B5 6 2559 1
B6 3 3427 1
B7 6 3490 1
B8 2 4989 1
B9 1 3295 1
B10 3 5165 1
B11 4 6083 1
B12 4 8078 2
B13 2 3289 1
B14 6 4419 1
B15 1 3554 1
B16 2 4043 1
B17 1 4740 1
B18 5 3606 2
B19 5 2627 1
B20 6 7800 1
B21 4 6986 1
B22 3 4526 1
B23 6 3541 2
B24 6 17720 2
B25 8 7636 1
B26 2 5549 1
B27 3 22664 1
B28 4 14066 2
B29 7 14563 1
B30 4 13325 1
B31 5 8194 1
B32 4 32361 2
B33 7 15885 1
B34 6 17866 1
B35 1 25016 1
B36 1 22871 2
B37 3 6015 1
B38 4 7796 1
B39 3 8585 1
B40 7 9139 1
B41 8 7444 1
B42 5 10209 2
B43 2 8867 2
B44 5 10756 2
B45 4 15889 2
B46 2 13926 1
B47 4 29767 2
B48 5 21003 2
B49 7 17797 1
B50 6 34505 1
B51 8 7078 1
B52 3 48172 2
B53 4 13432 2
B54 4 29075 2
B55 1 16752 1
B56 5 14964 2
B57 4 20270 2
B58 4 33791 2
B59 6 35987 2
B60 5 27706 1
