B1 6 9449 2
B2 5 3211 1
B3 1 7744 1
B4 2 2095 1
B5 6 3462 1
B6 3 3880 1
B7 1 3050 2
B8 2 7562 1
B9 1 6703 1
B10 3 10457 1
B11 4 8817 1
B12 6 5425 2
B13 2 2135 1
B14 6 4909 1
B15 1 2676 1
B16 2 2895 1
B17 1 4109 1
B18 3 5376 1
B19 5 4431 1
B20 6 6236 1
B21 4 4334 1
B22 3 3755 1
B23 4 12697 1
B24 5 16105 1
B25 8 7328 1
B26 2 6575 1
B27 3 28765 1
B28 8 10953 1
B29 8 7546 2
B30 3 12600 2
B31 3 26186 2
B32 4 48714 2
B33 7 12520 1
B34 8 20997 2
B35 5 33185 2
B36 4 18716 2
B37 3 5685 1
B38 1 11759 2
B39 3 5494 1
B40 7 13492 1
B41 8 6710 1
B42 7 40587 2
B43 5 6795 1
B44 4 15256 1
B45 3 5609 2
B46 6 6255 2
B47 2 276664 2
B48 7 10143 2
B49 7 20545 1
B50 6 189238 1
B51 8 12780 1
B52 5 26634 2
B53 1 9997 1
B54 5 13466 1
B55 4 11846 2
B56 7 1047 2
B57 5 202 2
B58 6 105 2
B59 4 119 1
B60 4 60 2
