B1 4 28203 1
B2 5 9680 1
B3 1 7748 1
B4 2 9527 1
B5 6 5478 1
B6 3 4669 1
B7 6 6958 1
B8 2 5710 1
B9 1 4686 1
B10 3 6563 1
B11 4 8530 1
B12 5 11872 1
B13 2 4192 1
B14 6 9698 1
B15 1 6459 1
B16 2 3635 1
B17 1 4394 1
B18 4 3105 2
B19 5 3562 1
B20 6 12470 1
B21 4 13255 1
B22 3 6346 1
B23 4 4165 1
B24 5 26016 1
B25 8 8757 1
B26 2 4815 1
B27 3 13727 1
B28 8 25306 1
B29 7 7626 1
B30 4 30963 1
B31 5 7678 1
B32 1 19023 1
B33 7 11436 1
B34 6 21322 1
B35 5 37673 2
B36 2 36971 1
B37 3 7628 1
B38 4 10469 1
B39 3 11434 1
B40 7 7406 1
B41 8 9141 1
B42 6 8654 1
B43 5 18740 1
B44 4 8623 1
B45 4 20854 2
B46 2 30781 1
B47 7 48341 2
B48 6 22810 1
B49 7 13326 1
B50 6 14880 1
B51 8 5995 1
B52 2 26869 1
B53 1 8302 1
B54 5 27551 1
B55 5 18221 2
B56 6 21317 1
B57 3 20132 1
B58 2 16166 1
B59 4 41441 1
B60 2 34598 2
