B1 4 4297 1
B2 5 2137 1
B3 1 2769 1
B4 2 2545 1
B5 6 5939 1
B6 3 2634 1
B7 6 3983 1
B8 2 3535 1
B9 1 4431 1
B10 3 5921 1
B11 4 7133 1
B12 1 5805 2
B13 2 3443 1
B14 6 6098 1
B15 1 3533 1
B16 2 4841 1
B17 1 3332 1
B18 3 4815 1
B19 5 3826 1
B20 6 9113 1
B21 4 4342 1
B22 3 4210 1
B23 4 4321 1
B24 1 6412 2
B25 8 7474 1
B26 2 3758 1
B27 3 4004 1
B28 8 12017 1
B29 7 6817 1
B30 4 5917 1
B31 5 6102 1
B32 1 13994 1
B33 7 13253 1
B34 6 19012 1
B35 1 31365 1
B36 2 42390 1
B37 3 4434 1
B38 4 10642 1
B39 3 5919 1
B40 7 7630 1
B41 8 6276 1
B42 6 9184 1
B43 5 11543 1
B44 4 6481 1
B45 1 14130 1
B46 2 32267 1
B47 7 106652 2
B48 6 65671 1
B49 7 10161 1
B50 6 15278 1
B51 8 10107 1
B52 2 66600 1
B53 1 45585 1
B54 5 37466 1
B55 1 38495 1
B56 6 72658 1
B57 2 24009 2
B58 2 163060 1
B59 1 10778 2
B60 2 73131 2
