B1 6 4881 2
B2 5 3414 1
B3 1 5718 1
B4 2 2869 1
B5 6 5550 1
B6 3 4211 1
B7 6 4044 1
B8 2 5362 1
B9 1 4766 1
B10 3 7676 1
B11 4 6411 1
B12 1 6012 2
B13 2 2607 1
B14 6 7703 1
B15 1 2848 1
B16 2 6970 1
B17 1 5616 1
B18 3 5431 1
B19 5 3485 1
B20 6 6654 1
B21 5 3071 2
B22 3 4691 1
B23 4 5790 1
B24 2 11696 2
B25 8 7910 1
B26 2 5523 1
B27 3 14976 1
B28 8 10777 1
B29 7 3891 1
B30 4 6101 1
B31 5 5781 1
B32 2 8232 2
B33 7 16635 1
B34 8 26927 2
B35 1 11503 1
B36 4 12488 2
B37 3 3585 1
B38 4 4428 1
B39 4 3927 2
B40 7 6579 1
B41 8 8790 1
B42 6 8150 1
B43 5 7699 1
B44 1 4721 2
B45 1 7201 1
B46 4 26953 2
B47 3 13050 2
B48 4 10020 2
B49 7 7645 1
B50 6 9544 1
B51 8 6562 1
B52 2 15168 1
B53 2 8674 2
B54 4 10726 2
B55 3 6417 2
B56 5 6174 2
B57 2 12530 2
B58 7 11228 2
B59 1 14677 2
B60 7 17538 2
