B1 4 2963 1
B2 5 1597 1
B3 1 2418 1
B4 2 2332 1
B5 6 4780 1
B6 3 2547 1
B7 6 4623 1
B8 2 3124 1
B9 1 3065 1
B10 3 3819 1
B11 4 16875 1
B12 5 19182 1
B13 2 3197 1
B14 6 5412 1
B15 1 2250 1
B16 2 2249 1
B17 1 2722 1
B18 3 3583 1
B19 5 3977 1
B20 6 8857 1
B21 4 3499 1
B22 3 3359 1
B23 4 4006 1
B24 5 18042 1
B25 8 8956 1
B26 2 4949 1
B27 3 12779 1
B28 8 14141 1
B29 7 3143 1
B30 4 10995 1
B31 5 5352 1
B32 4 9213 2
B33 7 13334 1
B34 8 25224 2
B35 5 18989 2
B36 2 35635 1
B37 3 2900 1
B38 4 9766 1
B39 3 7571 1
B40 7 5358 1
B41 8 6721 1
B42 6 11310 1
B43 5 15658 1
B44 4 13159 1
B45 1 15419 1
B46 2 22815 1
B47 6 29038 2
B48 2 29344 2
B49 7 14706 1
B50 6 11405 1
B51 8 6465 1
B52 2 10534 1
B53 1 6662 1
B54 5 13755 1
B55 1 23783 1
B56 6 12853 1
B57 3 16942 1
B58 2 19519 1
B59 4 14453 1
B60 3 40384 2
