B1 4 14523 1
B2 5 5315 1
B3 1 10626 1
B4 2 3578 1
B5 6 5905 1
B6 3 2928 1
B7 5 8393 2
B8 2 6137 1
B9 1 8674 1
B10 5 10474 2
B11 4 14317 1
B12 6 8371 2
B13 2 3780 1
B14 6 7905 1
B15 1 3385 1
B16 2 4801 1
B17 5 4343 2
B18 3 6591 1
B19 5 8745 1
B20 6 9769 1
B21 4 5985 1
B22 3 5327 1
B23 4 5804 1
B24 6 33686 2
B25 8 5349 1
B26 2 5944 1
B27 3 19360 1
B28 8 32393 1
B29 7 5938 1
B30 8 9064 2
B31 5 24876 1
B32 3 31152 2
B33 7 6409 1
B34 6 30034 1
B35 1 38647 1
B36 1 6539 2
B37 3 4569 1
B38 4 16753 1
B39 3 4514 1
B40 7 8545 1
B41 8 22375 1
B42 6 20852 1
B43 5 9104 1
B44 4 12555 1
B45 1 39988 1
B46 8 15000 2
B47 2 25334 2
B48 7 12450 2
B49 3 19663 2
B50 6 6908 1
B51 8 7091 1
B52 1 21689 2
B53 1 40741 1
B54 5 21127 1
B55 1 37287 1
B56 5 21849 2
B57 1 15661 2
B58 4 44276 2
B59 4 1365 1
B60 2 26827 2
