B1 4 12212 1
B2 5 2538 1
B3 1 3199 1
B4 2 3403 1
B5 6 3615 1
B6 3 3251 1
B7 6 4872 1
B8 2 3448 1
B9 1 5606 1
B10 3 4692 1
B11 4 10259 1
B12 1 3097 2
B13 2 2225 1
B14 6 3655 1
B15 1 2131 1
B16 2 3490 1
B17 1 2600 1
B18 3 6882 1
B19 5 3563 1
B20 6 5246 1
B21 4 3876 1
B22 3 3523 1
B23 4 7777 1
B24 2 14549 2
B25 8 5547 1
B26 2 3000 1
B27 3 7406 1
B28 8 8971 1
B29 7 12452 1
B30 4 11378 1
B31 5 6815 1
B32 4 18969 2
B33 7 7868 1
B34 6 27486 1
B35 1 10526 1
B36 3 9236 2
B37 3 2818 1
B38 4 4905 1
B39 3 10910 1
B40 7 13387 1
B41 8 5776 1
B42 6 10905 1
B43 5 12572 1
B44 4 29591 1
B45 1 19779 1
B46 4 22622 2
B47 5 39222 1
B48 7 34701 2
B49 3 7142 2
B50 6 11125 1
B51 8 8579 1
B52 8 14183 2
B53 7 22106 2
B54 5 15101 1
B55 8 47128 2
B56 6 22509 1
B57 2 14778 2
B58 4 4361 2
B59 1 6627 2
B60 2 7032 2
