B1 4 18631 1
B2 5 3243 1
B3 1 4373 1
B4 2 2483 1
B5 6 3191 1
B6 3 4965 1
B7 6 4010 1
B8 2 2946 1
B9 1 4950 1
B10 3 12008 1
B11 4 10585 1
B12 6 27603 2
B13 2 8751 1
B14 6 6568 1
B15 1 5228 1
B16 2 2950 1
B17 1 6791 1
B18 3 6052 1
B19 5 6635 1
B20 6 7899 1
B21 4 6764 1
B22 3 4743 1
B23 4 5182 1
B24 5 40744 1
B25 8 3704 1
B26 2 11264 1
B27 3 7524 1
B28 8 17469 1
B29 7 6296 1
B30 4 8021 1
B31 5 5092 1
B32 1 26766 1
B33 7 14969 1
B34 6 19736 1
B35 1 9571 1
B36 2 18319 1
B37 3 2585 1
B38 4 5235 1
B39 3 6564 1
B40 7 9396 1
B41 8 10628 1
B42 6 33261 1
B43 4 14308 2
B44 4 17444 1
B45 1 17277 1
B46 3 22688 2
B47 5 78588 1
B48 5 82929 2
B49 7 10750 1
B50 6 16088 1
B51 8 7617 1
B52 2 17275 1
B53 1 12182 1
B54 5 83781 1
B55 1 71967 1
B56 6 20903 1
B57 3 15452 1
B58 2 23337 1
B59 4 24511 1
B60 2 161267 2
