B1 4 4069 1
B2 5 2773 1
B3 1 3922 1
B4 2 3080 1
B5 6 3230 1
B6 3 4410 1
B7 6 4762 1
B8 2 2961 1
B9 1 5857 1
B10 3 4030 1
B11 4 7483 1
B12 5 5677 1
B13 2 2890 1
B14 6 3465 1
B15 1 4833 1
B16 2 4111 1
B17 1 3954 1
B18 3 5079 1
B19 5 4193 1
B20 6 5805 1
B21 4 3762 1
B22 3 3628 1
B23 4 4777 1
B24 1 11781 2
B25 8 9876 1
B26 2 6427 1
B27 3 12284 1
B28 8 11255 1
B29 7 5828 1
B30 4 9521 1
B31 5 7093 1
B32 7 11769 2
B33 7 9931 1
B34 8 39923 2
B35 1 46163 1
B36 3 16769 2
B37 3 5120 1
B38 4 8924 1
B39 3 6138 1
B40 7 7624 1
B41 8 7311 1
B42 6 10516 1
B43 5 14455 1
B44 4 12038 1
B45 1 15411 1
B46 6 38642 2
B47 8 39506 2
B48 5 29307 2
B49 7 14118 1
B50 6 6827 1
B51 8 10917 1
B52 2 9090 1
B53 1 12886 1
B54 5 11652 1
B55 1 30019 1
B56 6 50005 1
B57 3 21179 1
B58 5 16933 2
B59 7 29423 2
B60 5 30941 1
