B1 2 1928 2
B2 4 10673 2
B3 1 5362 1
B4 2 2946 1
B5 6 3743 1
B6 3 2651 1
B7 6 2932 1
B8 2 3195 1
B9 1 3304 1
B10 3 3598 1
B11 4 4250 1
B12 5 5326 1
B13 2 2805 1
B14 6 4010 1
B15 1 2433 1
B16 2 2596 1
B17 1 2201 1
B18 3 3287 1
B19 5 3502 1
B20 5 6520 2
B21 4 4226 1
B22 3 3548 1
B23 5 3037 2
B24 5 13919 1
B25 8 5334 1
B26 2 4248 1
B27 3 9424 1
B28 8 13339 1
B29 7 17937 1
B30 4 9398 1
B31 5 9240 1
B32 7 33342 2
B33 6 10469 2
B34 6 26492 1
B35 1 33029 1
B36 3 24366 2
B37 3 3388 1
B38 4 4163 1
B39 3 4977 1
B40 7 5906 1
B41 2 10969 2
B42 6 13198 1
B43 5 15567 1
B44 4 7471 1
B45 1 11909 1
B46 2 13875 1
B47 5 27524 1
B48 7 22343 2
B49 7 6419 1
B50 6 26497 1
B51 8 13958 1
B52 2 28430 1
B53 1 11439 1
B54 6 12535 2
B55 1 22167 1
B56 6 27454 1
B57 2 38882 2
B58 4 22322 2
B59 7 21502 2
B60 3 36517 2
