B1 4 4945 1
B2 5 3444 1
B3 1 6831 1
B4 2 2349 1
B5 6 3163 1
B6 3 3866 1
B7 6 3928 1
B8 1 6677 2
B9 1 5380 1
B10 3 7635 1
B11 1 14177 2
B12 6 16625 2
B13 2 7361 1
B14 5 10314 2
B15 1 5084 1
B16 2 3530 1
B17 1 3904 1
B18 3 7186 1
B19 5 14438 1
B20 5 7844 2
B21 4 8502 1
B22 3 4335 1
B23 4 10549 1
B24 2 11735 2
B25 8 5346 1
B26 2 5151 1
B27 3 17767 1
B28 8 9833 1
B29 4 11920 2
B30 3 10508 2
B31 5 19739 1
B32 8 23879 2
B33 1 10420 2
B34 2 14296 2
B35 1 11519 1
B36 6 36801 2
B37 3 3897 1
B38 4 6736 1
B39 3 8143 1
B40 6 5009 2
B41 2 5514 2
B42 5 13376 2
B43 8 21609 2
B44 3 6017 2
B45 1 10622 1
B46 2 7561 1
B47 4 11059 2
B48 6 11227 1
B49 7 11518 1
B50 3 11210 2
B51 1 17387 2
B52 8 9955 2
B53 7 4862 2
B54 3 14724 2
B55 6 16301 2
B56 3 6638 2
B57 1 7604 2
B58 1 16680 2
B59 4 9021 1
B60 1 17849 2
