B1 4 4601 1
B2 5 4280 1
B3 5 3462 2
B4 2 9939 1
B5 6 4044 1
B6 3 4007 1
B7 6 7372 1
B8 2 6593 1
B9 1 11490 1
B10 3 7790 1
B11 4 11229 1
B12 5 27825 1
B13 2 11506 1
B14 6 9862 1
B15 1 4726 1
B16 2 4745 1
B17 1 7662 1
B18 3 14442 1
B19 5 8712 1
B20 6 12157 1
B21 4 6980 1
B22 3 6117 1
B23 4 8257 1
B24 5 36312 1
B25 8 8725 1
B26 2 15392 1
B27 3 14888 1
B28 8 39736 1
B29 7 30543 1
B30 1 60131 2
B31 5 14927 1
B32 1 99552 1
B33 1 31313 2
B34 6 34868 1
B35 1 61983 1
B36 2 146048 1
B37 3 6573 1
B38 4 24627 1
B39 3 9872 1
B40 7 21766 1
B41 8 13056 1
B42 6 16171 1
B43 5 28187 1
B44 4 38448 1
B45 1 38564 1
B46 2 80239 1
B47 8 69231 2
B48 7 52825 2
B49 7 16182 1
B50 6 15236 1
B51 8 9084 1
B52 2 37314 1
B53 1 19117 1
B54 6 24081 2
B55 1 32421 1
B56 6 32314 1
B57 3 53213 1
B58 1 65641 2
B59 1 54242 2
B60 7 44432 2
