B1 4 4430 1
B2 5 2525 1
B3 1 2792 1
B4 2 3738 1
B5 6 2071 1
B6 3 2011 1
B7 6 3023 1
B8 2 2816 1
B9 1 2425 1
B10 3 3928 1
B11 4 5735 1
B12 1 4534 2
B13 2 2011 1
B14 3 2491 2
B15 1 2128 1
B16 2 3581 1
B17 1 5697 1
B18 3 5041 1
B19 5 5547 1
B20 6 4216 1
B21 4 4065 1
B22 3 3405 1
B23 4 3139 1
B24 5 4897 1
B25 8 6627 1
B26 2 3957 1
B27 3 5989 1
B28 8 12548 1
B29 7 6624 1
B30 5 5134 2
B31 5 5116 1
B32 1 8231 1
B33 7 6306 1
B34 6 7642 1
B35 1 5833 1
B36 2 6962 1
B37 3 3116 1
B38 4 4658 1
B39 3 4651 1
B40 7 4143 1
B41 8 5381 1
B42 6 14261 1
B43 5 8878 1
B44 4 22050 1
B45 1 10468 1
B46 2 45662 1
B47 5 20605 1
B48 6 32198 1
B49 7 5833 1
B50 6 17573 1
B51 8 7279 1
B52 2 7551 1
B53 1 8875 1
B54 5 14020 1
B55 1 21922 1
B56 6 8047 1
B57 3 8908 1
B58 2 14343 1
B59 4 18337 1
B60 5 27195 1
