B1 4 2835 1
B2 5 1777 1
B3 1 2874 1
B4 2 1665 1
B5 6 5016 1
B6 3 2596 1
B7 6 4178 1
B8 2 3334 1
B9 1 2713 1
B10 3 7063 1
B11 4 4992 1
B12 5 4321 1
B13 2 2276 1
B14 6 3686 1
B15 1 1965 1
B16 2 2527 1
B17 1 3424 1
B18 3 7550 1
B19 6 2965 2
B20 6 7380 1
B21 4 3169 1
B22 3 2403 1
B23 4 4681 1
B24 5 9818 1
B25 8 5418 1
B26 2 5445 1
B27 3 5587 1
B28 8 18394 1
B29 7 4411 1
B30 4 3101 1
B31 5 7143 1
B32 1 8768 1
B33 7 8401 1
B34 8 24337 2
B35 5 8098 2
B36 4 21926 2
B37 3 2144 1
B38 4 4350 1
B39 3 3721 1
B40 7 11560 1
B41 8 8517 1
B42 6 5764 1
B43 5 33799 1
B44 4 5300 1
B45 1 8473 1
B46 2 26702 1
B47 5 17326 1
B48 3 10651 2
B49 7 11014 1
B50 6 16503 1
B51 8 7549 1
B52 2 5790 1
B53 1 7162 1
B54 5 15543 1
B55 5 19594 2
B56 6 9866 1
B57 3 11889 1
B58 6 22164 2
B59 5 19784 2
B60 3 8088 2
