B1 4 7273 1
B2 5 3543 1
B3 1 5980 1
B4 2 2554 1
B5 6 3344 1
B6 3 3532 1
B7 6 4926 1
B8 2 10804 1
B9 1 4931 1
B10 3 5086 1
B11 4 10813 1
B12 5 24816 1
B13 2 3123 1
B14 6 3707 1
B15 1 3567 1
B16 2 3259 1
B17 1 3453 1
B18 3 13679 1
B19 5 3191 1
B20 6 23483 1
B21 4 4415 1
B22 3 3740 1
B23 4 4682 1
B24 2 28073 2
B25 8 6453 1
B26 2 9364 1
B27 3 28465 1
B28 8 24534 1
B29 7 13934 1
B30 4 21692 1
B31 5 8958 1
B32 5 30194 2
B33 7 7913 1
B34 8 46967 2
B35 5 17725 2
B36 3 17866 2
B37 3 4219 1
B38 4 5826 1
B39 3 7301 1
B40 7 6616 1
B41 8 12044 1
B42 6 11336 1
B43 5 9101 1
B44 4 22960 1
B45 1 29188 1
B46 1 36436 2
B47 5 137629 1
B48 8 30720 2
B49 7 8239 1
B50 7 15838 2
B51 8 19067 1
B52 3 9939 2
B53 1 9484 1
B54 5 15803 1
B55 1 18305 1
B56 8 14039 2
B57 5 19273 2
B58 4 77122 2
B59 7 5455 2
B60 2 3716 2
