B1 4 5157 1
B2 5 2511 1
B3 1 2485 1
B4 2 1783 1
B5 6 3155 1
B6 3 3192 1
B7 6 3878 1
B8 2 3371 1
B9 1 2882 1
B10 3 3782 1
B11 4 7405 1
B12 5 6470 1
B13 2 2751 1
B14 6 3122 1
B15 1 2062 1
B16 2 3733 1
B17 1 3955 1
B18 3 4579 1
B19 5 5192 1
B20 6 9185 1
B21 4 4660 1
B22 3 3176 1
B23 4 5027 1
B24 6 9595 2
B25 8 9117 1
B26 2 4923 1
B27 3 9599 1
B28 4 7324 2
B29 7 7555 1
B30 1 3896 2
B31 5 14591 1
B32 1 21585 1
B33 7 9358 1
B34 6 35105 1
B35 1 22536 1
B36 2 15193 1
B37 3 3576 1
B38 4 9217 1
B39 3 5158 1
B40 7 5671 1
B41 8 7901 1
B42 6 8526 1
B43 2 7441 2
B44 4 5969 1
B45 1 15097 1
B46 2 22181 1
B47 7 35766 2
B48 7 35772 2
B49 7 20080 1
B50 6 15302 1
B51 8 13315 1
B52 2 28685 1
B53 1 11699 1
B54 5 10013 1
B55 4 34244 2
B56 8 17969 2
B57 1 30738 2
B58 7 33384 2
B59 8 34819 2
B60 5 51186 1
