B1 4 7374 1
B2 5 2054 1
B3 1 4119 1
B4 2 3374 1
B5 6 2901 1
B6 3 3427 1
B7 6 3270 1
B8 2 7474 1
B9 1 4003 1
B10 3 3790 1
B11 4 10990 1
B12 5 16521 1
B13 2 3171 1
B14 6 15523 1
B15 1 3991 1
B16 2 3866 1
B17 1 4734 1
B18 3 29070 1
B19 5 7064 1
B20 6 8657 1
B21 4 8024 1
B22 3 10825 1
B23 4 6508 1
B24 3 11255 2
B25 8 8435 1
B26 2 13466 1
B27 3 10666 1
B28 8 17731 1
B29 7 58115 1
B30 4 8179 1
B31 5 6832 1
B32 6 14875 2
B33 1 19349 2
B34 5 87301 2
B35 1 33937 1
B36 2 34724 1
B37 3 5192 1
B38 4 11872 1
B39 3 11178 1
B40 7 15441 1
B41 8 115804 1
B42 6 20759 1
B43 5 18424 1
B44 4 28552 1
B45 4 14320 2
B46 2 22934 1
B47 5 88524 1
B48 5 54659 2
B49 7 10533 1
B50 6 31657 1
B51 8 18156 1
B52 2 28635 1
B53 1 19245 1
B54 5 73734 1
B55 1 40575 1
B56 8 37792 2
B57 1 64093 2
B58 4 919929 2
B59 3 344238 2
B60 4 20833 2
