B1 4 3596 1
B2 5 2219 1
B3 1 4000 1
B4 2 2317 1
B5 6 3574 1
B6 3 3003 1
B7 6 4018 1
B8 1 4547 2
B9 1 4116 1
B10 3 2940 1
B11 2 4042 2
B12 5 4507 1
B13 2 2541 1
B14 6 3111 1
B15 1 2820 1
B16 2 2486 1
B17 1 3105 1
B18 3 3794 1
B19 1 2176 2
B20 4 6069 2
B21 4 3911 1
B22 3 5311 1
B23 4 7625 1
B24 5 8600 1
B25 8 5020 1
B26 2 4139 1
B27 3 6716 1
B28 4 6955 2
B29 7 8313 1
B30 4 9650 1
B31 5 6365 1
B32 4 55888 2
B33 7 9925 1
B34 6 8244 1
B35 1 26734 1
B36 1 43995 2
B37 3 4453 1
B38 4 14332 1
B39 3 7556 1
B40 7 7734 1
B41 8 33590 1
B42 6 14267 1
B43 5 9469 1
B44 5 12323 2
B45 1 29565 1
B46 2 69487 1
B47 5 65047 1
B48 8 18336 2
B49 7 8932 1
B50 6 8146 1
B51 8 11054 1
B52 2 20479 1
B53 1 14446 1
B54 5 13391 1
B55 1 30730 1
B56 8 21058 2
B57 3 92674 1
B58 2 28143 1
B59 4 31947 1
B60 5 101297 1
