B1 6 8993 2
B2 5 4026 1
B3 1 7755 1
B4 2 3939 1
B5 6 6636 1
B6 3 5884 1
B7 6 4013 1
B8 2 7484 1
B9 1 5206 1
B10 3 7400 1
B11 4 16246 1
B12 5 11083 1
B13 2 5904 1
B14 6 9706 1
B15 1 3640 1
B16 2 3894 1
B17 1 3175 1
B18 3 5661 1
B19 5 4191 1
B20 6 4179 1
B21 4 3309 1
B22 3 4389 1
B23 4 3663 1
B24 5 8957 1
B25 8 12071 1
B26 2 7037 1
B27 3 5665 1
B28 8 13035 1
B29 7 23625 1
B30 4 11605 1
B31 5 12951 1
B32 7 31891 2
B33 1 32497 2
B34 8 12377 2
B35 4 28766 2
B36 4 16176 2
B37 3 5719 1
B38 4 4845 1
B39 3 5259 1
B40 7 5043 1
B41 8 5025 1
B42 6 92260 1
B43 5 11643 1
B44 4 9977 1
B45 1 13503 1
B46 4 12464 2
B47 2 56375 2
B48 7 69462 2
B49 7 6244 1
B50 6 12086 1
B51 8 11385 1
B52 8 124862 2
B53 1 40881 1
B54 5 22241 1
B55 1 67446 1
B56 6 45885 1
B57 7 3191 2
B58 7 21756 2
B59 1 10210 2
B60 5 21548 1
