B1 1 2330 2
B2 5 1985 1
B3 1 1750 1
B4 2 2220 1
B5 6 2229 1
B6 3 2742 1
B7 6 3019 1
B8 2 3041 1
B9 1 1900 1
B10 3 2477 1
B11 5 3092 2
B12 5 3021 1
B13 2 1932 1
B14 6 2170 1
B15 1 1805 1
B16 2 1753 1
B17 1 3369 1
B18 3 1956 1
B19 5 3280 1
B20 6 5727 1
B21 4 2861 1
B22 3 2971 1
B23 4 5537 1
B24 5 11141 1
B25 8 3737 1
B26 2 3346 1
B27 3 4701 1
B28 8 2893 1
B29 7 5074 1
B30 8 4754 2
B31 5 3357 1
B32 7 4572 2
B33 1 8957 2
B34 8 4687 2
B35 7 8145 2
B36 4 3068 2
B37 3 2307 1
B38 4 5301 1
B39 3 5471 1
B40 7 12765 1
B41 7 6997 2
B42 6 7914 1
B43 7 10299 2
B44 6 8657 2
B45 8 3331 2
B46 4 2808 2
B47 3 4909 2
B48 8 13775 2
B49 7 13478 1
B50 6 4161 1
B51 4 4238 2
B52 3 5682 2
B53 1 14174 1
B54 5 8935 1
B55 1 12683 1
B56 7 11887 2
B57 2 10515 2
B58 2 11822 1
B59 3 6590 2
B60 7 7571 2
