B1 6 8149 2
B2 5 3558 1
B3 1 9994 1
B4 2 2973 1
B5 6 4625 1
B6 3 3088 1
B7 6 4369 1
B8 2 4664 1
B9 1 3600 1
B10 3 3737 1
B11 4 9344 1
B12 5 5702 1
B13 2 1723 1
B14 6 3192 1
B15 1 2652 1
B16 2 3753 1
B17 1 4754 1
B18 3 3667 1
B19 5 3698 1
B20 4 5324 2
B21 6 6601 2
B22 3 6690 1
B23 6 4481 2
B24 5 4904 1
B25 8 10419 1
B26 2 2636 1
B27 3 4964 1
B28 8 9663 1
B29 7 2285 1
B30 1 5099 2
B31 5 5367 1
B32 4 18853 2
B33 1 16639 2
B34 6 19816 1
B35 1 14563 1
B36 1 12494 2
B37 3 2210 1
B38 4 15723 1
B39 3 4229 1
B40 7 6341 1
B41 2 6255 2
B42 6 8952 1
B43 5 18472 1
B44 4 18917 1
B45 1 16113 1
B46 7 37643 2
B47 5 10949 1
B48 7 27860 2
B49 3 6590 2
B50 6 7539 1
B51 8 5532 1
B52 2 19375 1
B53 1 6422 1
B54 5 19039 1
B55 8 43642 2
B56 6 24390 1
B57 4 37120 2
B58 5 44142 2
B59 8 38908 2
B60 2 27010 2
