B1 4 4004 1
B2 5 1526 1
B3 1 1832 1
B4 2 1511 1
B5 6 3372 1
B6 3 2259 1
B7 6 3194 1
B8 2 3748 1
B9 1 3522 1
B10 3 7730 1
B11 4 6781 1
B12 5 5014 1
B13 2 2740 1
B14 6 3776 1
B15 1 2021 1
B16 2 4512 1
B17 1 3608 1
B18 3 3698 1
B19 5 4656 1
B20 5 3773 2
B21 4 2738 1
B22 3 3884 1
B23 4 4099 1
B24 5 15545 1
B25 8 5752 1
B26 2 9124 1
B27 3 11213 1
B28 8 19700 1
B29 7 12494 1
B30 4 14344 1
B31 5 7991 1
B32 1 19830 1
B33 1 8202 2
B34 8 41510 2
B35 1 20799 1
B36 2 156560 1
B37 3 6727 1
B38 4 5160 1
B39 3 4672 1
B40 7 5787 1
B41 8 9052 1
B42 6 10636 1
B43 4 11555 2
B44 4 10014 1
B45 1 19810 1
B46 2 23556 1
B47 5 110965 1
B48 6 48602 1
B49 7 6677 1
B50 6 13569 1
B51 8 8106 1
B52 2 9362 1
B53 1 7566 1
B54 5 23917 1
B55 4 85461 2
B56 6 15697 1
B57 3 15409 1
B58 2 31140 1
B59 1 67792 2
B60 2 103903 2
