B1 3 1878 2
B2 2 2069 2
B3 2 1519 2
B4 4 2275 2
B5 2 1329 2
B6 4 2268 2
B7 2 3241 2
B8 1 2991 2
B9 1 2995 1
B10 3 2033 1
B11 4 3819 1
B12 1 2447 2
B13 2 2100 1
B14 6 4975 1
B15 1 2322 1
B16 2 1563 1
B17 1 2643 1
B18 3 3113 1
B19 1 4220 2
B20 1 4875 2
B21 5 2179 2
B22 3 3710 1
B23 5 3985 2
B24 6 3639 2
B25 8 2844 1
B26 2 3199 1
B27 3 3774 1
B28 8 3260 1
B29 7 4058 1
B30 4 3696 1
B31 5 5189 1
B32 6 10446 2
B33 7 6250 1
B34 2 3448 2
B35 4 4282 2
B36 8 4147 2
B37 3 3824 1
B38 6 3048 2
B39 4 5071 2
B40 7 9034 1
B41 1 8007 2
B42 7 3824 2
B43 1 5646 2
B44 4 6908 1
B45 8 6806 2
B46 3 6492 2
B47 3 14413 2
B48 1 11056 2
B49 7 12008 1
B50 6 4407 1
B51 8 7507 1
B52 8 5651 2
B53 1 9089 1
B54 6 17416 2
B55 3 10062 2
B56 8 9810 2
B57 7 9853 2
B58 7 8726 2
B59 6 14396 2
B60 6 9880 2
