B1 4 6255 1
B2 5 2838 1
B3 1 3446 1
B4 2 2608 1
B5 6 3197 1
B6 3 2662 1
B7 6 4067 1
B8 2 3208 1
B9 1 10349 1
B10 3 3981 1
B11 4 5829 1
B12 5 5908 1
B13 2 7597 1
B14 6 5158 1
B15 1 3952 1
B16 2 2668 1
B17 1 3339 1
B18 4 2890 2
B19 5 2735 1
B20 6 5229 1
B21 4 2371 1
B22 3 2645 1
B23 4 4754 1
B24 5 4600 1
B25 8 4615 1
B26 2 3021 1
B27 7 6061 2
B28 8 7348 1
B29 7 4328 1
B30 4 3311 1
B31 5 3710 1
B32 7 6790 2
B33 1 6837 2
B34 4 9849 2
B35 1 11146 1
B36 3 4846 2
B37 3 2198 1
B38 4 3217 1
B39 3 9364 1
B40 7 8363 1
B41 8 3824 1
B42 7 3469 2
B43 5 8934 1
B44 4 8838 1
B45 1 6957 1
B46 5 21915 2
B47 2 11819 2
B48 2 6100 2
B49 7 11231 1
B50 6 6523 1
B51 2 6379 2
B52 3 11011 2
B53 4 7128 2
B54 3 29749 2
B55 3 7908 2
B56 5 9231 2
B57 7 7271 2
B58 3 3495 2
B59 1 3017 2
B60 5 2154 1
