B1 4 9698 1
B2 5 3163 1
B3 1 7839 1
B4 2 3374 1
B5 6 4673 1
B6 3 2149 1
B7 6 3825 1
B8 2 6266 1
B9 1 3850 1
B10 3 9696 1
B11 4 11478 1
B12 5 12294 1
B13 2 4306 1
B14 6 6763 1
B15 1 2067 1
B16 2 7296 1
B17 1 4096 1
B18 3 4015 1
B19 5 2717 1
B20 6 8224 1
B21 4 3375 1
B22 3 4298 1
B23 4 6533 1
B24 6 92303 2
B25 8 4779 1
B26 2 6637 1
B27 3 12959 1
B28 8 11122 1
B29 7 14815 1
B30 4 4772 1
B31 5 5487 1
B32 1 12561 1
B33 7 14771 1
B34 6 13042 1
B35 1 22782 1
B36 2 15415 1
B37 3 2852 1
B38 4 12913 1
B39 3 17629 1
B40 7 8544 1
B41 8 15022 1
B42 6 14974 1
B43 5 20034 1
B44 4 20234 1
B45 1 31449 1
B46 4 47792 2
B47 5 48314 1
B48 6 34898 1
B49 7 6677 1
B50 6 84167 1
B51 8 8600 1
B52 7 60874 2
B53 1 16288 1
B54 5 26458 1
B55 1 16098 1
B56 6 15346 1
B57 3 134178 1
B58 7 100649 2
B59 3 50851 2
B60 4 70525 2
