B1 4 8673 1
B2 5 5614 1
B3 1 3438 1
B4 2 3959 1
B5 6 4567 1
B6 3 3495 1
B7 6 5959 1
B8 2 6319 1
B9 1 5503 1
B10 3 5124 1
B11 4 19371 1
B12 5 14959 1
B13 2 13111 1
B14 6 5191 1
B15 1 4391 1
B16 2 4895 1
B17 1 5567 1
B18 3 4391 1
B19 5 2895 1
B20 6 8688 1
B21 4 4959 1
B22 3 4846 1
B23 4 5922 1
B24 5 15751 1
B25 8 10768 1
B26 2 12055 1
B27 3 7535 1
B28 8 12743 1
B29 7 5794 1
B30 4 12192 1
B31 5 6430 1
B32 1 29992 1
B33 7 17821 1
B34 6 11866 1
B35 1 32007 1
B36 2 23736 1
B37 3 4767 1
B38 4 11608 1
B39 3 13784 1
B40 7 7071 1
B41 8 9200 1
B42 6 27071 1
B43 5 41464 1
B44 4 19087 1
B45 2 48152 2
B46 2 53440 1
B47 6 43184 2
B48 4 49439 2
B49 7 9623 1
B50 6 8391 1
B51 8 8216 1
B52 2 10679 1
B53 1 12793 1
B54 5 23367 1
B55 1 61800 1
B56 6 18439 1
B57 1 44343 2
B58 6 38888 2
B59 4 62424 1
B60 5 38849 1
