B1 4 22477 1
B2 5 7181 1
B3 1 15567 1
B4 2 10240 1
B5 6 4860 1
B6 3 4934 1
B7 6 13016 1
B8 2 7551 1
B9 1 5953 1
B10 3 6993 1
B11 4 25669 1
B12 5 23734 1
B13 2 4983 1
B14 6 8816 1
B15 1 5509 1
B16 2 8221 1
B17 1 6857 1
B18 4 4455 2
B19 5 6926 1
B20 6 5312 1
B21 4 5760 1
B22 3 6014 1
B23 4 4456 1
B24 6 59972 2
B25 8 12379 1
B26 2 11317 1
B27 3 10891 1
B28 8 28461 1
B29 7 19313 1
B30 4 24089 1
B31 5 8284 1
B32 1 27564 1
B33 1 15214 2
B34 6 18861 1
B35 1 40948 1
B36 2 41855 1
B37 3 7536 1
B38 4 8949 1
B39 3 10954 1
B40 7 10013 1
B41 8 15766 1
B42 6 20803 1
B43 5 21823 1
B44 5 13431 2
B45 1 25210 1
B46 4 145052 2
B47 3 74000 2
B48 6 51116 1
B49 7 15223 1
B50 6 19970 1
B51 8 19259 1
B52 2 30275 1
B53 1 14223 1
B54 5 15075 1
B55 1 65425 1
B56 6 24842 1
B57 1 58490 2
B58 2 118254 1
B59 2 185579 2
B60 2 59873 2
