B1 6 5319 2
B2 5 1995 1
B3 3 5304 2
B4 3 1937 2
B5 6 3715 1
B6 3 2345 1
B7 6 3887 1
B8 2 3441 1
B9 1 2349 1
B10 3 2261 1
B11 5 7007 2
B12 5 4009 1
B13 2 2619 1
B14 6 3329 1
B15 1 2424 1
B16 2 4638 1
B17 1 3930 1
B18 3 3333 1
B19 5 3386 1
B20 6 4838 1
B21 4 2780 1
B22 3 3146 1
B23 3 3752 2
B24 6 8144 2
B25 8 5266 1
B26 1 3678 2
B27 3 12039 1
B28 8 6775 1
B29 7 16852 1
B30 4 5997 1
B31 5 7847 1
B32 5 31323 2
B33 1 10784 2
B34 8 11649 2
B35 1 33058 1
B36 4 13052 2
B37 3 2992 1
B38 4 16736 1
B39 1 7105 2
B40 7 9651 1
B41 8 5255 1
B42 6 9055 1
B43 5 7641 1
B44 1 13205 2
B45 1 22120 1
B46 2 9069 1
B47 5 40762 1
B48 6 12514 1
B49 7 15782 1
B50 6 22815 1
B51 8 13316 1
B52 8 31340 2
B53 3 27389 2
B54 5 34104 1
B55 1 110249 1
B56 6 41574 1
B57 4 45428 2
B58 7 4403 2
B59 4 20613 1
B60 3 29580 2
