B1 4 2904 1
B2 5 1732 1
B3 1 3099 1
B4 2 1815 1
B5 6 1932 1
B6 3 2186 1
B7 6 3429 1
B8 2 2742 1
B9 1 3631 1
B10 3 2463 1
B11 1 2625 2
B12 5 6312 1
B13 2 3428 1
B14 6 3780 1
B15 1 1720 1
B16 2 2718 1
B17 1 2910 1
B18 5 8760 2
B19 5 3692 1
B20 5 5541 2
B21 4 3286 1
B22 3 4570 1
B23 4 4469 1
B24 5 8171 1
B25 8 5659 1
B26 2 4407 1
B27 3 11268 1
B28 8 4462 1
B29 4 6049 2
B30 4 4678 1
B31 5 4887 1
B32 4 3507 2
B33 8 5226 2
B34 4 11951 2
B35 4 23988 2
B36 3 6929 2
B37 3 2398 1
B38 2 3046 2
B39 4 5136 2
B40 7 7060 1
B41 8 12280 1
B42 6 13810 1
B43 7 13337 2
B44 1 2489 2
B45 7 7421 2
B46 2 5778 1
B47 6 33226 2
B48 4 6410 2
B49 7 14138 1
B50 3 9062 2
B51 8 5223 1
B52 3 3463 2
B53 3 5587 2
B54 8 4676 2
B55 3 5208 2
B56 5 5099 2
B57 7 3537 2
B58 7 10695 2
B59 3 3885 2
B60 1 2300 2
