B1 4 3317 1
B2 5 2255 1
B3 1 2181 1
B4 2 1907 1
B5 6 4162 1
B6 3 2400 1
B7 6 3470 1
B8 1 4800 2
B9 1 3841 1
B10 3 3332 1
B11 4 9553 1
B12 6 9995 2
B13 2 2974 1
B14 6 4888 1
B15 1 3061 1
B16 2 3101 1
B17 1 4672 1
B18 4 12655 2
B19 6 3606 2
B20 6 8760 1
B21 4 4157 1
B22 3 4350 1
B23 4 3416 1
B24 3 20775 2
B25 8 7092 1
B26 2 3797 1
B27 3 11648 1
B28 8 11543 1
B29 7 25349 1
B30 4 21419 1
B31 5 19938 1
B32 4 39421 2
B33 1 24621 2
B34 6 19722 1
B35 5 32956 2
B36 4 17649 2
B37 3 3235 1
B38 4 3977 1
B39 3 5106 1
B40 7 9874 1
B41 8 16226 1
B42 6 9454 1
B43 5 10157 1
B44 4 21774 1
B45 1 18703 1
B46 2 25927 1
B47 7 106590 2
B48 1 38415 2
B49 7 10819 1
B50 6 14603 1
B51 8 16058 1
B52 2 34036 1
B53 1 15266 1
B54 5 36983 1
B55 3 27251 2
B56 5 4891 2
B57 5 1438 2
B58 5 353 2
B59 6 425 2
B60 4 287 2
