B1 4 4335 1
B2 5 1793 1
B3 1 3451 1
B4 2 2312 1
B5 6 2993 1
B6 3 2738 1
B7 6 4129 1
B8 2 6918 1
B9 1 4724 1
B10 3 4787 1
B11 4 10811 1
B12 5 8237 1
B13 2 2648 1
B14 6 4199 1
B15 1 2457 1
B16 2 2741 1
B17 1 3211 1
B18 3 2675 1
B19 5 4087 1
B20 6 13208 1
B21 4 8725 1
B22 3 4323 1
B23 4 6150 1
B24 5 20029 1
B25 8 5490 1
B26 2 16634 1
B27 3 10027 1
B28 8 11472 1
B29 7 17247 1
B30 4 9453 1
B31 5 19271 1
B32 1 64041 1
B33 7 15471 1
B34 6 15437 1
B35 1 23435 1
B36 2 18650 1
B37 3 5030 1
B38 4 7129 1
B39 3 9661 1
B40 7 8231 1
B41 8 10378 1
B42 6 24766 1
B43 5 10600 1
B44 4 9995 1
B45 1 29455 1
B46 2 62897 1
B47 5 41275 1
B48 6 69685 1
B49 7 8682 1
B50 6 28300 1
B51 8 14375 1
B52 2 7084 1
B53 1 9007 1
B54 5 12855 1
B55 1 24689 1
B56 6 15713 1
B57 3 12931 1
B58 6 86485 2
B59 4 39956 1
B60 5 37341 1
