B1 4 3128 1
B2 5 1647 1
B3 1 2821 1
B4 2 2327 1
B5 6 2277 1
B6 3 2517 1
B7 6 5104 1
B8 2 6002 1
B9 1 2568 1
B10 3 3851 1
B11 4 5552 1
B12 5 10068 1
B13 2 2153 1
B14 6 2090 1
B15 1 1720 1
B16 2 2577 1
B17 1 3419 1
B18 3 4504 1
B19 5 14275 1
B20 6 6428 1
B21 4 4542 1
B22 3 3768 1
B23 4 2854 1
B24 5 8748 1
B25 8 4030 1
B26 2 5274 1
B27 3 7349 1
B28 8 7225 1
B29 7 15966 1
B30 1 18566 2
B31 5 5067 1
B32 7 16980 2
B33 7 9067 1
B34 1 8649 2
B35 6 2178 2
B36 3 832 2
B37 3 2033 1
B38 4 3640 1
B39 3 7435 1
B40 7 5308 1
B41 8 5180 1
B42 6 5244 1
B43 4 8234 2
B44 5 9820 2
B45 1 11438 1
B46 7 29403 2
B47 8 26501 2
B48 7 11431 2
B49 7 6715 1
B50 6 16600 1
B51 8 8096 1
B52 2 25519 1
B53 1 5792 1
B54 5 27155 1
B55 8 30377 2
B56 5 17226 2
B57 4 23258 2
B58 2 19174 1
B59 5 19370 2
B60 8 1318 2
