B1 4 13118 1
B2 5 9507 1
B3 1 2563 1
B4 2 2738 1
B5 6 5722 1
B6 3 4243 1
B7 6 2940 1
B8 1 4127 2
B9 1 3576 1
B10 3 4691 1
B11 4 6390 1
B12 1 3465 2
B13 2 1764 1
B14 6 4637 1
B15 1 2014 1
B16 2 3606 1
B17 1 3521 1
B18 3 4437 1
B19 5 3989 1
B20 6 3859 1
B21 4 3920 1
B22 3 3734 1
B23 6 4471 2
B24 2 7302 2
B25 8 8439 1
B26 2 3808 1
B27 3 9335 1
B28 8 7570 1
B29 7 6351 1
B30 4 6905 1
B31 5 6451 1
B32 1 9084 1
B33 1 5957 2
B34 8 20042 2
B35 5 32242 2
B36 3 68970 2
B37 3 5857 1
B38 4 14840 1
B39 3 11104 1
B40 7 6983 1
B41 8 12507 1
B42 6 9532 1
B43 5 12131 1
B44 4 13711 1
B45 1 74264 1
B46 3 83850 2
B47 5 86797 1
B48 6 95571 1
B49 7 14936 1
B50 6 14307 1
B51 8 8226 1
B52 2 26806 1
B53 1 16916 1
B54 5 18670 1
B55 1 53253 1
B56 7 43847 2
B57 3 25537 1
B58 2 234494 1
B59 7 78662 2
B60 5 139381 1
