B1 4 12393 1
B2 5 2203 1
B3 1 15640 1
B4 2 2074 1
B5 6 6928 1
B6 3 5101 1
B7 6 3869 1
B8 2 1901 1
B9 1 6226 1
B10 3 5177 1
B11 4 5239 1
B12 5 13685 1
B13 2 1819 1
B14 6 3137 1
B15 1 1903 1
B16 4 3310 2
B17 1 5362 1
B18 3 2122 1
B19 5 6056 1
B20 4 9188 2
B21 4 3659 1
B22 2 2417 2
B23 2 4763 2
B24 6 6501 2
B25 8 3311 1
B26 2 2724 1
B27 3 3920 1
B28 8 3062 1
B29 1 6085 2
B30 2 2107 2
B31 5 12440 1
B32 3 11651 2
B33 1 2177 2
B34 4 6668 2
B35 4 1702 2
B36 4 6595 2
B37 3 5639 1
B38 6 5525 2
B39 1 4520 2
B40 3 1957 2
B41 2 2230 2
B42 4 8035 2
B43 2 2101 2
B44 4 6328 1
B45 8 9457 2
B46 8 9771 2
B47 5 16710 1
B48 5 2639 2
B49 6 721 2
B50 3 435 2
B51 8 336 1
B52 7 351 2
B53 5 337 2
B54 2 1501 2
B55 3 348 2
B56 5 277 2
B57 4 250 2
B58 6 326 2
B59 6 332 2
B60 6 337 2
