B1 4 4134 1
B2 5 2003 1
B3 1 2629 1
B4 2 3748 1
B5 6 3490 1
B6 3 2554 1
B7 6 3108 1
B8 2 3449 1
B9 1 2827 1
B10 3 4091 1
B11 4 4923 1
B12 5 5632 1
B13 2 3985 1
B14 6 3753 1
B15 1 2899 1
B16 2 3590 1
B17 1 3057 1
B18 3 2914 1
B19 6 4009 2
B20 6 5368 1
B21 4 3529 1
B22 3 3854 1
B23 2 7562 2
B24 6 5866 2
B25 8 4187 1
B26 2 7163 1
B27 3 4964 1
B28 8 11344 1
B29 7 3585 1
B30 4 4560 1
B31 5 6715 1
B32 1 5705 1
B33 7 9109 1
B34 6 9986 1
B35 1 14330 1
B36 2 8549 1
B37 3 4923 1
B38 4 11809 1
B39 3 8250 1
B40 7 5437 1
B41 8 6147 1
B42 6 9764 1
B43 1 5928 2
B44 4 12453 1
B45 1 12186 1
B46 1 23956 2
B47 4 27334 2
B48 4 22476 2
B49 7 10152 1
B50 6 7795 1
B51 8 14679 1
B52 2 13349 1
B53 1 14453 1
B54 5 17615 1
B55 3 26114 2
B56 6 19329 1
B57 3 16854 1
B58 1 23905 2
B59 2 33982 2
B60 6 45792 2
