B1 4 9458 1
B2 5 8221 1
B3 1 4093 1
B4 2 4502 1
B5 6 10379 1
B6 3 4704 1
B7 6 4504 1
B8 2 3367 1
B9 1 3907 1
B10 3 7405 1
B11 5 11930 2
B12 5 12765 1
B13 2 4064 1
B14 6 5417 1
B15 1 2651 1
B16 2 3035 1
B17 1 4353 1
B18 3 5300 1
B19 5 7401 1
B20 6 7647 1
B21 4 4715 1
B22 3 5316 1
B23 4 5507 1
B24 6 14829 2
B25 8 3220 1
B26 2 4737 1
B27 3 9947 1
B28 8 21316 1
B29 7 9480 1
B30 4 7975 1
B31 5 8054 1
B32 7 28643 2
B33 7 17539 1
B34 6 23155 1
B35 1 29836 1
B36 3 45847 2
B37 3 4639 1
B38 4 8018 1
B39 3 9846 1
B40 7 7331 1
B41 8 10392 1
B42 6 17038 1
B43 5 15812 1
B44 4 27611 1
B45 1 15152 1
B46 2 18124 1
B47 5 79882 1
B48 8 79198 2
B49 7 10484 1
B50 6 11242 1
B51 8 7888 1
B52 2 9901 1
B53 1 9601 1
B54 5 66765 1
B55 4 20699 2
B56 3 19334 2
B57 5 21187 2
B58 4 40842 2
B59 7 23001 2
B60 3 28043 2
