B1 4 4958 1
B2 5 3286 1
B3 1 8055 1
B4 2 3013 1
B5 6 7827 1
B6 3 2810 1
B7 6 4237 1
B8 2 8938 1
B9 4 5174 2
B10 3 5756 1
B11 4 8071 1
B12 5 9170 1
B13 2 2044 1
B14 6 6084 1
B15 1 3622 1
B16 2 3672 1
B17 1 2721 1
B18 3 3094 1
B19 5 9936 1
B20 5 4231 2
B21 4 5921 1
B22 3 5869 1
B23 6 4000 2
B24 5 33991 1
B25 8 5874 1
B26 2 4234 1
B27 3 33357 1
B28 8 47732 1
B29 7 19722 1
B30 4 19282 1
B31 5 14962 1
B32 1 61530 1
B33 7 33840 1
B34 4 76005 2
B35 1 19796 1
B36 2 18748 1
B37 3 2998 1
B38 4 4194 1
B39 3 5467 1
B40 7 7373 1
B41 8 8121 1
B42 3 14073 2
B43 5 11287 1
B44 4 14089 1
B45 1 22239 1
B46 2 26741 1
B47 4 51284 2
B48 4 18602 2
B49 7 10256 1
B50 6 10185 1
B51 8 11512 1
B52 2 11038 1
B53 2 4299 2
B54 5 23358 1
B55 3 17137 2
B56 8 40176 2
B57 5 32885 2
B58 2 116330 1
B59 1 74599 2
B60 2 33131 2
