B1 4 6521 1
B2 5 2292 1
B3 1 2374 1
B4 2 2082 1
B5 6 2954 1
B6 3 2114 1
B7 6 2952 1
B8 2 2748 1
B9 1 2566 1
B10 3 2778 1
B11 5 3811 2
B12 1 4140 2
B13 2 3588 1
B14 6 2980 1
B15 1 2243 1
B16 2 3140 1
B17 1 4494 1
B18 3 4110 1
B19 5 2777 1
B20 1 2084 2
B21 4 4830 1
B22 3 3023 1
B23 4 5317 1
B24 5 10251 1
B25 8 5942 1
B26 2 4994 1
B27 3 10649 1
B28 3 5989 2
B29 7 10548 1
B30 4 7767 1
B31 5 14727 1
B32 4 20993 2
B33 7 12611 1
B34 6 13367 1
B35 4 11616 2
B36 3 6467 2
B37 3 2857 1
B38 4 2495 1
B39 3 6813 1
B40 4 16726 2
B41 8 6789 1
B42 6 7104 1
B43 5 8755 1
B44 4 8247 1
B45 1 13443 1
B46 4 8892 2
B47 6 11004 2
B48 7 14434 2
B49 7 10198 1
B50 6 7320 1
B51 8 21920 1
B52 2 6020 1
B53 3 9466 2
B54 6 17827 2
B55 3 16062 2
B56 8 16098 2
B57 7 9740 2
B58 6 11360 2
B59 7 11441 2
B60 3 5710 2
