B1 4 9126 1
B2 5 2196 1
B3 1 3993 1
B4 2 2330 1
B5 6 3747 1
B6 3 2373 1
B7 6 3461 1
B8 3 3837 2
B9 1 2964 1
B10 3 2643 1
B11 4 11821 1
B12 5 5383 1
B13 2 2047 1
B14 3 3013 2
B15 1 4307 1
B16 2 3422 1
B17 1 2320 1
B18 3 3212 1
B19 5 4449 1
B20 6 4554 1
B21 4 3776 1
B22 3 4748 1
B23 4 4133 1
B24 5 12374 1
B25 8 5087 1
B26 2 7063 1
B27 3 14840 1
B28 3 16293 2
B29 7 10740 1
B30 4 19586 1
B31 5 9524 1
B32 1 16030 1
B33 1 5186 2
B34 6 24965 1
B35 1 17110 1
B36 2 16381 1
B37 3 5371 1
B38 4 4314 1
B39 3 3461 1
B40 7 6854 1
B41 8 6071 1
B42 6 10549 1
B43 4 9520 2
B44 4 7951 1
B45 1 15912 1
B46 2 13037 1
B47 3 36663 2
B48 7 17786 2
B49 7 9203 1
B50 6 6897 1
B51 8 7451 1
B52 2 11651 1
B53 1 10090 1
B54 5 13421 1
B55 5 13146 2
B56 6 17801 1
B57 3 14310 1
B58 7 30551 2
B59 7 15626 2
B60 2 22563 2
