B1 4 6594 1
B2 5 2907 1
B3 1 3184 1
B4 2 3198 1
B5 6 3848 1
B6 3 3582 1
B7 6 4162 1
B8 2 4104 1
B9 1 3886 1
B10 3 5785 1
B11 4 7147 1
B12 1 6464 2
B13 2 5919 1
B14 6 6091 1
B15 1 4051 1
B16 2 2734 1
B17 1 4190 1
B18 3 3413 1
B19 5 4191 1
B20 6 6012 1
B21 5 3647 2
B22 3 3784 1
B23 4 6876 1
B24 5 10612 1
B25 8 6298 1
B26 2 5556 1
B27 3 6366 1
B28 8 16703 1
B29 7 31817 1
B30 4 13346 1
B31 5 7974 1
B32 1 34798 1
B33 7 19969 1
B34 6 29381 1
B35 4 84962 2
B36 4 32759 2
B37 3 5357 1
B38 4 5290 1
B39 3 4085 1
B40 7 7343 1
B41 8 13728 1
B42 6 7293 1
B43 5 15224 1
B44 5 7203 2
B45 1 31998 1
B46 2 42248 1
B47 6 20785 2
B48 6 7756 1
B49 7 25894 1
B50 6 37089 1
B51 8 10283 1
B52 3 35557 2
B53 1 20032 1
B54 5 20975 1
B55 5 42700 2
B56 5 2122 2
B57 3 23653 1
B58 7 23075 2
B59 4 104352 1
B60 5 997 1
