B1 4 3441 1
B2 5 2613 1
B3 1 3671 1
B4 2 2283 1
B5 6 2587 1
B6 3 4537 1
B7 6 3414 1
B8 2 2902 1
B9 1 3183 1
B10 3 5091 1
B11 5 3881 2
B12 1 5366 2
B13 2 2752 1
B14 6 4163 1
B15 1 3922 1
B16 2 3998 1
B17 1 3558 1
B18 3 2526 1
B19 5 4238 1
B20 5 4304 2
B21 1 2870 2
B22 3 5334 1
B23 4 3018 1
B24 5 7160 1
B25 8 6886 1
B26 2 5963 1
B27 3 22968 1
B28 8 13071 1
B29 7 7036 1
B30 4 8969 1
B31 5 8754 1
B32 1 10081 1
B33 1 6056 2
B34 4 29015 2
B35 1 35694 1
B36 2 29865 1
B37 3 6326 1
B38 4 3872 1
B39 3 7392 1
B40 7 6132 1
B41 8 7698 1
B42 6 11112 1
B43 2 16743 2
B44 4 27345 1
B45 1 20454 1
B46 2 48523 1
B47 5 22607 1
B48 6 40338 1
B49 7 14183 1
B50 6 13995 1
B51 8 16619 1
B52 2 14492 1
B53 1 8313 1
B54 5 10608 1
B55 5 62789 2
B56 6 29350 1
B57 3 31546 1
B58 2 26421 1
B59 4 33672 1
B60 3 23482 2
