B1 4 12568 1
B2 5 4796 1
B3 1 2673 1
B4 2 3238 1
B5 6 3599 1
B6 3 3659 1
B7 6 6213 1
B8 2 6062 1
B9 1 3557 1
B10 3 6042 1
B11 4 8106 1
B12 3 8180 2
B13 2 3258 1
B14 6 11456 1
B15 1 4473 1
B16 2 2525 1
B17 1 3772 1
B18 3 7975 1
B19 5 4307 1
B20 6 8311 1
B21 4 6036 1
B22 3 4760 1
B23 4 4431 1
B24 5 11900 1
B25 8 15552 1
B26 2 9736 1
B27 3 14801 1
B28 8 10792 1
B29 7 4526 1
B30 4 3916 1
B31 5 10343 1
B32 1 13152 1
B33 7 13189 1
B34 4 33600 2
B35 2 38201 2
B36 4 20016 2
B37 3 6267 1
B38 4 13782 1
B39 6 7087 2
B40 7 5825 1
B41 8 7136 1
B42 6 12700 1
B43 5 20512 1
B44 4 18496 1
B45 1 27022 1
B46 5 20023 2
B47 7 17719 2
B48 3 12251 2
B49 7 13073 1
B50 3 30794 2
B51 8 10770 1
B52 2 14329 1
B53 1 15694 1
B54 8 23958 2
B55 4 29482 2
B56 6 29785 1
B57 3 12979 1
B58 7 26333 2
B59 7 29720 2
B60 1 26986 2
