B1 4 16499 1
B2 5 4981 1
B3 1 3225 1
B4 2 3811 1
B5 6 9885 1
B6 3 6384 1
B7 6 7296 1
B8 2 6157 1
B9 1 5614 1
B10 3 9795 1
B11 4 6972 1
B12 5 6614 1
B13 2 3904 1
B14 6 8174 1
B15 1 4804 1
B16 2 3288 1
B17 1 9284 1
B18 3 7310 1
B19 3 4074 2
B20 6 9427 1
B21 6 15494 2
B22 3 3565 1
B23 4 5092 1
B24 6 24695 2
B25 8 7824 1
B26 2 7740 1
B27 3 9797 1
B28 3 4998 2
B29 4 6839 2
B30 4 5909 1
B31 5 6581 1
B32 6 5871 2
B33 1 8978 2
B34 8 13202 2
B35 7 2054 2
B36 6 1516 2
B37 8 2162 2
B38 5 1843 2
B39 3 9951 1
B40 7 77296 1
B41 6 63357 2
B42 7 13373 2
B43 6 1605 2
B44 4 97098 1
B45 1 157751 1
B46 2 3267 1
B47 2 7510 2
B48 3 1780 2
B49 7 8160 1
B50 6 3995 1
B51 8 8164 1
B52 6 3295 2
B53 7 713 2
B54 5 414 1
B55 4 367 2
B56 6 446 1
B57 7 468 2
B58 7 323 2
B59 8 291 2
B60 4 7376 2
