B1 6 4159 2
B2 5 1748 1
B3 1 1963 1
B4 2 1996 1
B5 6 2817 1
B6 3 2232 1
B7 6 2423 1
B8 2 3684 1
B9 1 2513 1
B10 2 3515 2
B11 5 3313 2
B12 5 6479 1
B13 2 2368 1
B14 6 3841 1
B15 1 3930 1
B16 2 2874 1
B17 1 3639 1
B18 3 3132 1
B19 6 4055 2
B20 6 3346 1
B21 4 3122 1
B22 3 3199 1
B23 4 4763 1
B24 4 5854 2
B25 8 4246 1
B26 2 4977 1
B27 3 6519 1
B28 8 7092 1
B29 7 4247 1
B30 8 10119 2
B31 5 7138 1
B32 7 9365 2
B33 7 9962 1
B34 6 6304 1
B35 5 17792 2
B36 2 17274 1
B37 3 3413 1
B38 4 6429 1
B39 3 7102 1
B40 6 6990 2
B41 2 8927 2
B42 6 11571 1
B43 8 45309 2
B44 2 18354 2
B45 1 27613 1
B46 8 42058 2
B47 1 25442 2
B48 7 31472 2
B49 7 7520 1
B50 6 29087 1
B51 8 16834 1
B52 2 9995 1
B53 1 10063 1
B54 5 34677 1
B55 1 21019 1
B56 6 42665 1
B57 4 15215 2
B58 2 51711 1
B59 1 33035 2
B60 8 20672 2
