B1 4 9069 1
B2 5 3572 1
B3 1 3003 1
B4 2 4025 1
B5 6 2966 1
B6 3 4054 1
B7 6 3353 1
B8 2 3867 1
B9 1 3287 1
B10 3 6760 1
B11 4 7410 1
B12 5 14031 1
B13 2 3519 1
B14 6 5285 1
B15 1 2593 1
B16 2 4491 1
B17 1 4425 1
B18 3 4557 1
B19 5 6697 1
B20 6 6518 1
B21 4 5237 1
B22 3 4006 1
B23 4 5032 1
B24 5 46510 1
B25 8 6079 1
B26 2 8139 1
B27 3 14267 1
B28 8 17360 1
B29 7 13828 1
B30 4 10476 1
B31 5 9381 1
B32 1 28403 1
B33 7 14885 1
B34 6 22134 1
B35 1 39218 1
B36 5 31322 2
B37 3 2675 1
B38 4 13263 1
B39 3 8188 1
B40 7 6700 1
B41 8 9048 1
B42 6 6462 1
B43 5 10682 1
B44 4 13764 1
B45 1 10428 1
B46 4 34907 2
B47 5 55830 1
B48 5 48178 2
B49 7 10420 1
B50 6 11531 1
B51 8 9005 1
B52 2 36873 1
B53 1 12039 1
B54 5 19438 1
B55 1 49472 1
B56 6 29304 1
B57 3 34841 1
B58 6 47948 2
B59 8 74321 2
B60 6 27869 2
