B1 4 12028 1
B2 5 2413 1
B3 1 1884 1
B4 2 1408 1
B5 6 2555 1
B6 3 2612 1
B7 6 3359 1
B8 1 2739 2
B9 1 3914 1
B10 3 2615 1
B11 4 7555 1
B12 5 10777 1
B13 2 1958 1
B14 6 4069 1
B15 1 1193 1
B16 2 1689 1
B17 1 2940 1
B18 3 3494 1
B19 5 5860 1
B20 6 5130 1
B21 4 4622 1
B22 3 3745 1
B23 4 5795 1
B24 3 4505 2
B25 8 3744 1
B26 2 4857 1
B27 3 3115 1
B28 8 3326 1
B29 7 3490 1
B30 2 5097 2
B31 5 5851 1
B32 4 3321 2
B33 1 7818 2
B34 8 8769 2
B35 1 9077 1
B36 3 14414 2
B37 3 2240 1
B38 4 5912 1
B39 3 3734 1
B40 7 9519 1
B41 8 13147 1
B42 6 7507 1
B43 5 12173 1
B44 5 9203 2
B45 1 8885 1
B46 1 15651 2
B47 5 24275 1
B48 7 5078 2
B49 5 9669 2
B50 1 3253 2
B51 6 14374 2
B52 8 10949 2
B53 1 9281 1
B54 7 12435 2
B55 4 19373 2
B56 4 20721 2
B57 4 7873 2
B58 7 11574 2
B59 1 18893 2
B60 3 8827 2
