B1 4 4230 1
B2 5 2302 1
B3 1 2509 1
B4 2 1923 1
B5 6 1840 1
B6 3 2714 1
B7 6 3660 1
B8 2 2967 1
B9 1 4353 1
B10 3 7429 1
B11 4 8850 1
B12 5 9890 1
B13 2 4221 1
B14 6 7426 1
B15 1 2317 1
B16 2 2260 1
B17 1 5213 1
B18 3 3059 1
B19 5 4313 1
B20 6 14542 1
B21 4 4943 1
B22 3 3819 1
B23 4 5504 1
B24 5 5279 1
B25 8 7512 1
B26 2 10377 1
B27 3 5437 1
B28 8 14281 1
B29 7 4805 1
B30 2 10347 2
B31 5 5774 1
B32 1 19608 1
B33 7 19936 1
B34 8 17895 2
B35 1 18010 1
B36 5 16795 2
B37 3 3808 1
B38 4 5230 1
B39 3 8751 1
B40 7 8917 1
B41 8 6844 1
B42 6 12546 1
B43 5 6888 1
B44 4 7689 1
B45 1 9868 1
B46 2 16224 1
B47 8 22181 2
B48 5 1612 2
B49 7 8905 1
B50 7 22559 2
B51 6 954 2
B52 5 543 2
B53 4 509 2
B54 5 322 1
B55 6 345 2
B56 3 301 2
B57 4 288 2
B58 5 217 2
B59 2 206 2
B60 4 211 2
