B1 2 2285 2
B2 5 2127 1
B3 1 1983 1
B4 2 1705 1
B5 6 3097 1
B6 3 3818 1
B7 6 3941 1
B8 2 7540 1
B9 1 6242 1
B10 3 6345 1
B11 4 12335 1
B12 5 15919 1
B13 2 2436 1
B14 6 3571 1
B15 1 2289 1
B16 2 5545 1
B17 1 6705 1
B18 3 6930 1
B19 5 9286 1
B20 6 8048 1
B21 4 5043 1
B22 3 4085 1
B23 4 7588 1
B24 5 19610 1
B25 8 8864 1
B26 2 11039 1
B27 3 19104 1
B28 8 15783 1
B29 7 4931 1
B30 4 17133 1
B31 5 6550 1
B32 1 34061 1
B33 7 14396 1
B34 4 32720 2
B35 1 31978 1
B36 2 26998 1
B37 3 2002 1
B38 4 23739 1
B39 3 13936 1
B40 7 6688 1
B41 8 11127 1
B42 6 13082 1
B43 5 39272 1
B44 4 24512 1
B45 1 13230 1
B46 2 25656 1
B47 5 25046 1
B48 7 18700 2
B49 7 10723 1
B50 6 14072 1
B51 8 15514 1
B52 2 12015 1
B53 1 8639 1
B54 5 24015 1
B55 4 37300 2
B56 6 24411 1
B57 4 36749 2
B58 4 42281 2
B59 1 30280 2
B60 7 30387 2
