B1 4 7183 1
B2 5 1961 1
B3 1 4910 1
B4 2 2044 1
B5 6 2674 1
B6 3 2709 1
B7 6 4142 1
B8 2 2239 1
B9 1 3310 1
B10 3 3045 1
B11 4 7450 1
B12 5 3509 1
B13 2 2193 1
B14 6 4116 1
B15 1 3122 1
B16 2 3953 1
B17 1 2163 1
B18 3 4877 1
B19 5 2512 1
B20 3 3090 2
B21 4 4868 1
B22 3 3098 1
B23 4 2730 1
B24 6 10909 2
B25 8 6973 1
B26 2 4932 1
B27 3 4513 1
B28 8 3778 1
B29 7 14653 1
B30 4 3397 1
B31 5 4972 1
B32 4 7993 2
B33 7 9926 1
B34 8 14643 2
B35 5 13667 2
B36 4 10646 2
B37 3 3414 1
B38 3 4136 2
B39 6 13374 2
B40 7 7408 1
B41 8 6540 1
B42 6 22183 1
B43 4 9911 2
B44 4 27375 1
B45 1 20217 1
B46 2 30625 1
B47 6 7002 2
B48 5 19911 2
B49 7 7899 1
B50 6 10266 1
B51 8 7057 1
B52 3 13573 2
B53 1 12122 1
B54 5 28169 1
B55 1 36391 1
B56 6 18032 1
B57 3 31930 1
B58 3 35243 2
B59 3 5208 2
B60 8 19957 2
