B1 4 3139 1
B2 5 1676 1
B3 1 2128 1
B4 2 1831 1
B5 6 2485 1
B6 3 2974 1
B7 6 4048 1
B8 2 2125 1
B9 1 3437 1
B10 3 3684 1
B11 4 5321 1
B12 4 4097 2
B13 2 1877 1
B14 6 3966 1
B15 1 2542 1
B16 2 1873 1
B17 1 3394 1
B18 3 2147 1
B19 5 4545 1
B20 4 3557 2
B21 5 3685 2
B22 3 4247 1
B23 6 4098 2
B24 6 4564 2
B25 8 4516 1
B26 2 3177 1
B27 4 9168 2
B28 8 5424 1
B29 7 6590 1
B30 2 3392 2
B31 8 6564 2
B32 1 8248 1
B33 7 10938 1
B34 4 8082 2
B35 2 9065 2
B36 2 6767 1
B37 3 2967 1
B38 2 10599 2
B39 4 4359 2
B40 6 5660 2
B41 8 7289 1
B42 6 6461 1
B43 5 7898 1
B44 1 6840 2
B45 3 10102 2
B46 2 14921 1
B47 5 9600 1
B48 7 11548 2
B49 7 12131 1
B50 3 14588 2
B51 8 15785 1
B52 3 3906 2
B53 2 14931 2
B54 4 9033 2
B55 4 10838 2
B56 7 19666 2
B57 2 9622 2
B58 7 5424 2
B59 1 13275 2
B60 2 13320 2
