B1 4 5875 1
B2 5 2608 1
B3 1 3277 1
B4 2 3115 1
B5 6 4748 1
B6 3 4782 1
B7 6 4523 1
B8 2 5926 1
B9 1 5286 1
B10 3 9408 1
B11 4 6531 1
B12 5 13734 1
B13 2 3473 1
B14 6 4598 1
B15 1 3261 1
B16 2 2491 1
B17 1 3183 1
B18 3 2713 1
B19 5 11989 1
B20 6 5383 1
B21 4 4109 1
B22 3 4778 1
B23 4 7643 1
B24 5 15322 1
B25 8 7780 1
B26 2 7257 1
B27 3 26415 1
B28 8 18803 1
B29 7 12106 1
B30 4 5328 1
B31 5 7596 1
B32 1 9775 1
B33 7 15924 1
B34 8 14643 2
B35 1 28609 1
B36 8 53458 2
B37 7 631 2
B38 4 17425 1
B39 4 6740 2
B40 7 18806 1
B41 8 13881 1
B42 6 10385 1
B43 5 18314 1
B44 4 13787 1
B45 1 12543 1
B46 2 41942 1
B47 7 59084 2
B48 8 40180 2
B49 7 11268 1
B50 6 55660 1
B51 8 13961 1
B52 2 10651 1
B53 1 9285 1
B54 5 33472 1
B55 1 36590 1
B56 6 21183 1
B57 3 16393 1
B58 2 24712 1
B59 4 41594 1
B60 8 37933 2
