B1 6 12248 2
B2 5 4910 1
B3 1 3799 1
B4 2 4548 1
B5 6 7724 1
B6 3 3734 1
B7 6 3597 1
B8 2 7579 1
B9 1 5715 1
B10 3 7852 1
B11 4 11397 1
B12 5 10554 1
B13 2 4715 1
B14 6 4380 1
B15 1 3072 1
B16 2 2693 1
B17 1 4663 1
B18 3 4036 1
B19 4 2701 2
B20 6 6724 1
B21 4 3843 1
B22 3 6657 1
B23 2 4040 2
B24 6 26811 2
B25 8 7104 1
B26 2 6331 1
B27 3 10764 1
B28 8 19560 1
B29 7 37880 1
B30 4 16836 1
B31 5 7218 1
B32 1 113383 1
B33 7 12642 1
B34 5 38809 2
B35 3 68733 2
B36 1 36520 2
B37 3 5185 1
B38 4 5787 1
B39 3 8457 1
B40 7 9769 1
B41 8 9089 1
B42 6 8694 1
B43 5 21758 1
B44 4 16344 1
B45 1 14968 1
B46 2 17514 1
B47 5 33209 1
B48 3 16437 2
B49 7 25775 1
B50 6 29181 1
B51 8 17957 1
B52 3 25545 2
B53 1 23419 1
B54 5 18188 1
B55 6 34055 2
B56 1 37473 2
B57 3 15374 1
B58 3 55380 2
B59 4 45621 1
B60 2 45349 2
