B1 4 5896 1
B2 5 1899 1
B3 1 2804 1
B4 2 2524 1
B5 6 2806 1
B6 3 3315 1
B7 6 4465 1
B8 2 3314 1
B9 1 5163 1
B10 3 4413 1
B11 4 7919 1
B12 5 12721 1
B13 2 3147 1
B14 6 2629 1
B15 1 2515 1
B16 2 2443 1
B17 1 2969 1
B18 3 4720 1
B19 5 3829 1
B20 5 5676 2
B21 4 2903 1
B22 3 2888 1
B23 4 7165 1
B24 5 28768 1
B25 8 4671 1
B26 2 7733 1
B27 3 7521 1
B28 8 6339 1
B29 7 5169 1
B30 4 5783 1
B31 5 8992 1
B32 1 59725 1
B33 7 9867 1
B34 8 37461 2
B35 1 45522 1
B36 2 35199 1
B37 3 2480 1
B38 4 3177 1
B39 3 4753 1
B40 7 11565 1
B41 8 6926 1
B42 6 17716 1
B43 5 5753 1
B44 4 7091 1
B45 2 11748 2
B46 4 33302 2
B47 5 26901 1
B48 5 35269 2
B49 7 8683 1
B50 6 31351 1
B51 2 11422 2
B52 2 12752 1
B53 1 6579 1
B54 8 38419 2
B55 4 16331 2
B56 6 37572 1
B57 2 32746 2
B58 2 37611 1
B59 4 31873 1
B60 8 28184 2
