B1 6 6092 2
B2 5 1998 1
B3 1 3334 1
B4 2 1776 1
B5 6 2473 1
B6 3 2157 1
B7 6 2987 1
B8 1 2149 2
B9 1 1893 1
B10 3 3407 1
B11 1 3124 2
B12 5 7443 1
B13 2 3019 1
B14 6 4307 1
B15 1 1723 1
B16 2 1898 1
B17 1 2175 1
B18 3 3686 1
B19 5 3201 1
B20 3 2285 2
B21 4 5919 1
B22 3 5449 1
B23 4 5880 1
B24 6 9855 2
B25 8 3647 1
B26 2 2689 1
B27 3 4919 1
B28 6 4567 2
B29 7 5790 1
B30 2 13853 2
B31 5 4392 1
B32 1 14155 1
B33 1 6631 2
B34 6 9392 1
B35 3 18753 2
B36 3 9533 2
B37 3 4250 1
B38 4 6310 1
B39 3 6850 1
B40 7 7129 1
B41 8 8139 1
B42 6 10802 1
B43 5 13440 1
B44 4 7312 1
B45 2 3337 2
B46 2 13656 1
B47 5 24670 1
B48 7 18564 2
B49 7 19832 1
B50 6 8967 1
B51 8 9020 1
B52 2 9906 1
B53 1 8734 1
B54 5 16484 1
B55 3 15276 2
B56 6 11190 1
B57 3 33644 1
B58 2 28104 1
B59 8 12060 2
B60 5 32392 1
