B1 4 6464 1
B2 5 2150 1
B3 1 2894 1
B4 2 2399 1
B5 6 2987 1
B6 3 4037 1
B7 6 3162 1
B8 2 4672 1
B9 1 4158 1
B10 3 3456 1
B11 4 5254 1
B12 5 6552 1
B13 2 3206 1
B14 6 4444 1
B15 1 3578 1
B16 2 8965 1
B17 1 2791 1
B18 3 2897 1
B19 1 3043 2
B20 6 5795 1
B21 4 3921 1
B22 3 5181 1
B23 4 4132 1
B24 5 5204 1
B25 8 4792 1
B26 2 5595 1
B27 3 4730 1
B28 4 4913 2
B29 7 3003 1
B30 8 7701 2
B31 5 7729 1
B32 1 7001 1
B33 7 10984 1
B34 8 5882 2
B35 4 2237 2
B36 3 6359 2
B37 3 2603 1
B38 4 4075 1
B39 3 4640 1
B40 7 8805 1
B41 8 5067 1
B42 3 8269 2
B43 2 13318 2
B44 4 14984 1
B45 5 14875 2
B46 7 6149 2
B47 2 7372 2
B48 5 11662 2
B49 3 1321 2
B50 6 667 1
B51 4 342 2
B52 6 285 2
B53 3 289 2
B54 8 162 2
B55 8 2254 2
B56 7 4746 2
B57 3 584 1
B58 6 376 2
B59 3 307 2
B60 6 315 2
