B1 4 3617 1
B2 5 1690 1
B3 1 2294 1
B4 2 1856 1
B5 6 2822 1
B6 3 2264 1
B7 6 2989 1
B8 2 2435 1
B9 1 5805 1
B10 3 3239 1
B11 4 5575 1
B12 5 7129 1
B13 2 2835 1
B14 6 3644 1
B15 1 2470 1
B16 2 1995 1
B17 1 2486 1
B18 3 2338 1
B19 5 2943 1
B20 6 4202 1
B21 4 3619 1
B22 3 4331 1
B23 4 4423 1
B24 5 9288 1
B25 8 5652 1
B26 2 3471 1
B27 3 3625 1
B28 8 5098 1
B29 7 3826 1
B30 4 3983 1
B31 5 5190 1
B32 1 5757 1
B33 7 6423 1
B34 6 13280 1
B35 1 9572 1
B36 4 18188 2
B37 3 2631 1
B38 4 4746 1
B39 3 7329 1
B40 7 3889 1
B41 8 8139 1
B42 6 10576 1
B43 5 11979 1
B44 4 9133 1
B45 1 12659 1
B46 2 22545 1
B47 7 27793 2
B48 8 23999 2
B49 7 6886 1
B50 6 13209 1
B51 8 7610 1
B52 8 28504 2
B53 1 6679 1
B54 5 31824 1
B55 3 50497 2
B56 6 34608 1
B57 3 41669 1
B58 6 26743 2
B59 7 51387 2
B60 1 41318 2
