B1 4 3078 1
B2 5 2048 1
B3 1 2354 1
B4 3 2634 2
B5 6 3838 1
B6 3 3318 1
B7 6 4915 1
B8 2 6251 1
B9 1 4418 1
B10 3 5419 1
B11 4 8222 1
B12 5 7148 1
B13 2 4132 1
B14 6 3533 1
B15 1 3314 1
B16 2 2030 1
B17 1 4430 1
B18 3 6225 1
B19 6 2450 2
B20 5 3980 2
B21 4 3064 1
B22 3 2538 1
B23 2 12042 2
B24 6 10482 2
B25 8 6459 1
B26 2 6372 1
B27 3 9712 1
B28 4 15237 2
B29 7 9025 1
B30 4 11194 1
B31 5 7830 1
B32 1 20252 1
B33 7 7611 1
B34 5 37498 2
B35 4 27895 2
B36 3 30899 2
B37 3 4525 1
B38 4 11701 1
B39 3 5946 1
B40 7 14875 1
B41 8 16184 1
B42 6 13290 1
B43 5 14703 1
B44 4 18487 1
B45 1 20481 1
B46 2 12354 1
B47 3 20075 2
B48 7 38701 2
B49 7 11643 1
B50 6 10965 1
B51 8 10353 1
B52 2 22886 1
B53 1 11809 1
B54 5 13251 1
B55 1 46907 1
B56 8 41456 2
B57 3 14062 1
B58 4 48037 2
B59 6 40133 2
B60 7 43303 2
