B1 4 14475 1
B2 5 3637 1
B3 1 2412 1
B4 2 3880 1
B5 6 4136 1
B6 3 5894 1
B7 6 5132 1
B8 2 6368 1
B9 1 4823 1
B10 3 8505 1
B11 4 4994 1
B12 6 13078 2
B13 2 2520 1
B14 6 3791 1
B15 1 3437 1
B16 2 3936 1
B17 1 3642 1
B18 3 4538 1
B19 5 7457 1
B20 6 5752 1
B21 4 3901 1
B22 3 3381 1
B23 4 4078 1
B24 5 12139 1
B25 8 9027 1
B26 2 9127 1
B27 3 13337 1
B28 8 16020 1
B29 7 16372 1
B30 4 16776 1
B31 5 8517 1
B32 4 11599 2
B33 7 11809 1
B34 4 8430 2
B35 5 12094 2
B36 3 8844 2
B37 3 5068 1
B38 4 4244 1
B39 3 5407 1
B40 7 5168 1
B41 8 5122 1
B42 6 10405 1
B43 5 10411 1
B44 5 11212 2
B45 1 24740 1
B46 5 49608 2
B47 8 48815 2
B48 1 8458 2
B49 7 7904 1
B50 6 8273 1
B51 8 7564 1
B52 7 11492 2
B53 1 15280 1
B54 4 19308 2
B55 3 6906 2
B56 6 19654 1
B57 5 10885 2
B58 1 18157 2
B59 7 10448 2
B60 8 15141 2
