B1 4 24617 1
B2 5 7869 1
B3 1 4319 1
B4 2 5009 1
B5 6 17289 1
B6 3 4620 1
B7 6 9791 1
B8 2 5113 1
B9 1 8015 1
B10 3 7597 1
B11 4 15469 1
B12 5 17687 1
B13 2 4351 1
B14 6 9677 1
B15 1 7536 1
B16 2 5027 1
B17 1 6249 1
B18 3 6598 1
B19 5 4139 1
B20 6 7762 1
B21 4 5637 1
B22 3 5163 1
B23 4 6417 1
B24 5 26598 1
B25 8 13832 1
B26 2 10397 1
B27 3 21681 1
B28 8 19870 1
B29 7 22252 1
B30 4 40006 1
B31 5 16681 1
B32 1 76219 1
B33 7 18275 1
B34 6 37783 1
B35 1 60572 1
B36 2 29700 1
B37 3 5373 1
B38 4 13133 1
B39 3 9257 1
B40 7 8764 1
B41 8 15536 1
B42 6 17020 1
B43 5 18637 1
B44 1 7924 2
B45 1 28677 1
B46 2 31775 1
B47 3 110912 2
B48 7 68139 2
B49 7 9006 1
B50 6 9894 1
B51 8 32948 1
B52 2 16051 1
B53 1 16556 1
B54 5 22200 1
B55 1 18246 1
B56 6 20140 1
B57 3 102940 1
B58 7 84324 2
B59 3 30920 2
B60 1 28768 2
