B1 4 12697 1
B2 5 2089 1
B3 1 7073 1
B4 2 2419 1
B5 6 5489 1
B6 3 2788 1
B7 6 4841 1
B8 2 7859 1
B9 1 2999 1
B10 3 4844 1
B11 4 8573 1
B12 5 7900 1
B13 2 2944 1
B14 6 7224 1
B15 1 3143 1
B16 2 2263 1
B17 1 4648 1
B18 3 2612 1
B19 5 3115 1
B20 6 4878 1
B21 4 2858 1
B22 3 3449 1
B23 4 4207 1
B24 6 16166 2
B25 8 5345 1
B26 2 4094 1
B27 3 18281 1
B28 8 16208 1
B29 7 5289 1
B30 4 5676 1
B31 5 9235 1
B32 1 12091 1
B33 7 7555 1
B34 6 22995 1
B35 5 10314 2
B36 3 28880 2
B37 3 2231 1
B38 4 4813 1
B39 3 5855 1
B40 7 6410 1
B41 8 7310 1
B42 6 11026 1
B43 5 8319 1
B44 4 6975 1
B45 1 8489 1
B46 2 18144 1
B47 7 16931 2
B48 3 23264 2
B49 6 8660 2
B50 1 21338 2
B51 8 8941 1
B52 2 15665 1
B53 1 6292 1
B54 8 37572 2
B55 1 36337 1
B56 8 9108 2
B57 1 25966 2
B58 7 10173 2
B59 5 5510 2
B60 6 3604 2
