B1 6 4756 2
B2 5 2337 1
B3 1 2806 1
B4 2 2514 1
B5 6 2676 1
B6 1 2067 2
B7 6 6791 1
B8 2 6364 1
B9 1 4142 1
B10 1 2334 2
B11 4 6808 1
B12 1 5303 2
B13 2 3256 1
B14 6 4136 1
B15 1 1789 1
B16 2 2330 1
B17 1 3671 1
B18 3 3871 1
B19 6 8230 2
B20 6 5325 1
B21 4 4927 1
B22 3 4515 1
B23 4 5212 1
B24 5 10645 1
B25 8 7857 1
B26 2 7884 1
B27 3 11740 1
B28 8 9536 1
B29 7 6445 1
B30 4 4996 1
B31 5 4982 1
B32 1 6753 1
B33 7 12834 1
B34 8 9536 2
B35 5 12226 2
B36 3 19671 2
B37 3 2837 1
B38 4 8407 1
B39 3 6675 1
B40 7 7511 1
B41 8 8501 1
B42 3 6559 2
B43 8 5740 2
B44 5 12206 2
B45 2 14892 2
B46 2 10516 1
B47 2 15906 2
B48 4 10565 2
B49 3 6082 2
B50 3 7607 2
B51 3 12994 2
B52 5 19446 2
B53 1 13320 1
B54 5 21231 1
B55 1 17993 1
B56 8 17581 2
B57 7 14286 2
B58 7 11171 2
B59 7 8737 2
B60 8 15379 2
