B1 4 3961 1
B2 5 2142 1
B3 1 2873 1
B4 2 2674 1
B5 6 2827 1
B6 3 2324 1
B7 6 4324 1
B8 2 2664 1
B9 1 2586 1
B10 3 3502 1
B11 4 5447 1
B12 3 5993 2
B13 2 3263 1
B14 6 3813 1
B15 1 2531 1
B16 2 4221 1
B17 1 3977 1
B18 2 5612 2
B19 5 5111 1
B20 6 4603 1
B21 4 3999 1
B22 3 4373 1
B23 4 4842 1
B24 2 6068 2
B25 8 4922 1
B26 2 3734 1
B27 3 9134 1
B28 8 7317 1
B29 7 29601 1
B30 2 10364 2
B31 5 4854 1
B32 4 8753 2
B33 7 13293 1
B34 1 33634 2
B35 1 27706 1
B36 1 10761 2
B37 3 3825 1
B38 4 10158 1
B39 3 7719 1
B40 7 5178 1
B41 8 11668 1
B42 6 10809 1
B43 5 19007 1
B44 5 11706 2
B45 1 18833 1
B46 2 66841 1
B47 2 2259 2
B48 5 45424 2
B49 7 10401 1
B50 6 9957 1
B51 8 7210 1
B52 2 9049 1
B53 1 9700 1
B54 5 27003 1
B55 1 27554 1
B56 6 7511 1
B57 3 22988 1
B58 2 48289 1
B59 5 30439 2
B60 5 34182 1
