B1 4 3301 1
B2 5 1917 1
B3 1 2260 1
B4 2 1763 1
B5 6 2516 1
B6 3 2843 1
B7 6 5175 1
B8 2 2630 1
B9 1 4775 1
B10 3 8326 1
B11 4 5083 1
B12 5 11991 1
B13 2 1901 1
B14 6 9348 1
B15 1 2896 1
B16 2 2053 1
B17 1 3695 1
B18 3 3980 1
B19 5 4837 1
B20 6 4876 1
B21 4 4315 1
B22 3 4289 1
B23 4 9077 1
B24 3 5172 2
B25 8 4559 1
B26 2 5738 1
B27 3 5183 1
B28 8 5504 1
B29 7 12186 1
B30 4 7354 1
B31 5 6180 1
B32 6 30952 2
B33 7 12637 1
B34 8 15328 2
B35 4 45862 2
B36 6 15268 2
B37 3 3151 1
B38 2 20551 2
B39 5 28780 2
B40 7 14973 1
B41 8 10292 1
B42 3 30080 2
B43 5 9285 1
B44 4 22794 1
B45 1 27817 1
B46 4 15332 2
B47 4 28070 2
B48 7 58076 2
B49 7 12444 1
B50 3 20740 2
B51 8 14524 1
B52 2 14632 1
B53 1 19292 1
B54 5 33071 1
B55 1 29772 1
B56 5 50173 2
B57 3 16376 1
B58 7 26405 2
B59 1 41715 2
B60 4 29694 2
