B1 4 4322 1
B2 5 1836 1
B3 1 5593 1
B4 2 2563 1
B5 6 2887 1
B6 3 6286 1
B7 6 5135 1
B8 2 4148 1
B9 1 8156 1
B10 3 5935 1
B11 4 9473 1
B12 5 14837 1
B13 2 3105 1
B14 6 5313 1
B15 1 2829 1
B16 2 2061 1
B17 1 3757 1
B18 3 5980 1
B19 5 2872 1
B20 6 13896 1
B21 4 4095 1
B22 3 4431 1
B23 4 3202 1
B24 5 11261 1
B25 8 6261 1
B26 2 6796 1
B27 3 21857 1
B28 8 14321 1
B29 7 9462 1
B30 4 18326 1
B31 5 7432 1
B32 4 25895 2
B33 7 12609 1
B34 8 9683 2
B35 1 23527 1
B36 1 11156 2
B37 3 3194 1
B38 4 4407 1
B39 3 13085 1
B40 7 5803 1
B41 8 12701 1
B42 6 9078 1
B43 5 22297 1
B44 4 13663 1
B45 1 18696 1
B46 3 6975 2
B47 2 34209 2
B48 6 20086 1
B49 7 6379 1
B50 6 7962 1
B51 8 8668 1
B52 4 3952 2
B53 8 1231 2
B54 7 2985 2
B55 5 1408 2
B56 6 1110 1
B57 5 1138 2
B58 2 1670 1
B59 4 1444 1
B60 7 2842 2
