B1 4 16273 1
B2 5 2475 1
B3 1 3077 1
B4 2 2741 1
B5 6 3525 1
B6 3 2311 1
B7 6 4047 1
B8 2 4004 1
B9 1 5038 1
B10 3 9231 1
B11 4 9667 1
B12 5 10094 1
B13 2 2090 1
B14 6 5080 1
B15 1 2958 1
B16 2 2456 1
B17 1 4835 1
B18 3 6697 1
B19 5 4540 1
B20 6 5943 1
B21 4 3322 1
B22 3 3800 1
B23 4 3231 1
B24 5 9623 1
B25 8 5067 1
B26 2 4446 1
B27 3 14284 1
B28 8 12680 1
B29 7 22263 1
B30 4 5996 1
B31 5 7640 1
B32 1 43549 1
B33 1 10980 2
B34 6 30971 1
B35 1 17264 1
B36 2 61340 1
B37 3 2145 1
B38 4 10720 1
B39 3 8047 1
B40 7 7343 1
B41 8 11353 1
B42 6 7887 1
B43 5 20123 1
B44 4 33719 1
B45 1 10517 1
B46 2 69579 1
B47 5 94494 1
B48 8 88793 2
B49 7 8763 1
B50 6 42790 1
B51 8 6078 1
B52 2 48911 1
B53 1 6897 1
B54 5 21856 1
B55 1 20274 1
B56 6 14284 1
B57 3 7288449 1
B58 3 3588 2
B59 4 288675 1
B60 2 67989 2
