B1 4 2340 1
B2 5 1432 1
B3 1 1742 1
B4 2 1218 1
B5 6 4444 1
B6 3 2419 1
B7 6 3537 1
B8 1 2913 2
B9 1 1708 1
B10 3 1985 1
B11 1 2053 2
B12 5 2802 1
B13 2 1741 1
B14 6 2870 1
B15 1 2085 1
B16 2 1424 1
B17 1 3017 1
B18 5 2174 2
B19 1 1401 2
B20 6 3299 1
B21 4 3319 1
B22 3 5625 1
B23 4 4457 1
B24 6 3631 2
B25 6 1527 2
B26 2 2400 1
B27 3 2225 1
B28 6 2987 2
B29 7 8913 1
B30 8 4518 2
B31 5 5508 1
B32 4 3602 2
B33 4 2917 2
B34 8 10997 2
B35 4 7298 2
B36 8 4854 2
B37 3 2820 1
B38 4 2868 1
B39 3 6045 1
B40 7 6935 1
B41 8 3800 1
B42 6 9595 1
B43 5 7588 1
B44 4 6836 1
B45 2 6331 2
B46 2 4893 1
B47 4 3823 2
B48 7 6696 2
B49 4 8437 2
B50 3 2013 2
B51 4 2997 2
B52 3 3469 2
B53 3 2925 2
B54 7 5779 2
B55 3 4662 2
B56 5 15011 2
B57 7 4134 2
B58 1 15597 2
B59 5 3076 2
B60 3 7347 2
