B1 4 2611 1
B2 5 1523 1
B3 1 2234 1
B4 2 1603 1
B5 6 4262 1
B6 3 2523 1
B7 6 2487 1
B8 2 4413 1
B9 1 1934 1
B10 3 2190 1
B11 4 5535 1
B12 1 7622 2
B13 2 2209 1
B14 6 3963 1
B15 1 2908 1
B16 2 2610 1
B17 1 3198 1
B18 3 3037 1
B19 5 5124 1
B20 6 3062 1
B21 1 3095 2
B22 3 2687 1
B23 4 4403 1
B24 2 10080 2
B25 8 8378 1
B26 2 2814 1
B27 3 7960 1
B28 4 7400 2
B29 7 4314 1
B30 4 6393 1
B31 5 4669 1
B32 4 4339 2
B33 1 6812 2
B34 8 12772 2
B35 1 20503 1
B36 7 17408 2
B37 3 2227 1
B38 4 9886 1
B39 3 6045 1
B40 7 9215 1
B41 8 4339 1
B42 6 6034 1
B43 5 13091 1
B44 4 12680 1
B45 1 9639 1
B46 3 28900 2
B47 2 39029 2
B48 4 20684 2
B49 6 9207 2
B50 6 10388 1
B51 8 7270 1
B52 2 24092 1
B53 1 16427 1
B54 8 20272 2
B55 1 14252 1
B56 8 17129 2
B57 5 24299 2
B58 7 16487 2
B59 1 18787 2
B60 2 26196 2
