B1 4 2210 1
B2 5 1864 1
B3 1 1556 1
B4 2 1636 1
B5 6 2055 1
B6 3 1956 1
B7 2 2664 2
B8 1 2840 2
B9 1 2354 1
B10 3 2760 1
B11 1 2501 2
B12 3 1282 2
B13 2 2876 1
B14 6 3534 1
B15 1 2569 1
B16 2 2853 1
B17 1 2723 1
B18 3 6158 1
B19 1 1803 2
B20 4 2271 2
B21 4 4278 1
B22 3 9245 1
B23 4 6737 1
B24 5 6297 1
B25 8 4244 1
B26 2 3101 1
B27 3 6708 1
B28 8 4643 1
B29 7 4589 1
B30 3 5496 2
B31 5 5460 1
B32 4 21234 2
B33 7 8478 1
B34 6 12362 1
B35 1 14353 1
B36 2 9858 1
B37 3 2067 1
B38 4 3267 1
B39 3 4693 1
B40 7 11298 1
B41 8 11791 1
B42 3 15681 2
B43 5 19731 1
B44 2 8361 2
B45 1 13830 1
B46 2 27116 1
B47 6 12781 2
B48 7 36425 2
B49 7 7636 1
B50 6 9184 1
B51 8 6160 1
B52 2 6396 1
B53 1 7035 1
B54 5 10830 1
B55 5 16 2
B56 6 24751 1
B57 4 22464 2
B58 4 29614 2
B59 5 32730 2
B60 2 26879 2
