B1 6 3517 2
B2 5 3496 1
B3 3 6111 2
B4 2 4377 1
B5 6 5660 1
B6 3 5832 1
B7 6 6622 1
B8 2 3917 1
B9 1 3343 1
B10 3 5577 1
B11 4 10083 1
B12 5 10346 1
B13 2 3364 1
B14 6 4406 1
B15 1 5067 1
B16 2 4425 1
B17 1 4253 1
B18 5 4710 2
B19 5 5182 1
B20 6 7851 1
B21 4 8947 1
B22 3 7374 1
B23 4 4718 1
B24 2 7739 2
B25 8 4634 1
B26 2 4569 1
B27 3 11200 1
B28 8 8868 1
B29 7 19005 1
B30 4 13514 1
B31 5 11810 1
B32 1 19180 1
B33 1 14525 2
B34 8 19802 2
B35 5 17598 2
B36 3 18845 2
B37 3 4687 1
B38 4 6249 1
B39 3 5257 1
B40 7 11151 1
B41 8 14010 1
B42 1 11557 2
B43 4 11199 2
B44 5 12014 2
B45 1 9346 1
B46 5 19018 2
B47 5 40609 1
B48 7 15515 2
B49 3 13588 2
B50 6 10158 1
B51 8 9050 1
B52 2 20726 1
B53 1 21819 1
B54 5 13330 1
B55 4 27110 2
B56 6 18901 1
B57 4 19651 2
B58 7 21858 2
B59 2 50681 2
B60 3 27416 2
