B1 4 2861 1
B2 5 3032 1
B3 1 1713 1
B4 2 1480 1
B5 6 2468 1
B6 3 3011 1
B7 1 1695 2
B8 2 2983 1
B9 5 2766 2
B10 3 4659 1
B11 5 2501 2
B12 5 4296 1
B13 2 3650 1
B14 6 4068 1
B15 1 2023 1
B16 2 2288 1
B17 1 5176 1
B18 3 3425 1
B19 5 3761 1
B20 6 7850 1
B21 4 3645 1
B22 3 2478 1
B23 6 3887 2
B24 1 8287 2
B25 2 3706 2
B26 2 4397 1
B27 3 9485 1
B28 8 4002 1
B29 7 12793 1
B30 4 4223 1
B31 5 6117 1
B32 8 8540 2
B33 1 10727 2
B34 6 16011 1
B35 1 16691 1
B36 3 6745 2
B37 3 2795 1
B38 4 8263 1
B39 6 12669 2
B40 7 7767 1
B41 8 10963 1
B42 6 21050 1
B43 8 7665 2
B44 5 15652 2
B45 1 20264 1
B46 2 21303 1
B47 5 88705 1
B48 6 29794 1
B49 7 7570 1
B50 6 56986 1
B51 8 8532 1
B52 2 9689 1
B53 1 8925 1
B54 5 19661 1
B55 1 39968 1
B56 6 69996 1
B57 3 24778 1
B58 6 44978 2
B59 7 46464 2
B60 1 52440 2
