B1 1 1897 2
B2 5 2700 1
B3 4 2172 2
B4 2 2875 1
B5 6 2104 1
B6 3 2819 1
B7 6 3006 1
B8 2 3234 1
B9 1 2649 1
B10 3 3242 1
B11 4 4410 1
B12 4 4592 2
B13 2 1678 1
B14 6 2343 1
B15 1 2092 1
B16 2 1968 1
B17 1 4689 1
B18 3 4452 1
B19 6 2754 2
B20 4 3100 2
B21 4 4864 1
B22 3 5558 1
B23 3 2136 2
B24 1 19040 2
B25 8 3168 1
B26 2 7062 1
B27 3 3006 1
B28 8 2892 1
B29 7 7795 1
B30 2 2292 2
B31 5 4072 1
B32 7 8828 2
B33 6 14724 2
B34 4 4209 2
B35 1 12995 1
B36 3 5942 2
B37 3 2304 1
B38 4 7264 1
B39 4 4225 2
B40 5 7600 2
B41 8 15374 1
B42 4 2253 2
B43 5 7682 1
B44 1 11028 2
B45 3 2974 2
B46 2 31577 1
B47 7 2222 2
B48 7 23464 2
B49 4 13186 2
B50 7 3613 2
B51 1 6978 2
B52 3 4278 2
B53 5 2387 2
B54 1 6236 2
B55 1 6473 1
B56 8 11719 2
B57 3 9223 1
B58 5 1785 2
B59 1 9860 2
B60 8 1879 2
