B1 4 3932 1
B2 5 3993 1
B3 1 2672 1
B4 2 2749 1
B5 6 5829 1
B6 3 2832 1
B7 6 4368 1
B8 2 3494 1
B9 1 3928 1
B10 3 5687 1
B11 4 5745 1
B12 1 12067 2
B13 2 4921 1
B14 6 7468 1
B15 1 2802 1
B16 2 4889 1
B17 1 3125 1
B18 3 4665 1
B19 5 3019 1
B20 6 4891 1
B21 4 3041 1
B22 3 4838 1
B23 4 3183 1
B24 3 7483 2
B25 8 5435 1
B26 2 3467 1
B27 3 3029 1
B28 8 4360 1
B29 7 5262 1
B30 4 5329 1
B31 5 5087 1
B32 1 14004 1
B33 7 6816 1
B34 6 11136 1
B35 4 24601 2
B36 2 6379 1
B37 3 3140 1
B38 4 4621 1
B39 1 4014 2
B40 7 8107 1
B41 8 6407 1
B42 6 12607 1
B43 5 16478 1
B44 4 8734 1
B45 8 5850 2
B46 8 15772 2
B47 7 12402 2
B48 3 10172 2
B49 7 6268 1
B50 6 7912 1
B51 8 9995 1
B52 3 9714 2
B53 7 7829 2
B54 5 5422 1
B55 5 28216 2
B56 1 9825 2
B57 8 9234 2
B58 1 15764 2
B59 3 7425 2
B60 2 13742 2
