B1 4 3466 1
B2 5 2553 1
B3 1 3029 1
B4 2 1750 1
B5 5 3363 2
B6 3 2406 1
B7 6 3984 1
B8 1 3628 2
B9 1 2950 1
B10 3 3070 1
B11 4 5504 1
B12 4 5698 2
B13 2 2324 1
B14 6 4031 1
B15 1 2822 1
B16 2 3693 1
B17 1 2806 1
B18 4 3716 2
B19 6 2955 2
B20 4 2736 2
B21 6 3739 2
B22 3 10827 1
B23 4 5628 1
B24 6 15827 2
B25 8 4193 1
B26 2 4923 1
B27 3 24634 1
B28 4 21183 2
B29 7 11764 1
B30 4 11542 1
B31 5 3945 1
B32 7 13347 2
B33 1 6299 2
B34 4 6500 2
B35 5 28517 2
B36 2 33679 1
B37 3 2893 1
B38 4 7351 1
B39 4 6318 2
B40 7 6592 1
B41 8 5395 1
B42 3 6511 2
B43 8 8830 2
B44 7 13730 2
B45 4 5644 2
B46 6 12147 2
B47 3 8268 2
B48 6 29318 1
B49 7 8425 1
B50 6 7192 1
B51 2 9769 2
B52 3 6810 2
B53 7 9806 2
B54 3 5852 2
B55 5 29025 2
B56 6 39121 1
B57 7 29071 2
B58 7 8681 2
B59 3 12655 2
B60 1 16749 2
