B1 6 6595 2
B2 5 4255 1
B3 1 5448 1
B4 2 3928 1
B5 6 3953 1
B6 3 3072 1
B7 6 3315 1
B8 2 6618 1
B9 1 3801 1
B10 3 4798 1
B11 4 12210 1
B12 6 8559 2
B13 2 3260 1
B14 6 4196 1
B15 1 2693 1
B16 2 5202 1
B17 1 3299 1
B18 3 6617 1
B19 5 6608 1
B20 4 4890 2
B21 4 6638 1
B22 3 3287 1
B23 4 3720 1
B24 5 51842 1
B25 8 6835 1
B26 2 10251 1
B27 3 30769 1
B28 8 23137 1
B29 7 67947 1
B30 4 19538 1
B31 5 12843 1
B32 7 49687 2
B33 1 17285 2
B34 8 43221 2
B35 1 24999 1
B36 2 93186 1
B37 3 5610 1
B38 4 7115 1
B39 3 11481 1
B40 7 11433 1
B41 8 6202 1
B42 6 7468 1
B43 5 9677 1
B44 4 11139 1
B45 1 21250 1
B46 2 108485 1
B47 5 114652 1
B48 8 46486 2
B49 7 10068 1
B50 6 13643 1
B51 8 12650 1
B52 2 35905 1
B53 7 15563 2
B54 7 91268 2
B55 1 57985 1
B56 6 107661 1
B57 1 142848 2
B58 7 69750 2
B59 1 176131 2
B60 2 184940 2
