B1 4 5134 1
B2 5 2824 1
B3 1 10817 1
B4 2 3214 1
B5 6 4019 1
B6 3 5611 1
B7 6 5772 1
B8 2 6473 1
B9 1 5403 1
B10 3 5880 1
B11 4 8748 1
B12 5 8388 1
B13 2 4927 1
B14 6 7909 1
B15 1 5067 1
B16 2 5569 1
B17 1 5834 1
B18 3 9702 1
B19 5 12665 1
B20 6 9613 1
B21 4 6511 1
B22 3 4977 1
B23 4 5533 1
B24 5 36459 1
B25 8 11541 1
B26 2 15886 1
B27 3 5021 1
B28 8 8648 1
B29 7 9034 1
B30 8 9973 2
B31 5 11337 1
B32 5 53878 2
B33 7 13544 1
B34 6 14303 1
B35 1 36326 1
B36 6 6809 2
B37 3 4141 1
B38 4 5497 1
B39 3 7619 1
B40 7 11474 1
B41 8 10796 1
B42 6 18233 1
B43 3 16501 2
B44 8 14658 2
B45 1 16832 1
B46 5 9115 2
B47 6 7619 2
B48 2 1806 2
B49 4 9061 2
B50 3 3593 2
B51 6 1684 2
B52 4 916 2
B53 5 665 2
B54 7 570 2
B55 2 366 2
B56 3 556 2
B57 5 366 2
B58 2 248 1
B59 7 410 2
B60 5 106 1
