B1 1 7043 2
B2 5 3587 1
B3 1 6395 1
B4 2 3392 1
B5 6 4514 1
B6 3 1987 1
B7 6 4248 1
B8 2 3922 1
B9 1 3378 1
B10 3 5180 1
B11 4 6568 1
B12 5 8470 1
B13 2 4307 1
B14 6 5861 1
B15 1 3039 1
B16 2 3560 1
B17 1 3399 1
B18 3 4547 1
B19 5 3005 1
B20 6 4541 1
B21 4 3183 1
B22 3 4150 1
B23 6 4378 2
B24 5 8155 1
B25 8 7468 1
B26 2 5483 1
B27 8 11790 2
B28 8 21880 1
B29 7 13414 1
B30 4 8184 1
B31 5 11587 1
B32 4 25341 2
B33 7 13284 1
B34 6 18544 1
B35 5 13158 2
B36 8 16606 2
B37 3 4022 1
B38 4 6278 1
B39 3 8184 1
B40 7 6267 1
B41 8 5062 1
B42 6 14309 1
B43 5 16591 1
B44 4 6884 1
B45 1 14886 1
B46 2 14617 1
B47 7 44620 2
B48 6 54617 1
B49 7 12203 1
B50 6 14149 1
B51 8 18441 1
B52 2 13129 1
B53 1 18641 1
B54 5 12040 1
B55 1 22093 1
B56 6 29973 1
B57 5 44294 2
B58 6 53904 2
B59 1 30445 2
B60 5 54102 1
