B1 4 8320 1
B2 5 2129 1
B3 1 2004 1
B4 2 1484 1
B5 6 2158 1
B6 3 2363 1
B7 6 2936 1
B8 2 2443 1
B9 5 3067 2
B10 3 2322 1
B11 5 2382 2
B12 5 3488 1
B13 2 2322 1
B14 6 4003 1
B15 1 4233 1
B16 2 1811 1
B17 1 6581 1
B18 3 3899 1
B19 5 5199 1
B20 5 9736 2
B21 4 13645 1
B22 3 6872 1
B23 4 7908 1
B24 4 19802 2
B25 8 5856 1
B26 2 5909 1
B27 3 6515 1
B28 8 10909 1
B29 7 5056 1
B30 4 6725 1
B31 5 9022 1
B32 4 6935 2
B33 7 23341 1
B34 6 28826 1
B35 1 34699 1
B36 3 16969 2
B37 3 5123 1
B38 4 7661 1
B39 3 11498 1
B40 7 10089 1
B41 8 6560 1
B42 5 16748 2
B43 5 12349 1
B44 3 13994 2
B45 2 21350 2
B46 5 26615 2
B47 5 25514 1
B48 1 19822 2
B49 1 5522 2
B50 7 18008 2
B51 2 17685 2
B52 3 7656 2
B53 7 5491 2
B54 4 8041 2
B55 7 18271 2
B56 6 11680 1
B57 2 19272 2
B58 7 13942 2
B59 1 11026 2
B60 3 2371 2
