B1 4 6111 1
B2 5 2325 1
B3 1 3883 1
B4 2 1776 1
B5 6 2899 1
B6 3 3195 1
B7 6 3637 1
B8 2 2835 1
B9 1 2076 1
B10 3 6519 1
B11 4 7084 1
B12 5 12692 1
B13 2 2972 1
B14 6 5088 1
B15 1 2825 1
B16 2 5901 1
B17 1 2379 1
B18 3 3136 1
B19 5 3738 1
B20 6 5523 1
B21 4 4725 1
B22 3 3463 1
B23 4 4005 1
B24 6 31430 2
B25 8 5533 1
B26 2 10803 1
B27 1 51920 2
B28 8 30253 1
B29 7 10852 1
B30 4 11724 1
B31 5 13137 1
B32 1 101643 1
B33 7 23568 1
B34 4 83769 2
B35 1 42743 1
B36 2 55216 1
B37 3 3143 1
B38 4 6531 1
B39 3 9186 1
B40 7 6521 1
B41 8 10652 1
B42 6 8504 1
B43 5 9993 1
B44 2 11213 2
B45 1 12575 1
B46 2 21556 1
B47 6 34042 2
B48 6 22206 1
B49 7 8570 1
B50 6 12805 1
B51 8 10878 1
B52 2 16911 1
B53 1 19589 1
B54 5 40146 1
B55 1 22345 1
B56 6 26980 1
B57 1 44223 2
B58 2 73610 1
B59 4 113347 1
B60 1 60251 2
