B1 4 2796 1
B2 5 1630 1
B3 1 1711 1
B4 2 1276 1
B5 6 3662 1
B6 3 2756 1
B7 6 4024 1
B8 2 2682 1
B9 1 3305 1
B10 3 2193 1
B11 4 7953 1
B12 3 4433 2
B13 2 2459 1
B14 6 2853 1
B15 1 1859 1
B16 2 1776 1
B17 1 3434 1
B18 3 2491 1
B19 5 3616 1
B20 5 3032 2
B21 4 4924 1
B22 3 3221 1
B23 4 2728 1
B24 2 5110 2
B25 8 3193 1
B26 2 3416 1
B27 3 7242 1
B28 3 3908 2
B29 7 5595 1
B30 2 4994 2
B31 5 5731 1
B32 7 8048 2
B33 3 5044 2
B34 6 5554 1
B35 3 6431 2
B36 4 12100 2
B37 3 2095 1
B38 4 4072 1
B39 3 5388 1
B40 7 8665 1
B41 8 4076 1
B42 3 6455 2
B43 5 6614 1
B44 1 5917 2
B45 6 13114 2
B46 5 12481 2
B47 6 9777 2
B48 5 11367 2
B49 5 9658 2
B50 6 7723 1
B51 1 7080 2
B52 6 8451 2
B53 3 3385 2
B54 5 5551 1
B55 5 14542 2
B56 6 14046 1
B57 4 3325 2
B58 6 12624 2
B59 3 8939 2
B60 2 6207 2
