B1 4 6756 1
B2 5 3161 1
B3 1 2103 1
B4 2 3110 1
B5 6 4311 1
B6 3 2758 1
B7 6 4152 1
B8 2 6617 1
B9 1 2990 1
B10 3 2720 1
B11 4 6482 1
B12 5 6545 1
B13 2 2983 1
B14 6 4884 1
B15 1 2197 1
B16 2 1864 1
B17 1 4478 1
B18 5 3936 2
B19 5 1873 1
B20 6 6643 1
B21 4 5774 1
B22 3 3865 1
B23 6 4191 2
B24 5 8547 1
B25 8 10983 1
B26 2 4396 1
B27 3 7253 1
B28 6 2304 2
B29 6 386 2
B30 2 314 2
B31 6 168 2
B32 5 106 2
B33 4 121 2
B34 3 83 2
B35 7 60 2
B36 8 63 2
B37 3 65 1
B38 4 76 1
B39 6 149 2
B40 6 128 2
B41 3 142 2
B42 4 128 2
B43 8 55 2
B44 4 186 1
B45 3 138 2
B46 5 98 2
B47 3 180 2
B48 2 40 2
B49 7 227 1
B50 6 52 1
B51 6 337 2
B52 4 12 2
B53 7 82 2
B54 6 21 2
B55 7 76 2
B56 5 11 2
B57 4 104 2
B58 7 263 2
B59 6 177 2
B60 8 284 2
