B1 4 4475 1
B2 5 2484 1
B3 1 4481 1
B4 2 2991 1
B5 6 2704 1
B6 3 2970 1
B7 6 5754 1
B8 2 6904 1
B9 1 5548 1
B10 3 7032 1
B11 4 8205 1
B12 5 8072 1
B13 2 3147 1
B14 6 5035 1
B15 1 2513 1
B16 2 3273 1
B17 1 4013 1
B18 3 6269 1
B19 5 8385 1
B20 4 4354 2
B21 4 5503 1
B22 3 3505 1
B23 4 3246 1
B24 2 9566 2
B25 8 5808 1
B26 2 8213 1
B27 3 12803 1
B28 8 11174 1
B29 7 4495 1
B30 4 15120 1
B31 5 10676 1
B32 3 24360 2
B33 7 9800 1
B34 6 14477 1
B35 5 20346 2
B36 6 21625 2
B37 3 8525 1
B38 4 3391 1
B39 3 4647 1
B40 7 9314 1
B41 8 23540 1
B42 6 10426 1
B43 5 14860 1
B44 4 8699 1
B45 1 10549 1
B46 2 24534 1
B47 2 43216 2
B48 7 13987 2
B49 3 11650 2
B50 6 14497 1
B51 8 19202 1
B52 1 38772 2
B53 7 12248 2
B54 7 28556 2
B55 3 16371 2
B56 6 28620 1
B57 3 18290 1
B58 6 27383 2
B59 7 27249 2
B60 2 35726 2
