B1 4 3505 1
B2 5 2291 1
B3 1 5608 1
B4 2 4307 1
B5 6 4847 1
B6 3 5077 1
B7 6 5054 1
B8 2 5288 1
B9 1 5697 1
B10 3 9547 1
B11 4 9609 1
B12 5 7729 1
B13 2 3499 1
B14 6 4541 1
B15 1 4293 1
B16 2 4897 1
B17 1 8053 1
B18 3 6320 1
B19 5 7871 1
B20 6 6123 1
B21 4 7923 1
B22 3 6547 1
B23 4 5364 1
B24 4 17996 2
B25 8 7321 1
B26 2 6800 1
B27 3 9130 1
B28 8 10176 1
B29 7 4918 1
B30 4 6087 1
B31 5 7134 1
B32 7 13298 2
B33 7 9775 1
B34 8 15342 2
B35 4 19174 2
B36 3 12437 2
B37 3 3115 1
B38 4 14505 1
B39 3 7183 1
B40 7 8813 1
B41 8 9432 1
B42 6 16283 1
B43 5 10832 1
B44 4 9742 1
B45 1 22740 1
B46 2 22023 1
B47 2 26381 2
B48 7 24364 2
B49 7 7647 1
B50 3 26082 2
B51 8 13555 1
B52 2 14252 1
B53 1 21726 1
B54 5 15346 1
B55 5 41978 2
B56 6 11252 1
B57 1 16793 2
B58 2 20874 1
B59 4 50635 1
B60 2 65305 2
