B1 4 6046 1
B2 5 2260 1
B3 1 2921 1
B4 2 2219 1
B5 6 5524 1
B6 3 2998 1
B7 5 4523 2
B8 2 4212 1
B9 1 2733 1
B10 3 3284 1
B11 4 6517 1
B12 6 5986 2
B13 2 1925 1
B14 6 3348 1
B15 1 2488 1
B16 2 2825 1
B17 1 4432 1
B18 3 5013 1
B19 5 3074 1
B20 6 4842 1
B21 4 3495 1
B22 3 3219 1
B23 4 4923 1
B24 3 6866 2
B25 8 3134 1
B26 2 8230 1
B27 3 7861 1
B28 8 4930 1
B29 7 4812 1
B30 8 12519 2
B31 5 7468 1
B32 4 11854 2
B33 7 8790 1
B34 1 8098 2
B35 4 13025 2
B36 3 10911 2
B37 3 2720 1
B38 4 6603 1
B39 1 3546 2
B40 7 6736 1
B41 2 6064 2
B42 6 6665 1
B43 5 5041 1
B44 4 6804 1
B45 1 7519 1
B46 7 14539 2
B47 4 6544 2
B48 7 9423 2
B49 4 7338 2
B50 5 15184 2
B51 8 14247 1
B52 5 17884 2
B53 1 11687 1
B54 5 10955 1
B55 1 14659 1
B56 8 9906 2
B57 3 8933 1
B58 3 20047 2
B59 7 23248 2
B60 5 9677 1
