B1 4 10892 1
B2 5 2985 1
B3 1 3375 1
B4 2 2965 1
B5 6 2762 1
B6 3 3465 1
B7 6 4986 1
B8 2 3675 1
B9 1 4913 1
B10 3 4575 1
B11 4 10208 1
B12 5 8437 1
B13 2 2937 1
B14 6 3146 1
B15 1 2187 1
B16 2 2693 1
B17 1 3563 1
B18 3 4671 1
B19 5 2752 1
B20 5 1880 2
B21 4 5728 1
B22 3 3206 1
B23 4 4558 1
B24 5 11017 1
B25 8 5507 1
B26 2 11507 1
B27 7 5157 2
B28 8 13283 1
B29 7 18149 1
B30 4 10036 1
B31 5 6305 1
B32 1 21407 1
B33 7 10410 1
B34 1 12563 2
B35 1 28409 1
B36 3 24059 2
B37 3 3045 1
B38 4 24952 1
B39 3 7066 1
B40 7 5941 1
B41 8 5055 1
B42 6 10636 1
B43 5 15716 1
B44 4 54139 1
B45 1 42220 1
B46 2 31148 1
B47 5 53697 1
B48 6 68494 1
B49 7 15763 1
B50 6 70579 1
B51 8 16791 1
B52 2 27365 1
B53 1 17240 1
B54 5 43500 1
B55 1 48213 1
B56 6 17518 1
B57 1 36759 2
B58 6 110357 2
B59 3 85253 2
B60 5 77646 1
