B1 4 3263 1
B2 5 2578 1
B3 1 4140 1
B4 2 4057 1
B5 6 3303 1
B6 3 2854 1
B7 6 4717 1
B8 2 4048 1
B9 1 3325 1
B10 3 7103 1
B11 4 5549 1
B12 5 5530 1
B13 2 3690 1
B14 6 4232 1
B15 1 2624 1
B16 2 3468 1
B17 1 5342 1
B18 3 3418 1
B19 5 6307 1
B20 6 4360 1
B21 4 4105 1
B22 3 3865 1
B23 6 6194 2
B24 5 16589 1
B25 8 10938 1
B26 2 9939 1
B27 3 13256 1
B28 8 12467 1
B29 7 17149 1
B30 6 21796 2
B31 5 7913 1
B32 1 11331 1
B33 1 5485 2
B34 6 11626 1
B35 3 35939 2
B36 2 45750 1
B37 3 4197 1
B38 4 5284 1
B39 3 4456 1
B40 7 8391 1
B41 8 7297 1
B42 6 10841 1
B43 5 16896 1
B44 4 16689 1
B45 1 13254 1
B46 2 14356 1
B47 3 53317 2
B48 7 16713 2
B49 7 13704 1
B50 6 8689 1
B51 8 12601 1
B52 2 15008 1
B53 1 9244 1
B54 5 23199 1
B55 1 28660 1
B56 5 23559 2
B57 3 38449 1
B58 6 51365 2
B59 3 21253 2
B60 3 30579 2
