B1 4 6791 1
B2 5 3216 1
B3 1 8282 1
B4 2 2096 1
B5 6 3348 1
B6 3 3067 1
B7 6 3764 1
B8 2 4613 1
B9 1 3442 1
B10 3 6613 1
B11 4 8434 1
B12 1 3594 2
B13 2 1812 1
B14 6 3394 1
B15 1 1535 1
B16 2 2574 1
B17 1 3589 1
B18 3 3573 1
B19 5 2555 1
B20 4 3427 2
B21 5 2913 2
B22 2 2190 2
B23 2 1850 2
B24 3 1888 2
B25 8 2700 1
B26 2 2943 1
B27 3 3570 1
B28 8 4665 1
B29 7 4698 1
B30 4 6891 1
B31 5 6510 1
B32 5 14725 2
B33 7 6974 1
B34 6 6207 1
B35 4 16130 2
B36 4 7617 2
B37 3 2387 1
B38 4 4355 1
B39 3 4721 1
B40 7 6919 1
B41 8 12631 1
B42 6 11228 1
B43 8 7600 2
B44 4 9382 1
B45 3 18769 2
B46 5 15285 2
B47 1 11940 2
B48 7 21134 2
B49 7 10174 1
B50 6 7941 1
B51 8 9681 1
B52 2 9769 1
B53 1 6477 1
B54 5 25623 1
B55 5 17060 2
B56 5 13566 2
B57 5 5511 2
B58 3 9060 2
B59 3 5495 2
B60 2 8515 2
