B1 4 5936 1
B2 5 2074 1
B3 1 3113 1
B4 2 2468 1
B5 6 3027 1
B6 3 3381 1
B7 6 3314 1
B8 2 4840 1
B9 1 3483 1
B10 3 4045 1
B11 5 2591 2
B12 1 8636 2
B13 2 4148 1
B14 6 2938 1
B15 1 2959 1
B16 2 2408 1
B17 1 3174 1
B18 3 8874 1
B19 5 4978 1
B20 6 7730 1
B21 4 4809 1
B22 3 3868 1
B23 4 4237 1
B24 5 19889 1
B25 8 6050 1
B26 2 8660 1
B27 3 9313 1
B28 3 9233 2
B29 7 11861 1
B30 4 20048 1
B31 5 8602 1
B32 2 23227 2
B33 7 14558 1
B34 8 13255 2
B35 1 16420 1
B36 2 17342 1
B37 3 4583 1
B38 4 5554 1
B39 3 5214 1
B40 7 4612 1
B41 8 5564 1
B42 6 9599 1
B43 5 8169 1
B44 4 9644 1
B45 1 21339 1
B46 2 13710 1
B47 7 32129 2
B48 5 23912 2
B49 7 5802 1
B50 6 9988 1
B51 8 9015 1
B52 2 25322 1
B53 1 8539 1
B54 5 41879 1
B55 3 8427 2
B56 5 14212 2
B57 5 26564 2
B58 5 38865 2
B59 5 17658 2
B60 7 14829 2
