B1 4 4415 1
B2 5 2764 1
B3 1 5284 1
B4 2 2572 1
B5 6 5000 1
B6 3 5540 1
B7 6 5597 1
B8 2 2928 1
B9 1 2628 1
B10 3 2978 1
B11 4 7636 1
B12 1 5066 2
B13 2 4894 1
B14 6 6524 1
B15 1 2502 1
B16 2 4225 1
B17 1 5363 1
B18 3 5441 1
B19 5 6152 1
B20 6 6633 1
B21 4 4562 1
B22 3 4567 1
B23 4 5447 1
B24 4 28954 2
B25 8 4107 1
B26 2 3830 1
B27 3 7200 1
B28 8 6536 1
B29 7 10540 1
B30 4 13016 1
B31 5 8098 1
B32 1 32612 1
B33 1 10259 2
B34 6 17366 1
B35 4 19459 2
B36 5 458 2
B37 8 430 2
B38 3 435 2
B39 2 440 2
B40 3 300 2
B41 4 200 2
B42 3 207 2
B43 5 178 1
B44 4 253 1
B45 3 188 2
B46 5 184 2
B47 3 197 2
B48 8 413 2
B49 3 132 2
B50 4 98 2
B51 2 0 2
B52 4 410 2
B53 3 301 2
B54 5 478 1
B55 4 185 2
B56 5 168 2
B57 4 236 2
B58 6 112 2
B59 3 384 2
B60 8 238 2
