B1 4 3508 1
B2 5 2342 1
B3 1 3466 1
B4 2 2096 1
B5 6 3046 1
B6 3 2555 1
B7 6 4139 1
B8 2 3889 1
B9 1 3746 1
B10 3 3100 1
B11 4 4688 1
B12 5 5260 1
B13 2 4039 1
B14 6 3263 1
B15 1 2714 1
B16 2 3245 1
B17 1 3466 1
B18 3 3450 1
B19 5 2926 1
B20 6 5430 1
B21 4 2886 1
B22 3 3432 1
B23 6 4206 2
B24 5 10942 1
B25 8 6055 1
B26 2 7125 1
B27 3 13659 1
B28 8 5861 1
B29 7 14424 1
B30 8 8410 2
B31 5 6622 1
B32 7 24991 2
B33 7 7444 1
B34 8 28028 2
B35 1 45268 1
B36 2 24083 1
B37 3 3101 1
B38 4 13722 1
B39 3 6435 1
B40 7 4584 1
B41 8 7301 1
B42 6 8917 1
B43 5 14668 1
B44 4 7879 1
B45 1 11983 1
B46 2 35344 1
B47 5 50566 1
B48 6 68319 1
B49 7 9098 1
B50 6 35352 1
B51 8 13335 1
B52 8 105459 2
B53 1 17965 1
B54 5 13583 1
B55 1 65118 1
B56 6 52609 1
B57 3 36471 1
B58 2 24818 1
B59 3 86988 2
B60 5 99299 1
