B1 4 4996 1
B2 5 1683 1
B3 1 1894 1
B4 2 1569 1
B5 6 4062 1
B6 3 3429 1
B7 6 4048 1
B8 2 3198 1
B9 1 3012 1
B10 3 2981 1
B11 4 6064 1
B12 5 3486 1
B13 2 2559 1
B14 6 5072 1
B15 1 2677 1
B16 2 3290 1
B17 1 3833 1
B18 3 3556 1
B19 5 3202 1
B20 3 3202 2
B21 4 5728 1
B22 3 2694 1
B23 4 5589 1
B24 5 35519 1
B25 8 4918 1
B26 2 7769 1
B27 3 3124 1
B28 8 20839 1
B29 7 6424 1
B30 4 6005 1
B31 5 8126 1
B32 1 5861 1
B33 7 14249 1
B34 6 69983 1
B35 1 30620 1
B36 2 17325 1
B37 3 3047 1
B38 4 8386 1
B39 3 9526 1
B40 7 5132 1
B41 8 9678 1
B42 6 10126 1
B43 5 15539 1
B44 4 21294 1
B45 1 11017 1
B46 2 78700 1
B47 5 136050 1
B48 6 100197 1
B49 7 7019 1
B50 6 40300 1
B51 8 5175 1
B52 2 11204 1
B53 1 13571 1
B54 5 10766 1
B55 1 43837 1
B56 6 59716 1
B57 3 34693 1
B58 2 71071 1
B59 1 57304 2
B60 2 54248 2
