B1 4 6326 1
B2 5 5766 1
B3 1 3894 1
B4 2 2049 1
B5 6 3354 1
B6 3 5495 1
B7 6 5201 1
B8 2 4918 1
B9 1 6990 1
B10 3 12612 1
B11 5 6121 2
B12 5 9792 1
B13 2 13119 1
B14 6 6902 1
B15 1 2384 1
B16 2 2883 1
B17 1 6394 1
B18 3 4411 1
B19 1 32616 2
B20 6 10936 1
B21 4 3701 1
B22 3 3793 1
B23 4 5742 1
B24 3 12431 2
B25 8 5501 1
B26 2 5280 1
B27 3 15474 1
B28 7 18528 2
B29 7 20824 1
B30 5 15616 2
B31 5 8571 1
B32 7 16065 2
B33 7 46734 1
B34 8 13873 2
B35 6 28640 2
B36 8 448 2
B37 7 260 2
B38 3 1489 2
B39 2 1599 2
B40 7 507 1
B41 4 427 2
B42 6 362 1
B43 8 3421 2
B44 2 620 2
B45 7 1397 2
B46 1 821 2
B47 3 833 2
B48 4 900 2
B49 6 911 2
B50 3 539 2
B51 3 879 2
B52 2 622 1
B53 5 554 2
B54 1 563 2
B55 5 586 2
B56 4 824 2
B57 4 1566 2
B58 4 520 2
B59 4 3815 1
B60 4 1327 2
