B1 4 4695 1
B2 5 2170 1
B3 1 2619 1
B4 2 1933 1
B5 6 5516 1
B6 3 2839 1
B7 6 4671 1
B8 3 4356 2
B9 1 5129 1
B10 3 6629 1
B11 4 5152 1
B12 5 5531 1
B13 2 2467 1
B14 6 3792 1
B15 1 2829 1
B16 2 2929 1
B17 1 2392 1
B18 3 4052 1
B19 5 4069 1
B20 6 3960 1
B21 4 4285 1
B22 3 3435 1
B23 4 5568 1
B24 6 10662 2
B25 8 4610 1
B26 2 3191 1
B27 3 12309 1
B28 3 7394 2
B29 7 11690 1
B30 4 4381 1
B31 5 7521 1
B32 1 21357 1
B33 7 8913 1
B34 6 16881 1
B35 5 16122 2
B36 2 17613 1
B37 3 3494 1
B38 4 6583 1
B39 3 4946 1
B40 7 13583 1
B41 8 11369 1
B42 6 12685 1
B43 5 13207 1
B44 4 12620 1
B45 3 20100 2
B46 2 27425 1
B47 7 33014 2
B48 6 37829 1
B49 7 8515 1
B50 6 30171 1
B51 8 6112 1
B52 2 17965 1
B53 1 20238 1
B54 5 16864 1
B55 1 17306 1
B56 6 28930 1
B57 3 18200 1
B58 2 27282 1
B59 4 29561 1
B60 2 28265 2
