B1 4 3142 1
B2 5 1877 1
B3 1 4231 1
B4 2 2070 1
B5 6 3254 1
B6 3 3603 1
B7 6 4256 1
B8 2 4525 1
B9 1 4503 1
B10 3 3383 1
B11 4 6191 1
B12 5 10642 1
B13 2 3937 1
B14 6 5176 1
B15 1 2806 1
B16 2 3521 1
B17 1 3784 1
B18 3 4524 1
B19 5 5233 1
B20 6 9180 1
B21 4 2835 1
B22 3 3301 1
B23 4 4529 1
B24 5 18696 1
B25 8 7629 1
B26 2 4474 1
B27 3 5751 1
B28 8 6208 1
B29 7 6860 1
B30 4 7236 1
B31 5 4894 1
B32 7 14525 2
B33 7 7719 1
B34 4 37390 2
B35 2 132636 2
B36 2 12219 1
B37 3 4050 1
B38 4 4012 1
B39 3 4293 1
B40 7 6387 1
B41 8 6956 1
B42 6 31440 1
B43 5 56729 1
B44 5 6328 2
B45 1 17050 1
B46 6 22390 2
B47 3 16220 2
B48 8 81409 2
B49 7 4860 1
B50 6 7803 1
B51 8 7389 1
B52 8 20857 2
B53 1 19974 1
B54 5 12602 1
B55 1 18214 1
B56 8 16199 2
B57 5 6701 2
B58 3 815 2
B59 7 1105 2
B60 6 5992 2
