B1 4 17478 1
B2 5 3458 1
B3 1 8238 1
B4 2 3320 1
B5 6 3333 1
B6 3 5782 1
B7 6 4718 1
B8 2 4895 1
B9 1 4175 1
B10 3 6662 1
B11 4 9997 1
B12 5 17001 1
B13 2 3909 1
B14 6 5030 1
B15 1 3676 1
B16 2 3130 1
B17 1 5385 1
B18 3 4349 1
B19 5 5289 1
B20 6 4710 1
B21 4 4057 1
B22 3 4674 1
B23 6 6656 2
B24 2 50648 2
B25 8 7632 1
B26 2 8528 1
B27 3 7158 1
B28 8 48043 1
B29 7 20962 1
B30 4 22908 1
B31 5 8885 1
B32 1 40480 1
B33 7 47193 1
B34 6 63676 1
B35 1 28481 1
B36 3 22349 2
B37 3 3733 1
B38 4 6221 1
B39 3 6237 1
B40 7 6790 1
B41 8 8351 1
B42 6 9448 1
B43 5 16717 1
B44 4 19987 1
B45 1 14254 1
B46 2 72692 1
B47 5 68167 1
B48 6 75856 1
B49 7 13180 1
B50 6 9704 1
B51 8 9682 1
B52 2 9230 1
B53 1 22532 1
B54 5 32510 1
B55 1 57146 1
B56 6 21616 1
B57 3 47596 1
B58 2 69769 1
B59 7 105208 2
B60 2 79702 2
