B1 4 4734 1
B2 5 2700 1
B3 1 1929 1
B4 2 1856 1
B5 6 5959 1
B6 3 3384 1
B7 1 2526 2
B8 1 1770 2
B9 1 5657 1
B10 2 7265 2
B11 4 6777 1
B12 1 3957 2
B13 2 1898 1
B14 6 4213 1
B15 1 1550 1
B16 2 2022 1
B17 1 2315 1
B18 3 2563 1
B19 5 2608 1
B20 6 3098 1
B21 4 3673 1
B22 3 3088 1
B23 4 5059 1
B24 5 9108 1
B25 8 5263 1
B26 2 10867 1
B27 3 10331 1
B28 3 9241 2
B29 7 8268 1
B30 4 11701 1
B31 5 7931 1
B32 1 20133 1
B33 7 14796 1
B34 8 19625 2
B35 8 24868 2
B36 3 10068 2
B37 3 4474 1
B38 4 12018 1
B39 3 5536 1
B40 7 5795 1
B41 8 7434 1
B42 6 10073 1
B43 1 15184 2
B44 4 6248 1
B45 4 9059 2
B46 7 14992 2
B47 6 19704 2
B48 2 13357 2
B49 7 5382 1
B50 3 9314 2
B51 8 4770 1
B52 2 9515 1
B53 3 4044 2
B54 7 534 2
B55 3 337 2
B56 7 316 2
B57 4 8762 2
B58 8 3262 2
B59 1 16325 2
B60 7 1393 2
