B1 4 7119 1
B2 5 1978 1
B3 1 6483 1
B4 2 1933 1
B5 6 7530 1
B6 3 5991 1
B7 5 6864 2
B8 2 10042 1
B9 1 3808 1
B10 3 7652 1
B11 4 4982 1
B12 3 6189 2
B13 2 8011 1
B14 6 5275 1
B15 1 2441 1
B16 2 6954 1
B17 1 12460 1
B18 2 8715 2
B19 5 3497 1
B20 5 2485 2
B21 2 2714 2
B22 1 4917 2
B23 2 2467 2
B24 3 4084 2
B25 8 3622 1
B26 2 3995 1
B27 7 6479 2
B28 4 4642 2
B29 7 3148 1
B30 2 3693 2
B31 6 9259 2
B32 5 4111 2
B33 4 2207 2
B34 4 3142 2
B35 4 4713 2
B36 2 4185 1
B37 3 2252 1
B38 2 4931 2
B39 3 2150 1
B40 4 3491 2
B41 8 2587 1
B42 3 2196 2
B43 8 3636 2
B44 7 2668 2
B45 7 4141 2
B46 5 2870 2
B47 3 2104 2
B48 4 2340 2
B49 1 3454 2
B50 3 2759 2
B51 4 2440 2
B52 1 2005 2
B53 2 2050 2
B54 4 2002 2
B55 4 4447 2
B56 3 1508 2
B57 6 1237 2
B58 4 2835 2
B59 4 2882 1
B60 2 3998 2
