B1 4 6112 1
B2 5 2301 1
B3 1 2561 1
B4 2 2027 1
B5 6 2344 1
B6 3 2477 1
B7 6 3801 1
B8 2 4042 1
B9 1 2822 1
B10 3 4197 1
B11 4 6243 1
B12 5 7290 1
B13 2 2071 1
B14 6 3617 1
B15 1 2227 1
B16 2 2811 1
B17 1 3322 1
B18 3 4807 1
B19 5 5672 1
B20 6 8781 1
B21 4 7037 1
B22 3 3886 1
B23 4 7982 1
B24 5 14563 1
B25 8 8646 1
B26 2 10029 1
B27 3 5532 1
B28 8 15917 1
B29 7 12322 1
B30 4 6155 1
B31 5 9177 1
B32 4 13178 2
B33 7 14950 1
B34 8 17523 2
B35 5 38529 2
B36 3 39351 2
B37 3 9282 1
B38 4 6486 1
B39 3 8799 1
B40 7 7651 1
B41 8 7972 1
B42 6 8313 1
B43 5 16388 1
B44 4 13299 1
B45 1 15217 1
B46 2 50859 1
B47 7 34494 2
B48 5 30089 2
B49 7 11978 1
B50 6 6966 1
B51 2 10229 2
B52 2 19492 1
B53 1 9832 1
B54 5 26565 1
B55 5 49450 2
B56 6 38339 1
B57 3 22935 1
B58 3 71284 2
B59 3 26529 2
B60 3 38885 2
