B1 4 2551 1
B2 5 2647 1
B3 1 1638 1
B4 2 1977 1
B5 4 3239 2
B6 3 2492 1
B7 4 2744 2
B8 2 2270 1
B9 5 3184 2
B10 3 5523 1
B11 5 7152 2
B12 1 7350 2
B13 2 3845 1
B14 6 4786 1
B15 1 5555 1
B16 2 3725 1
B17 1 4522 1
B18 3 7614 1
B19 6 8978 2
B20 4 7861 2
B21 4 8047 1
B22 3 7294 1
B23 4 6563 1
B24 1 11785 2
B25 8 6549 1
B26 2 9869 1
B27 3 38015 1
B28 8 24045 1
B29 2 13551 2
B30 8 16137 2
B31 4 18772 2
B32 6 35458 2
B33 1 18059 2
B34 4 22493 2
B35 2 27040 2
B36 4 28293 2
B37 3 7093 1
B38 4 3762 1
B39 3 10347 1
B40 7 18205 1
B41 8 12814 1
B42 1 10536 2
B43 4 36841 2
B44 2 15166 2
B45 5 17693 2
B46 2 18014 1
B47 8 16613 2
B48 7 28394 2
B49 3 6583 2
B50 3 11583 2
B51 7 10513 2
B52 3 7437 2
B53 2 5897 2
B54 4 13881 2
B55 2 24198 2
B56 5 10792 2
B57 5 12171 2
B58 4 6956 2
B59 2 17988 2
B60 6 22458 2
