B1 4 3628 1
B2 5 1898 1
B3 1 2114 1
B4 2 2263 1
B5 6 2383 1
B6 3 3049 1
B7 6 2033 1
B8 2 3976 1
B9 1 5993 1
B10 3 3883 1
B11 4 3616 1
B12 5 1792 1
B13 2 2330 1
B14 6 2912 1
B15 1 6364 1
B16 2 2241 1
B17 1 2589 1
B18 3 6922 1
B19 5 3378 1
B20 3 3006 2
B21 4 4787 1
B22 3 4843 1
B23 2 4077 2
B24 5 6343 1
B25 8 2622 1
B26 2 2810 1
B27 3 5151 1
B28 8 7192 1
B29 7 2648 1
B30 4 2192 1
B31 5 15188 1
B32 7 20431 2
B33 7 13286 1
B34 6 3448 1
B35 1 6156 1
B36 2 5998 1
B37 3 2905 1
B38 4 3964 1
B39 3 2943 1
B40 7 5286 1
B41 8 6873 1
B42 6 5120 1
B43 5 19355 1
B44 3 6010 2
B45 3 8155 2
B46 5 46122 2
B47 5 8064 1
B48 6 79617 1
B49 7 13286 1
B50 6 13749 1
B51 8 7440 1
B52 3 161025 2
B53 1 4839 1
B54 5 11344 1
B55 1 29885 1
B56 6 35945 1
B57 3 16581 1
B58 3 64021 2
B59 3 66645 2
B60 5 35156 1
