B1 4 21940 1
B2 4 2445 2
B3 1 4731 1
B4 2 4870 1
B5 6 3454 1
B6 3 2996 1
B7 6 2905 1
B8 2 5642 1
B9 1 5220 1
B10 3 8633 1
B11 4 21073 1
B12 5 17915 1
B13 2 4379 1
B14 6 4098 1
B15 1 4573 1
B16 2 3140 1
B17 1 5415 1
B18 3 5202 1
B19 5 5595 1
B20 6 6173 1
B21 4 4559 1
B22 3 4561 1
B23 4 5219 1
B24 3 5513 2
B25 8 5383 1
B26 2 9985 1
B27 3 8125 1
B28 8 17341 1
B29 7 21891 1
B30 4 8060 1
B31 5 7012 1
B32 1 48943 1
B33 7 10328 1
B34 8 22830 2
B35 5 34438 2
B36 2 13847 1
B37 3 5284 1
B38 4 26214 1
B39 3 10668 1
B40 7 8477 1
B41 8 12370 1
B42 6 28587 1
B43 5 12735 1
B44 1 15498 2
B45 1 35355 1
B46 4 17267 2
B47 5 28141 1
B48 2 24632 2
B49 7 7161 1
B50 6 11957 1
B51 8 24590 1
B52 2 13546 1
B53 1 7631 1
B54 5 25043 1
B55 1 18941 1
B56 6 12477 1
B57 5 34466 2
B58 2 80232 1
B59 3 54518 2
B60 7 34281 2
