B1 4 9191 1
B2 5 3356 1
B3 1 3220 1
B4 2 2162 1
B5 6 2496 1
B6 3 2620 1
B7 6 3835 1
B8 2 4315 1
B9 1 4435 1
B10 3 5068 1
B11 4 7267 1
B12 5 7431 1
B13 2 4214 1
B14 6 7628 1
B15 1 2898 1
B16 2 2255 1
B17 1 3248 1
B18 3 4649 1
B19 5 3099 1
B20 6 3513 1
B21 4 7613 1
B22 3 3536 1
B23 6 4614 2
B24 5 11065 1
B25 8 5423 1
B26 2 9168 1
B27 3 14036 1
B28 8 8474 1
B29 7 6340 1
B30 4 11686 1
B31 5 8354 1
B32 7 17545 2
B33 1 17669 2
B34 6 40049 1
B35 6 26597 2
B36 6 10859 2
B37 3 3046 1
B38 4 5289 1
B39 3 4400 1
B40 7 9005 1
B41 8 6057 1
B42 6 6222 1
B43 5 10925 1
B44 4 18040 1
B45 1 13759 1
B46 3 23231 2
B47 5 26289 1
B48 6 35728 1
B49 7 6211 1
B50 6 10304 1
B51 8 5327 1
B52 2 20237 1
B53 1 10573 1
B54 5 11291 1
B55 1 20318 1
B56 6 17229 1
B57 4 31237 2
B58 2 28050 1
B59 4 43942 1
B60 1 28690 2
