B1 4 26453 1
B2 5 4130 1
B3 1 11492 1
B4 2 4099 1
B5 6 5871 1
B6 3 4973 1
B7 6 6213 1
B8 2 5792 1
B9 1 5342 1
B10 3 6583 1
B11 4 13558 1
B12 5 7716 1
B13 2 2687 1
B14 6 3418 1
B15 1 3281 1
B16 2 4038 1
B17 1 5310 1
B18 3 7595 1
B19 5 12477 1
B20 6 3860 1
B21 4 4391 1
B22 3 4861 1
B23 4 4070 1
B24 6 334511 2
B25 8 7775 1
B26 2 21675 1
B27 3 14958 1
B28 3 8664 2
B29 7 13552 1
B30 4 6725 1
B31 5 9076 1
B32 1 25246 1
B33 7 15803 1
B34 6 27745 1
B35 1 39515 1
B36 2 17773 1
B37 3 5088 1
B38 4 7605 1
B39 3 10103 1
B40 7 4512 1
B41 8 6010 1
B42 6 13227 1
B43 8 7026 2
B44 4 18420 1
B45 1 20377 1
B46 2 36897 1
B47 3 37264 2
B48 6 62931 1
B49 7 118347 1
B50 6 39409 1
B51 8 7938 1
B52 2 10670 1
B53 1 8094 1
B54 1 33903 2
B55 1 21123 1
B56 8 12267 2
B57 5 24834 2
B58 1 33681 2
B59 7 110749 2
B60 2 70455 2
