B1 4 4575 1
B2 5 2267 1
B3 1 1983 1
B4 2 3044 1
B5 6 3279 1
B6 3 2990 1
B7 6 3861 1
B8 2 4661 1
B9 1 4335 1
B10 3 2868 1
B11 4 7606 1
B12 5 7634 1
B13 2 2380 1
B14 6 3932 1
B15 1 3891 1
B16 2 2651 1
B17 1 4495 1
B18 3 3734 1
B19 5 3817 1
B20 6 4865 1
B21 4 5550 1
B22 3 3200 1
B23 4 5188 1
B24 5 9662 1
B25 8 6854 1
B26 2 13902 1
B27 3 9666 1
B28 8 9443 1
B29 7 14836 1
B30 4 8428 1
B31 5 7395 1
B32 1 25559 1
B33 7 8350 1
B34 6 37428 1
B35 1 20594 1
B36 2 24844 1
B37 3 4057 1
B38 4 5786 1
B39 3 12086 1
B40 7 5756 1
B41 8 5839 1
B42 6 7678 1
B43 2 14547 2
B44 4 17409 1
B45 1 16282 1
B46 2 28309 1
B47 5 32765 1
B48 6 70865 1
B49 7 12197 1
B50 6 36320 1
B51 8 7476 1
B52 2 22327 1
B53 1 13890 1
B54 5 20905 1
B55 1 26172 1
B56 6 38628 1
B57 3 31923 1
B58 2 35052 1
B59 4 24855 1
B60 5 60563 1
