B1 4 2314 1
B2 5 1752 1
B3 1 2742 1
B4 2 2198 1
B5 6 3556 1
B6 3 2798 1
B7 6 3283 1
B8 2 4632 1
B9 1 5434 1
B10 3 6378 1
B11 4 5505 1
B12 5 6771 1
B13 2 2790 1
B14 6 4160 1
B15 1 2644 1
B16 2 3434 1
B17 1 3379 1
B18 3 3546 1
B19 5 4345 1
B20 6 5648 1
B21 4 3678 1
B22 3 4642 1
B23 6 6100 2
B24 5 7548 1
B25 8 5646 1
B26 2 5195 1
B27 3 8125 1
B28 8 21393 1
B29 7 10403 1
B30 4 9452 1
B31 5 6076 1
B32 1 29073 1
B33 7 23018 1
B34 6 35332 1
B35 3 15129 2
B36 3 15739 2
B37 3 3031 1
B38 4 7523 1
B39 3 8168 1
B40 7 6319 1
B41 8 7352 1
B42 6 7609 1
B43 5 10565 1
B44 4 9373 1
B45 4 30456 2
B46 2 52312 1
B47 5 25834 1
B48 6 70433 1
B49 7 8473 1
B50 6 8430 1
B51 8 7588 1
B52 2 7917 1
B53 1 6912 1
B54 5 19530 1
B55 1 25071 1
B56 8 18101 2
B57 5 55607 2
B58 1 77296 2
B59 1 69574 2
B60 2 58906 2
