B1 4 20202 1
B2 5 4394 1
B3 1 6302 1
B4 2 3042 1
B5 6 3957 1
B6 3 3119 1
B7 6 9775 1
B8 2 5333 1
B9 1 4641 1
B10 3 4843 1
B11 4 10274 1
B12 3 16180 2
B13 2 2864 1
B14 6 4820 1
B15 1 3716 1
B16 2 3013 1
B17 1 5231 1
B18 3 5067 1
B19 5 5274 1
B20 5 5730 2
B21 1 2678 2
B22 3 5895 1
B23 3 6959 2
B24 5 6781 1
B25 8 4319 1
B26 2 5204 1
B27 3 27149 1
B28 3 11368 2
B29 7 10296 1
B30 3 4631 2
B31 8 15018 2
B32 1 12928 1
B33 7 18963 1
B34 8 36973 2
B35 5 41823 2
B36 4 9939 2
B37 3 8902 1
B38 4 9903 1
B39 3 7639 1
B40 7 11851 1
B41 2 12685 2
B42 6 49135 1
B43 5 10382 1
B44 4 25876 1
B45 1 53122 1
B46 6 13690 2
B47 8 31683 2
B48 2 48335 2
B49 7 18656 1
B50 6 22144 1
B51 8 17281 1
B52 3 54103 2
B53 1 38960 1
B54 5 33698 1
B55 1 56974 1
B56 1 1707 2
B57 1 100 2
B58 4 92196 2
B59 6 41364 2
B60 2 55963 2
