B1 4 5362 1
B2 5 2892 1
B3 1 2210 1
B4 2 4754 1
B5 6 3216 1
B6 3 4864 1
B7 6 4109 1
B8 2 3559 1
B9 1 3613 1
B10 3 4362 1
B11 4 9244 1
B12 5 8206 1
B13 2 3237 1
B14 6 6159 1
B15 1 2825 1
B16 2 3165 1
B17 1 3747 1
B18 3 4605 1
B19 5 5387 1
B20 5 4442 2
B21 6 4511 2
B22 3 4703 1
B23 4 2923 1
B24 5 10851 1
B25 8 6109 1
B26 2 7952 1
B27 3 12094 1
B28 4 9206 2
B29 7 12464 1
B30 1 18395 2
B31 5 9421 1
B32 7 26150 2
B33 7 26529 1
B34 8 22690 2
B35 1 18347 1
B36 3 15317 2
B37 3 2504 1
B38 4 11196 1
B39 3 5503 1
B40 2 8699 2
B41 8 15053 1
B42 6 9406 1
B43 8 12622 2
B44 4 7744 1
B45 1 9378 1
B46 2 27073 1
B47 5 61513 1
B48 8 80833 2
B49 7 12388 1
B50 6 14629 1
B51 8 11670 1
B52 2 19280 1
B53 1 9204 1
B54 5 13927 1
B55 1 44018 1
B56 6 36144 1
B57 3 23365 1
B58 5 29866 2
B59 1 72474 2
B60 1 118841 2
