B1 4 8315 1
B2 5 2268 1
B3 1 1788 1
B4 2 1922 1
B5 6 2470 1
B6 3 2710 1
B7 6 2958 1
B8 1 2315 2
B9 1 4069 1
B10 3 2545 1
B11 5 2957 2
B12 1 3081 2
B13 2 1704 1
B14 6 3796 1
B15 1 2338 1
B16 2 3231 1
B17 1 3051 1
B18 3 7326 1
B19 5 10811 1
B20 6 8451 1
B21 4 3024 1
B22 3 4117 1
B23 4 3452 1
B24 5 11447 1
B25 8 10552 1
B26 2 2987 1
B27 3 12203 1
B28 3 7644 2
B29 7 11335 1
B30 8 8410 2
B31 5 4948 1
B32 7 46305 2
B33 7 8512 1
B34 4 41864 2
B35 5 59100 2
B36 2 94038 1
B37 3 2937 1
B38 4 6227 1
B39 3 12160 1
B40 7 7011 1
B41 8 12984 1
B42 6 8176 1
B43 5 12430 1
B44 4 14643 1
B45 1 14898 1
B46 2 14252 1
B47 5 35397 1
B48 6 64302 1
B49 7 21299 1
B50 6 25719 1
B51 8 14138 1
B52 2 15898 1
B53 1 8340 1
B54 5 39855 1
B55 1 40536 1
B56 6 31494 1
B57 4 76672 2
B58 2 20247 1
B59 4 23052 1
B60 1 54836 2
