B1 6 7254 2
B2 5 6099 1
B3 1 7281 1
B4 2 5866 1
B5 6 5709 1
B6 3 4671 1
B7 6 6207 1
B8 1 4240 2
B9 1 3385 1
B10 6 5089 2
B11 4 7840 1
B12 5 5641 1
B13 2 5912 1
B14 6 5141 1
B15 1 3381 1
B16 2 4101 1
B17 1 6873 1
B18 2 4955 2
B19 4 6003 2
B20 5 3819 2
B21 5 4088 2
B22 2 2276 2
B23 2 2590 2
B24 6 13678 2
B25 2 6919 2
B26 2 3073 1
B27 3 8309 1
B28 8 16906 1
B29 7 4278 1
B30 4 3335 1
B31 4 10711 2
B32 4 9874 2
B33 1 3222 2
B34 6 26585 1
B35 2 10302 2
B36 8 18925 2
B37 3 2690 1
B38 2 4108 2
B39 4 10005 2
B40 3 4430 2
B41 2 5660 2
B42 3 3294 2
B43 6 7429 2
B44 1 4141 2
B45 3 3195 2
B46 6 5906 2
B47 2 20362 2
B48 3 9079 2
B49 4 11292 2
B50 4 4693 2
B51 3 5063 2
B52 6 5248 2
B53 7 1098 2
B54 5 680 1
B55 7 341 2
B56 8 116 2
B57 8 90 2
B58 8 205 2
B59 8 56 2
B60 8 53 2
