B1 4 4054 1
B2 5 1636 1
B3 1 2835 1
B4 2 2307 1
B5 6 4392 1
B6 3 2809 1
B7 6 3516 1
B8 1 4676 2
B9 1 3459 1
B10 3 3138 1
B11 4 3786 1
B12 1 2886 2
B13 2 1720 1
B14 6 2814 1
B15 1 1725 1
B16 2 1707 1
B17 1 3286 1
B18 3 2773 1
B19 6 3736 2
B20 6 4737 1
B21 6 3784 2
B22 3 2605 1
B23 4 3213 1
B24 6 12912 2
B25 8 3679 1
B26 2 3031 1
B27 3 7749 1
B28 4 3949 2
B29 7 6661 1
B30 4 5542 1
B31 5 3881 1
B32 4 5753 2
B33 7 10422 1
B34 8 24256 2
B35 1 16609 1
B36 3 5809 2
B37 3 4429 1
B38 4 4579 1
B39 3 4527 1
B40 7 9528 1
B41 8 4107 1
B42 6 8171 1
B43 5 15501 1
B44 4 5144 1
B45 1 32491 1
B46 4 5265 2
B47 3 4431 2
B48 7 8575 2
B49 7 5865 1
B50 3 11712 2
B51 8 8797 1
B52 8 21208 2
B53 7 10687 2
B54 5 20271 1
B55 3 18893 2
B56 6 7253 1
B57 3 13756 1
B58 7 23363 2
B59 5 15083 2
B60 1 17591 2
