B1 4 12321 1
B2 5 6598 1
B3 1 10143 1
B4 2 5261 1
B5 6 4167 1
B6 3 4387 1
B7 6 4832 1
B8 2 6049 1
B9 1 5023 1
B10 3 5383 1
B11 5 11750 2
B12 5 13478 1
B13 2 3406 1
B14 6 6849 1
B15 1 3395 1
B16 2 4558 1
B17 1 4999 1
B18 3 5080 1
B19 5 7067 1
B20 6 5887 1
B21 4 6128 1
B22 3 3852 1
B23 4 4282 1
B24 5 6893 1
B25 8 15842 1
B26 2 10988 1
B27 3 14005 1
B28 8 13378 1
B29 7 8079 1
B30 4 6413 1
B31 5 10549 1
B32 7 28953 2
B33 7 12106 1
B34 8 12225 2
B35 5 22015 2
B36 5 13708 2
B37 3 3448 1
B38 4 4504 1
B39 3 5765 1
B40 7 7140 1
B41 8 9440 1
B42 6 11377 1
B43 4 9469 2
B44 4 20117 1
B45 8 2769 2
B46 8 14695 2
B47 5 13454 1
B48 2 7888 2
B49 7 7621 1
B50 3 4620 2
B51 2 16620 2
B52 3 19912 2
B53 4 5470 2
B54 4 8204 2
B55 3 18433 2
B56 3 3800 2
B57 4 13097 2
B58 1 7769 2
B59 5 3812 2
B60 3 5390 2
