B1 4 136349 1
B2 5 12429 1
B3 1 10188 1
B4 2 8847 1
B5 6 10337 1
B6 3 6049 1
B7 6 15436 1
B8 2 11755 1
B9 1 25186 1
B10 3 16725 1
B11 4 16495 1
B12 5 41342 1
B13 2 7871 1
B14 6 10111 1
B15 1 6080 1
B16 2 8693 1
B17 1 7609 1
B18 3 19149 1
B19 5 12093 1
B20 6 15034 1
B21 4 20904 1
B22 3 8471 1
B23 4 8845 1
B24 5 91368 1
B25 8 38888 1
B26 2 38105 1
B27 3 37284 1
B28 8 43811 1
B29 7 48407 1
B30 4 18821 1
B31 5 27947 1
B32 4 279111 2
B33 7 78074 1
B34 6 123717 1
B35 5 230527 2
B36 2 54037 1
B37 3 33552 1
B38 4 26447 1
B39 3 24996 1
B40 7 23362 1
B41 8 58023 1
B42 6 24361 1
B43 5 35077 1
B44 4 48671 1
B45 1 70868 1
B46 2 113635 1
B47 5 55528 1
B48 3 78342 2
B49 7 48251 1
B50 6 36644 1
B51 8 56578 1
B52 2 35230 1
B53 1 42103 1
B54 7 240560 2
B55 5 208347 2
B56 3 200621 2
B57 4 140014 2
B58 2 312903 1
B59 1 149619 2
B60 1 76643 2
