B1 4 5376 1
B2 5 2840 1
B3 1 2828 1
B4 2 3755 1
B5 6 3250 1
B6 3 2894 1
B7 6 3776 1
B8 1 4099 2
B9 1 12032 1
B10 3 13012 1
B11 1 19856 2
B12 1 7781 2
B13 2 2425 1
B14 6 10044 1
B15 1 3547 1
B16 2 5441 1
B17 1 6131 1
B18 3 12930 1
B19 5 8057 1
B20 6 16451 1
B21 4 5861 1
B22 3 6015 1
B23 6 8019 2
B24 5 39539 1
B25 8 12029 1
B26 2 13607 1
B27 3 19446 1
B28 8 31500 1
B29 7 16529 1
B30 4 10380 1
B31 5 48753 1
B32 1 23289 1
B33 7 56503 1
B34 6 53931 1
B35 1 25783 1
B36 2 15801 1
B37 3 7237 1
B38 4 6428 1
B39 3 7670 1
B40 7 38745 1
B41 8 14011 1
B42 6 33914 1
B43 5 30285 1
B44 4 25347 1
B45 1 54989 1
B46 2 77100 1
B47 2 46265 2
B48 7 141712 2
B49 7 20669 1
B50 6 38551 1
B51 8 73420 1
B52 2 45263 1
B53 1 48204 1
B54 5 103150 1
B55 1 45177 1
B56 8 98297 2
B57 3 74000 1
B58 2 81352 1
B59 6 169609 2
B60 2 198625 2
