B1 4 2727 1
B2 5 1438 1
B3 1 2475 1
B4 2 7769 1
B5 6 2166 1
B6 3 3117 1
B7 6 3274 1
B8 2 2818 1
B9 1 4116 1
B10 3 3612 1
B11 4 10514 1
B12 5 6101 1
B13 2 1698 1
B14 6 3082 1
B15 1 2373 1
B16 2 3672 1
B17 1 3876 1
B18 3 2893 1
B19 5 3958 1
B20 6 3675 1
B21 4 3123 1
B22 3 3479 1
B23 4 3829 1
B24 5 5443 1
B25 8 7820 1
B26 2 3466 1
B27 3 3693 1
B28 8 7670 1
B29 7 4352 1
B30 4 3255 1
B31 5 5526 1
B32 1 4282 1
B33 7 8855 1
B34 6 16505 1
B35 1 33911 1
B36 2 19514 1
B37 3 3504 1
B38 4 6917 1
B39 3 7500 1
B40 7 5208 1
B41 8 7108 1
B42 6 5098 1
B43 5 8782 1
B44 4 5874 1
B45 1 10083 1
B46 2 118074 1
B47 8 34593 2
B48 5 21664 2
B49 7 13139 1
B50 6 14659 1
B51 8 5786 1
B52 2 2352562 1
B53 1 26274 1
B54 5 31723 1
B55 1 33103 1
B56 6 9964 1
B57 3 36062 1
B58 2 48922 1
B59 4 20833 1
B60 5 23200 1
