B1 4 6344 1
B2 5 1836 1
B3 1 2381 1
B4 2 1581 1
B5 6 2754 1
B6 3 2698 1
B7 6 4023 1
B8 2 3819 1
B9 1 3849 1
B10 3 2902 1
B11 5 3565 2
B12 5 4566 1
B13 2 3001 1
B14 6 3844 1
B15 1 3408 1
B16 2 2392 1
B17 1 4146 1
B18 3 6459 1
B19 5 7932 1
B20 6 4926 1
B21 4 3734 1
B22 3 3365 1
B23 4 3600 1
B24 5 9256 1
B25 2 5610 2
B26 2 3184 1
B27 3 6328 1
B28 4 5206 2
B29 7 4309 1
B30 4 4136 1
B31 5 7722 1
B32 4 10572 2
B33 1 18583 2
B34 6 20489 1
B35 6 21082 2
B36 3 7539 2
B37 3 2911 1
B38 4 6072 1
B39 3 6450 1
B40 7 7653 1
B41 8 7308 1
B42 6 10148 1
B43 5 6223 1
B44 2 7041 2
B45 1 19282 1
B46 2 29475 1
B47 5 35905 1
B48 4 21398 2
B49 3 12681 2
B50 6 8748 1
B51 2 9879 2
B52 1 18856 2
B53 7 19503 2
B54 4 18081 2
B55 1 46481 1
B56 6 11887 1
B57 4 37149 2
B58 6 47079 2
B59 3 21087 2
B60 1 33414 2
