B1 4 17017 1
B2 5 6528 1
B3 1 7148 1
B4 2 5126 1
B5 6 4649 1
B6 3 3619 1
B7 6 7231 1
B8 2 6345 1
B9 1 4779 1
B10 3 6975 1
B11 4 11390 1
B12 5 43660 1
B13 2 15328 1
B14 6 10375 1
B15 1 7791 1
B16 2 4536 1
B17 1 6626 1
B18 3 6668 1
B19 5 5986 1
B20 6 14798 1
B21 4 7081 1
B22 3 7388 1
B23 4 5539 1
B24 5 67370 1
B25 8 11680 1
B26 2 12845 1
B27 1 106869 2
B28 8 109708 1
B29 7 19121 1
B30 4 11536 1
B31 5 9247 1
B32 1 223101 1
B33 7 23295 1
B34 8 307779 2
B35 1 52308 1
B36 2 33992 1
B37 3 6290 1
B38 4 15285 1
B39 3 17843 1
B40 7 14386 1
B41 8 13674 1
B42 6 17754 1
B43 5 16620 1
B44 4 41876 1
B45 1 63688 1
B46 2 52585 1
B47 5 97891 1
B48 7 78155 2
B49 7 11615 1
B50 6 15223 1
B51 8 18671 1
B52 3 60574 2
B53 1 26640 1
B54 7 107119 2
B55 1 43516 1
B56 6 37738 1
B57 1 139910 2
B58 6 97834 2
B59 1 134864 2
B60 2 101872 2
