B1 4 6232 1
B2 5 3013 1
B3 1 2554 1
B4 2 2919 1
B5 6 3300 1
B6 3 3146 1
B7 6 5664 1
B8 2 4396 1
B9 1 4104 1
B10 3 5076 1
B11 4 8048 1
B12 1 16753 2
B13 2 10746 1
B14 6 5963 1
B15 1 2707 1
B16 2 2266 1
B17 1 4585 1
B18 4 3765 2
B19 5 3528 1
B20 6 7174 1
B21 4 5686 1
B22 3 5321 1
B23 6 5938 2
B24 5 10490 1
B25 8 7192 1
B26 2 12479 1
B27 5 15201 2
B28 8 14172 1
B29 7 18461 1
B30 4 9802 1
B31 5 8759 1
B32 1 8789 1
B33 7 11562 1
B34 6 15856 1
B35 1 36630 1
B36 4 49209 2
B37 3 5343 1
B38 4 10882 1
B39 3 10838 1
B40 7 13060 1
B41 8 18186 1
B42 2 26416 2
B43 5 45378 1
B44 4 25890 1
B45 1 29248 1
B46 2 64453 1
B47 5 103856 1
B48 2 52868 2
B49 7 12245 1
B50 3 54227 2
B51 8 31181 1
B52 2 28742 1
B53 1 23857 1
B54 5 31554 1
B55 4 111668 2
B56 7 29495 2
B57 4 48287 2
B58 6 29998 2
B59 1 44784 2
B60 1 11703 2
