B1 4 16456 1
B2 5 6892 1
B3 1 10966 1
B4 2 3131 1
B5 6 7866 1
B6 3 3986 1
B7 6 8045 1
B8 2 11268 1
B9 1 4653 1
B10 3 8420 1
B11 4 9764 1
B12 5 16136 1
B13 2 3022 1
B14 6 4289 1
B15 1 3685 1
B16 2 3569 1
B17 1 6331 1
B18 2 5030 2
B19 5 6963 1
B20 6 10214 1
B21 4 5290 1
B22 3 7343 1
B23 4 14757 1
B24 5 21354 1
B25 8 4974 1
B26 2 6292 1
B27 3 11477 1
B28 8 24722 1
B29 7 21614 1
B30 1 58348 2
B31 5 8757 1
B32 5 22929 2
B33 7 27592 1
B34 6 19829 1
B35 1 49941 1
B36 3 27855 2
B37 3 3833 1
B38 2 8021 2
B39 3 21143 1
B40 7 7417 1
B41 8 12375 1
B42 6 13807 1
B43 5 16250 1
B44 4 16766 1
B45 4 14276 2
B46 4 26594 2
B47 3 15361 2
B48 7 33029 2
B49 5 16178 2
B50 6 10249 1
B51 3 29338 2
B52 3 29221 2
B53 4 18306 2
B54 5 19991 1
B55 5 23113 2
B56 5 43663 2
B57 3 26175 1
B58 7 35784 2
B59 3 30016 2
B60 5 39955 1
