B1 4 8406 1
B2 5 5599 1
B3 1 5157 1
B4 2 3719 1
B5 6 4733 1
B6 3 4904 1
B7 6 7809 1
B8 2 9240 1
B9 1 9211 1
B10 3 8999 1
B11 4 18943 1
B12 5 48386 1
B13 2 4767 1
B14 6 7706 1
B15 1 6237 1
B16 2 5602 1
B17 1 5745 1
B18 3 9235 1
B19 5 9295 1
B20 6 10271 1
B21 4 12503 1
B22 3 7645 1
B23 4 11681 1
B24 4 182522 2
B25 8 14549 1
B26 2 9211 1
B27 3 17235 1
B28 8 31740 1
B29 7 31308 1
B30 4 14253 1
B31 5 17118 1
B32 1 106512 1
B33 7 26060 1
B34 8 97763 2
B35 1 78430 1
B36 2 71178 1
B37 3 20878 1
B38 4 19600 1
B39 3 23192 1
B40 7 39048 1
B41 8 16108 1
B42 6 42109 1
B43 5 42503 1
B44 4 19866 1
B45 1 59616 1
B46 2 124818 1
B47 7 175404 2
B48 7 73894 2
B49 7 14385 1
B50 6 29733 1
B51 8 13931 1
B52 2 26861 1
B53 1 44880 1
B54 5 79326 1
B55 1 71025 1
B56 6 74650 1
B57 3 140090 1
B58 7 141004 2
B59 3 130378 2
B60 2 166028 2
