B1 6 5521 2
B2 5 1974 1
B3 3 6212 2
B4 2 2677 1
B5 6 4050 1
B6 3 2893 1
B7 6 3695 1
B8 2 2689 1
B9 1 2924 1
B10 3 2959 1
B11 4 5416 1
B12 4 4824 2
B13 2 1891 1
B14 6 4242 1
B15 1 1710 1
B16 2 2810 1
B17 1 3547 1
B18 3 5500 1
B19 5 2872 1
B20 6 4884 1
B21 4 5114 1
B22 3 3941 1
B23 4 3720 1
B24 6 9133 2
B25 8 3842 1
B26 2 3416 1
B27 3 6801 1
B28 8 11078 1
B29 7 10337 1
B30 2 11403 2
B31 5 7381 1
B32 7 13049 2
B33 1 9328 2
B34 8 25612 2
B35 4 8705 2
B36 3 34743 2
B37 3 2724 1
B38 4 14476 1
B39 3 7683 1
B40 7 6112 1
B41 8 7173 1
B42 6 11838 1
B43 5 8736 1
B44 4 10469 1
B45 4 11551 2
B46 2 23506 1
B47 3 26289 2
B48 2 19799 2
B49 7 8385 1
B50 6 11640 1
B51 8 7801 1
B52 4 33178 2
B53 2 30227 2
B54 4 10283 2
B55 1 18731 1
B56 8 13653 2
B57 1 20222 2
B58 7 19378 2
B59 1 35580 2
B60 7 34595 2
