B1 4 10457 1
B2 5 4366 1
B3 1 5583 1
B4 2 3616 1
B5 6 4388 1
B6 3 4740 1
B7 6 5657 1
B8 2 3494 1
B9 1 3927 1
B10 3 12686 1
B11 4 10535 1
B12 5 13750 1
B13 2 4343 1
B14 6 7234 1
B15 1 3652 1
B16 2 5578 1
B17 1 4179 1
B18 3 10842 1
B19 5 6427 1
B20 6 7343 1
B21 4 7682 1
B22 3 4338 1
B23 4 5736 1
B24 5 8078 1
B25 8 6745 1
B26 2 6183 1
B27 3 8967 1
B28 8 30992 1
B29 7 10133 1
B30 4 12697 1
B31 5 7276 1
B32 1 22752 1
B33 7 19658 1
B34 6 27024 1
B35 1 24643 1
B36 2 42031 1
B37 3 2767 1
B38 4 15924 1
B39 6 21667 2
B40 7 10176 1
B41 8 10382 1
B42 6 7705 1
B43 5 6766 1
B44 4 15564 1
B45 1 17331 1
B46 2 95807 1
B47 6 27183 2
B48 1 61600 2
B49 7 27203 1
B50 6 13498 1
B51 8 11500 1
B52 2 10135 1
B53 1 12678 1
B54 6 39368 2
B55 1 12300 1
B56 6 18570 1
B57 5 40114 2
B58 2 17430 1
B59 6 70503 2
B60 5 78320 1
