B1 4 14200 1
B2 5 36206 1
B3 1 4144 1
B4 2 3789 1
B5 6 6892 1
B6 3 3838 1
B7 6 7435 1
B8 2 5847 1
B9 1 3706 1
B10 3 8704 1
B11 4 10510 1
B12 5 17353 1
B13 2 5265 1
B14 6 10322 1
B15 1 3988 1
B16 2 8458 1
B17 1 5965 1
B18 3 6941 1
B19 5 5324 1
B20 6 9668 1
B21 4 6578 1
B22 3 5797 1
B23 4 7809 1
B24 5 44714 1
B25 8 14565 1
B26 2 11096 1
B27 3 13477 1
B28 8 18562 1
B29 7 16902 1
B30 4 34714 1
B31 5 8703 1
B32 1 81143 1
B33 7 35455 1
B34 6 42285 1
B35 1 84359 1
B36 2 26495 1
B37 3 8632 1
B38 4 6320 1
B39 3 6081 1
B40 7 10124 1
B41 8 11273 1
B42 6 17213 1
B43 5 14280 1
B44 4 18701 1
B45 1 39631 1
B46 2 112091 1
B47 5 64313 1
B48 8 99505 2
B49 7 17164 1
B50 6 128837 1
B51 8 13146 1
B52 2 16314 1
B53 1 16259 1
B54 5 31349 1
B55 1 75636 1
B56 6 21199 1
B57 3 68135 1
B58 2 42960 1
B59 4 103695 1
B60 5 120733 1
