B1 6 17416 2
B2 5 4549 1
B3 1 31784 1
B4 2 6085 1
B5 6 8331 1
B6 3 6724 1
B7 6 8725 1
B8 2 6577 1
B9 1 20169 1
B10 3 4749 1
B11 4 18437 1
B12 5 19671 1
B13 2 3880 1
B14 6 12111 1
B15 1 3377 1
B16 2 3142 1
B17 1 4877 1
B18 3 19730 1
B19 5 6178 1
B20 6 12737 1
B21 4 8585 1
B22 3 6563 1
B23 2 5219 2
B24 5 39710 1
B25 8 11999 1
B26 2 12336 1
B27 3 23655 1
B28 8 12676 1
B29 7 23624 1
B30 4 11765 1
B31 5 9307 1
B32 1 17032 1
B33 7 18291 1
B34 8 88597 2
B35 1 74147 1
B36 3 27083 2
B37 3 4806 1
B38 4 10832 1
B39 3 5857 1
B40 7 11811 1
B41 8 10456 1
B42 6 13161 1
B43 5 12435 1
B44 4 17413 1
B45 1 19388 1
B46 2 52958 1
B47 6 73679 2
B48 2 62452 2
B49 7 32912 1
B50 6 52773 1
B51 8 17762 1
B52 2 18791 1
B53 1 8560 1
B54 8 62385 2
B55 7 49566 2
B56 7 59675 2
B57 5 69780 2
B58 3 62691 2
B59 5 49594 2
B60 2 47291 2
