B1 1 3745 2
B2 5 5934 1
B3 1 2862 1
B4 2 2858 1
B5 6 5945 1
B6 3 4442 1
B7 4 5575 2
B8 2 3981 1
B9 1 6991 1
B10 3 7688 1
B11 5 6906 2
B12 4 9945 2
B13 2 3350 1
B14 6 6504 1
B15 1 4103 1
B16 2 2822 1
B17 1 3318 1
B18 3 9547 1
B19 5 26807 1
B20 6 10568 1
B21 4 5336 1
B22 3 5803 1
B23 4 3532 1
B24 5 19988 1
B25 8 4279 1
B26 2 8244 1
B27 3 23527 1
B28 8 9569 1
B29 7 4359 1
B30 8 10668 2
B31 5 16837 1
B32 4 13065 2
B33 7 7420 1
B34 2 47132 2
B35 5 23615 2
B36 6 17434 2
B37 3 3803 1
B38 4 12104 1
B39 3 8895 1
B40 7 7314 1
B41 8 6740 1
B42 6 6940 1
B43 5 16917 1
B44 4 13739 1
B45 1 14853 1
B46 2 30245 1
B47 4 8683 2
B48 6 25062 1
B49 6 7943 2
B50 1 7441 2
B51 8 27760 1
B52 6 10096 2
B53 1 18857 1
B54 5 14105 1
B55 1 13207 1
B56 5 13392 2
B57 3 21466 1
B58 6 24301 2
B59 1 26439 2
B60 1 14089 2
