B1 4 4818 1
B2 5 3787 1
B3 1 5679 1
B4 2 3225 1
B5 6 5019 1
B6 3 6122 1
B7 6 4812 1
B8 2 12718 1
B9 1 5745 1
B10 3 11205 1
B11 4 22389 1
B12 5 36352 1
B13 2 4708 1
B14 6 3937 1
B15 1 2682 1
B16 2 5963 1
B17 1 6252 1
B18 3 5333 1
B19 5 3749 1
B20 6 6379 1
B21 4 4262 1
B22 3 5273 1
B23 4 9094 1
B24 5 13999 1
B25 8 5743 1
B26 2 9731 1
B27 3 9944 1
B28 8 15394 1
B29 7 10187 1
B30 4 8200 1
B31 5 6578 1
B32 1 47888 1
B33 7 13862 1
B34 6 27599 1
B35 1 37929 1
B36 2 17662 1
B37 3 3601 1
B38 4 5208 1
B39 3 7718 1
B40 7 10067 1
B41 8 12576 1
B42 6 7783 1
B43 5 10722 1
B44 4 5574 1
B45 1 15660 1
B46 2 43132 1
B47 6 46435 2
B48 5 32205 2
B49 7 9171 1
B50 6 22408 1
B51 8 9879 1
B52 2 7127 1
B53 1 6753 1
B54 5 12871 1
B55 1 26270 1
B56 6 25089 1
B57 3 14612 1
B58 6 38460 2
B59 1 22353 2
B60 5 33675 1
