B1 4 2731 1
B2 5 2623 1
B3 1 2789 1
B4 2 2634 1
B5 6 2960 1
B6 3 2241 1
B7 6 3192 1
B8 2 2327 1
B9 1 2953 1
B10 3 5069 1
B11 4 5067 1
B12 5 8672 1
B13 2 5169 1
B14 6 3303 1
B15 1 2669 1
B16 2 2192 1
B17 1 4193 1
B18 3 9647 1
B19 5 3055 1
B20 6 5777 1
B21 4 3838 1
B22 3 3673 1
B23 4 5894 1
B24 6 18710 2
B25 8 5555 1
B26 2 10127 1
B27 3 10392 1
B28 8 12067 1
B29 7 3886 1
B30 4 14760 1
B31 5 7299 1
B32 1 17000 1
B33 7 8716 1
B34 6 11086 1
B35 1 27705 1
B36 2 23349 1
B37 3 3867 1
B38 4 14753 1
B39 4 4980 2
B40 7 5384 1
B41 8 6845 1
B42 6 9253 1
B43 2 12558 2
B44 1 11787 2
B45 1 18232 1
B46 2 26352 1
B47 6 41482 2
B48 3 34553 2
B49 7 9008 1
B50 6 8867 1
B51 8 9237 1
B52 2 26918 1
B53 1 9122 1
B54 5 17622 1
B55 1 24612 1
B56 7 22195 2
B57 3 34235 1
B58 2 48988 1
B59 3 42657 2
B60 7 31740 2
