B1 4 3611 1
B2 5 2118 1
B3 3 7045 2
B4 2 3683 1
B5 6 3756 1
B6 3 3365 1
B7 6 3955 1
B8 3 3693 2
B9 1 4624 1
B10 3 3788 1
B11 4 8339 1
B12 6 13978 2
B13 2 3368 1
B14 6 3987 1
B15 1 3153 1
B16 2 4407 1
B17 1 3536 1
B18 3 4657 1
B19 5 4554 1
B20 1 6104 2
B21 5 3236 2
B22 1 9388 2
B23 6 6507 2
B24 2 20149 2
B25 8 4978 1
B26 2 7912 1
B27 5 23457 2
B28 8 12150 1
B29 8 29007 2
B30 4 5533 1
B31 5 8393 1
B32 7 13233 2
B33 7 11513 1
B34 5 7617 2
B35 4 9505 2
B36 8 18815 2
B37 3 3255 1
B38 4 4655 1
B39 3 4192 1
B40 7 23485 1
B41 8 4465 1
B42 3 8233 2
B43 4 40703 2
B44 2 12055 2
B45 2 16272 2
B46 2 15262 1
B47 3 6134 2
B48 4 23063 2
B49 1 3563 2
B50 3 7707 2
B51 2 10056 2
B52 5 7505 2
B53 7 8659 2
B54 4 6227 2
B55 3 14353 2
B56 2 7362 2
B57 2 4083 2
B58 7 7088 2
B59 1 4987 2
B60 3 7351 2
