B1 6 13140 2
B2 5 5293 1
B3 1 22688 1
B4 2 3464 1
B5 6 5404 1
B6 3 3465 1
B7 6 4317 1
B8 2 9145 1
B9 1 2888 1
B10 3 5543 1
B11 4 10886 1
B12 5 15238 1
B13 2 3072 1
B14 6 3914 1
B15 1 3685 1
B16 2 4212 1
B17 1 4666 1
B18 3 5149 1
B19 5 4074 1
B20 6 6370 1
B21 4 6666 1
B22 3 6129 1
B23 4 8484 1
B24 6 31195 2
B25 8 5658 1
B26 2 10612 1
B27 3 6750 1
B28 8 9059 1
B29 7 20355 1
B30 2 14836 2
B31 5 10577 1
B32 4 23009 2
B33 7 8269 1
B34 8 14216 2
B35 6 33462 2
B36 3 32380 2
B37 3 4155 1
B38 4 5792 1
B39 3 8520 1
B40 7 6865 1
B41 8 5045 1
B42 1 9338 2
B43 5 10844 1
B44 4 10539 1
B45 1 20562 1
B46 2 24278 1
B47 5 52762 1
B48 7 18960 2
B49 3 10156 2
B50 6 10771 1
B51 8 11929 1
B52 5 34260 2
B53 3 13340 2
B54 6 8262 2
B55 1 19438 1
B56 6 41341 1
B57 3 15500 1
B58 6 33849 2
B59 8 40570 2
B60 1 40825 2
