B1 4 2745 1
B2 5 1773 1
B3 3 5386 2
B4 2 2448 1
B5 4 3454 2
B6 3 2395 1
B7 6 4349 1
B8 2 3423 1
B9 1 4063 1
B10 5 4328 2
B11 5 6128 2
B12 5 7266 1
B13 2 3405 1
B14 6 3310 1
B15 1 2215 1
B16 2 2886 1
B17 1 3571 1
B18 3 4311 1
B19 5 9594 1
B20 4 3353 2
B21 4 7275 1
B22 3 3608 1
B23 4 2540 1
B24 5 5780 1
B25 8 5006 1
B26 2 8705 1
B27 5 12192 2
B28 8 13280 1
B29 7 12466 1
B30 4 3114 1
B31 5 4506 1
B32 1 7450 1
B33 7 13009 1
B34 8 6824 2
B35 1 15651 1
B36 2 13883 1
B37 3 3718 1
B38 4 299318 1
B39 3 10618 1
B40 7 8659 1
B41 8 8268 1
B42 6 10891 1
B43 5 19877 1
B44 4 15183 1
B45 1 24197 1
B46 2 24843 1
B47 8 16259 2
B48 1 22242 2
B49 7 6366 1
B50 6 45200 1
B51 8 8616 1
B52 2 10560 1
B53 1 10997 1
B54 5 20934 1
B55 1 12939 1
B56 6 19454 1
B57 3 22367 1
B58 1 11214 2
B59 3 15661 2
B60 1 42291 2
