B1 4 3791 1
B2 5 2037 1
B3 1 4001 1
B4 2 1805 1
B5 6 3685 1
B6 3 3650 1
B7 6 5254 1
B8 2 4761 1
B9 1 2936 1
B10 3 2815 1
B11 4 12148 1
B12 3 7835 2
B13 2 2395 1
B14 6 4829 1
B15 1 2445 1
B16 2 3138 1
B17 1 2918 1
B18 3 4282 1
B19 5 5431 1
B20 6 11461 1
B21 4 5118 1
B22 3 6785 1
B23 4 6083 1
B24 6 22951 2
B25 8 12537 1
B26 2 6890 1
B27 3 9536 1
B28 8 16834 1
B29 7 13683 1
B30 4 11574 1
B31 3 20015 2
B32 4 6975 2
B33 6 14565 2
B34 4 20077 2
B35 4 19175 2
B36 2 10149 1
B37 3 4391 1
B38 4 10329 1
B39 3 3595 1
B40 7 22770 1
B41 8 6802 1
B42 6 17158 1
B43 2 4923 2
B44 4 7915 1
B45 1 20294 1
B46 1 14219 2
B47 5 26177 1
B48 5 23359 2
B49 7 7950 1
B50 3 16786 2
B51 2 11874 2
B52 3 13733 2
B53 4 10275 2
B54 7 12125 2
B55 6 12829 2
B56 2 4941 2
B57 4 10530 2
B58 2 18867 1
B59 2 16427 2
B60 1 10661 2
