B1 4 7483 1
B2 5 6236 1
B3 1 4194 1
B4 2 2107 1
B5 6 6213 1
B6 3 4185 1
B7 6 5989 1
B8 2 4929 1
B9 1 4420 1
B10 3 9716 1
B11 4 7316 1
B12 5 9734 1
B13 2 2849 1
B14 6 5871 1
B15 1 4604 1
B16 2 4580 1
B17 1 5218 1
B18 3 5472 1
B19 5 7535 1
B20 6 10630 1
B21 4 5241 1
B22 3 9654 1
B23 4 7099 1
B24 5 8271 1
B25 8 7595 1
B26 2 9722 1
B27 1 9009 2
B28 8 9037 1
B29 7 9399 1
B30 4 19588 1
B31 5 6630 1
B32 4 19293 2
B33 1 23987 2
B34 4 93509 2
B35 5 46395 2
B36 2 69564 1
B37 3 5426 1
B38 4 6527 1
B39 3 7552 1
B40 7 8703 1
B41 8 8531 1
B42 6 13687 1
B43 5 18528 1
B44 4 13517 1
B45 1 23494 1
B46 2 91386 1
B47 2 86002 2
B48 8 18714 2
B49 7 18913 1
B50 1 30646 2
B51 8 32781 1
B52 2 17279 1
B53 7 8231 2
B54 3 55202 2
B55 1 110916 1
B56 1 31628 2
B57 3 60451 1
B58 4 44850 2
B59 1 14539 2
B60 2 73023 2
