B1 4 5875 1
B2 5 2744 1
B3 1 3669 1
B4 2 5441 1
B5 6 2887 1
B6 3 3271 1
B7 1 3821 2
B8 1 3433 2
B9 1 4995 1
B10 3 7201 1
B11 5 2555 2
B12 5 8568 1
B13 2 3699 1
B14 6 3318 1
B15 1 1947 1
B16 2 4348 1
B17 1 4106 1
B18 3 14571 1
B19 5 3190 1
B20 6 7989 1
B21 4 4721 1
B22 3 3625 1
B23 4 7075 1
B24 5 14031 1
B25 8 5286 1
B26 2 12980 1
B27 3 14159 1
B28 8 7268 1
B29 8 6267 2
B30 4 16251 1
B31 5 29753 1
B32 8 19199 2
B33 7 19936 1
B34 8 10572 2
B35 5 38193 2
B36 6 13821 2
B37 3 6590 1
B38 4 6999 1
B39 4 6834 2
B40 7 8285 1
B41 8 11459 1
B42 6 11155 1
B43 4 11649 2
B44 1 9405 2
B45 1 19993 1
B46 3 11393 2
B47 6 53232 2
B48 6 24406 1
B49 7 8961 1
B50 6 13667 1
B51 8 11385 1
B52 2 18320 1
B53 3 8758 2
B54 6 12514 2
B55 3 10380 2
B56 6 15497 1
B57 3 12092 1
B58 7 32711 2
B59 5 11380 2
B60 2 15896 2
