B1 4 4344 1
B2 5 1849 1
B3 1 3974 1
B4 2 1466 1
B5 6 2207 1
B6 3 2615 1
B7 6 3374 1
B8 2 8561 1
B9 1 3380 1
B10 3 3424 1
B11 4 6162 1
B12 5 4132 1
B13 2 2634 1
B14 6 7578 1
B15 1 2361 1
B16 2 3534 1
B17 1 2829 1
B18 3 6526 1
B19 5 4202 1
B20 4 4645 2
B21 4 3407 1
B22 3 4016 1
B23 6 4125 2
B24 6 10360 2
B25 8 4401 1
B26 2 4489 1
B27 3 5916 1
B28 8 7968 1
B29 7 5779 1
B30 8 6459 2
B31 5 4870 1
B32 4 3870 2
B33 7 10374 1
B34 8 12255 2
B35 5 28534 2
B36 2 27305 1
B37 3 3395 1
B38 4 2953 1
B39 1 5234 2
B40 7 6528 1
B41 8 6987 1
B42 6 9930 1
B43 5 10815 1
B44 4 7585 1
B45 1 22461 1
B46 2 17596 1
B47 5 12465 1
B48 3 22761 2
B49 7 6741 1
B50 6 16030 1
B51 8 8750 1
B52 2 13262 1
B53 1 7964 1
B54 5 11602 1
B55 6 34213 2
B56 6 23407 1
B57 1 14234 2
B58 2 30322 1
B59 4 19179 1
B60 2 33973 2
