B1 4 5681 1
B2 5 2392 1
B3 1 3181 1
B4 2 2597 1
B5 6 3128 1
B6 3 3592 1
B7 6 7968 1
B8 2 3139 1
B9 1 9693 1
B10 3 7559 1
B11 4 8000 1
B12 4 15349 2
B13 2 4745 1
B14 6 4627 1
B15 1 2637 1
B16 2 3454 1
B17 1 5529 1
B18 4 3883 2
B19 6 3145 2
B20 6 6205 1
B21 1 2285 2
B22 3 5335 1
B23 6 3433 2
B24 5 15430 1
B25 8 9313 1
B26 2 6737 1
B27 3 14886 1
B28 8 14263 1
B29 7 30272 1
B30 1 18429 2
B31 5 6789 1
B32 4 30149 2
B33 7 11093 1
B34 8 29796 2
B35 1 31483 1
B36 3 14028 2
B37 3 4508 1
B38 4 5226 1
B39 3 11280 1
B40 7 10702 1
B41 8 11509 1
B42 6 9200 1
B43 5 24254 1
B44 4 37595 1
B45 1 20750 1
B46 2 34518 1
B47 6 18145 2
B48 1 42070 2
B49 7 10345 1
B50 6 9390 1
B51 8 8969 1
B52 2 39660 1
B53 1 6901 1
B54 5 10781 1
B55 6 16824 2
B56 3 22475 2
B57 2 9975 2
B58 3 71624 2
B59 7 39389 2
B60 2 23894 2
