B1 4 2997 1
B2 5 2505 1
B3 1 2742 1
B4 2 2439 1
B5 6 3170 1
B6 3 3149 1
B7 6 4838 1
B8 2 3655 1
B9 1 5739 1
B10 5 6095 2
B11 4 5432 1
B12 1 7444 2
B13 2 2852 1
B14 5 4552 2
B15 1 2692 1
B16 2 2411 1
B17 1 2231 1
B18 3 3681 1
B19 5 2964 1
B20 4 2567 2
B21 5 2217 2
B22 3 9040 1
B23 4 3593 1
B24 5 10323 1
B25 8 11118 1
B26 2 4982 1
B27 3 10561 1
B28 8 4991 1
B29 7 6165 1
B30 4 3262 1
B31 1 11372 2
B32 4 9235 2
B33 7 7094 1
B34 8 9864 2
B35 6 3172 2
B36 8 9360 2
B37 3 2219 1
B38 4 3716 1
B39 4 4848 2
B40 7 14878 1
B41 8 5116 1
B42 7 2513 2
B43 7 7242 2
B44 4 10827 1
B45 7 8503 2
B46 5 7203 2
B47 6 8018 2
B48 8 7124 2
B49 7 7433 1
B50 4 4171 2
B51 3 5261 2
B52 3 3631 2
B53 7 7045 2
B54 7 3838 2
B55 4 2227 2
B56 5 3887 2
B57 5 5560 2
B58 4 4533 2
B59 3 9188 2
B60 3 6897 2
