B1 4 3997 1
B2 5 1978 1
B3 1 1893 1
B4 2 1895 1
B5 6 2098 1
B6 3 2164 1
B7 1 2062 2
B8 1 4023 2
B9 1 2230 1
B10 3 2215 1
B11 4 6102 1
B12 5 5126 1
B13 2 2526 1
B14 6 10039 1
B15 1 2125 1
B16 2 3509 1
B17 1 14489 1
B18 3 4395 1
B19 5 4426 1
B20 6 5084 1
B21 1 2541 2
B22 3 6285 1
B23 4 6235 1
B24 1 25954 2
B25 8 6254 1
B26 2 5805 1
B27 3 14948 1
B28 8 19280 1
B29 7 16317 1
B30 4 6186 1
B31 5 4150 1
B32 1 20940 1
B33 1 5565 2
B34 6 22588 1
B35 5 31304 2
B36 3 6354 2
B37 3 2993 1
B38 4 14063 1
B39 3 7656 1
B40 7 5566 1
B41 8 6163 1
B42 6 7756 1
B43 5 17271 1
B44 4 15907 1
B45 1 15368 1
B46 2 29170 1
B47 5 39486 1
B48 3 24429 2
B49 7 8485 1
B50 6 11945 1
B51 8 13550 1
B52 6 18305 2
B53 1 11012 1
B54 5 13009 1
B55 1 14895 1
B56 1 17904 2
B57 3 12780 1
B58 6 21184 2
B59 7 30107 2
B60 3 22268 2
