B1 4 7810 1
B2 5 2316 1
B3 1 5630 1
B4 2 2947 1
B5 6 5637 1
B6 3 3599 1
B7 6 6685 1
B8 2 5094 1
B9 1 6048 1
B10 5 6546 2
B11 4 6871 1
B12 5 7035 1
B13 2 3633 1
B14 6 3575 1
B15 1 2940 1
B16 2 17342 1
B17 1 5996 1
B18 3 4578 1
B19 5 4688 1
B20 6 6755 1
B21 4 4725 1
B22 3 4826 1
B23 4 13827 1
B24 3 33444 2
B25 8 6687 1
B26 2 5882 1
B27 3 27312 1
B28 3 41134 2
B29 4 16779 2
B30 4 8631 1
B31 5 9093 1
B32 1 8327 1
B33 7 14728 1
B34 7 8111 2
B35 5 55501 2
B36 4 28896 2
B37 3 4473 1
B38 4 7479 1
B39 3 8112 1
B40 7 11763 1
B41 8 15684 1
B42 6 17921 1
B43 5 11322 1
B44 4 15113 1
B45 1 22567 1
B46 2 32466 1
B47 8 13375 2
B48 4 29708 2
B49 7 23941 1
B50 3 13998 2
B51 8 13122 1
B52 4 20147 2
B53 2 15784 2
B54 4 25326 2
B55 1 29487 1
B56 1 23799 2
B57 1 26021 2
B58 1 24117 2
B59 5 24077 2
B60 7 10660 2
