B1 6 54374 2
B2 5 6411 1
B3 1 4400 1
B4 2 3062 1
B5 6 2927 1
B6 3 2797 1
B7 6 9021 1
B8 2 6154 1
B9 1 5494 1
B10 3 10000 1
B11 4 12104 1
B12 5 11873 1
B13 2 7449 1
B14 6 5299 1
B15 1 3537 1
B16 2 3023 1
B17 1 3853 1
B18 3 9881 1
B19 5 12271 1
B20 6 7196 1
B21 4 5675 1
B22 3 20323 1
B23 4 15248 1
B24 4 14385 2
B25 8 7149 1
B26 2 8700 1
B27 3 7408 1
B28 8 7850 1
B29 7 8197 1
B30 8 6586 2
B31 5 9738 1
B32 7 13819 2
B33 6 19946 2
B34 8 21486 2
B35 7 56838 2
B36 2 15178 1
B37 3 14717 1
B38 4 14091 1
B39 5 51414 2
B40 7 19005 1
B41 8 18681 1
B42 2 54425 2
B43 8 96172 2
B44 8 18898 2
B45 7 25777 2
B46 2 143023 1
B47 7 39352 2
B48 4 59921 2
B49 5 19141 2
B50 6 15111 1
B51 2 25021 2
B52 2 29852 1
B53 1 18793 1
B54 5 9112 1
B55 5 64743 2
B56 6 38737 1
B57 1 89219 2
B58 7 21695 2
B59 1 40330 2
B60 7 36480 2
