B1 4 7496 1
B2 5 2207 1
B3 1 1954 1
B4 2 2240 1
B5 6 5099 1
B6 3 2734 1
B7 6 2810 1
B8 2 3223 1
B9 1 3371 1
B10 3 3144 1
B11 4 7232 1
B12 1 3448 2
B13 2 2541 1
B14 6 4117 1
B15 1 2097 1
B16 2 2657 1
B17 1 3034 1
B18 3 4383 1
B19 5 3027 1
B20 6 4271 1
B21 4 3185 1
B22 3 2805 1
B23 4 4938 1
B24 5 23595 1
B25 8 6670 1
B26 2 3188 1
B27 3 14005 1
B28 8 5735 1
B29 7 10982 1
B30 4 5834 1
B31 5 4389 1
B32 1 13700 1
B33 7 12025 1
B34 6 12289 1
B35 1 20818 1
B36 2 29863 1
B37 3 5573 1
B38 4 3288 1
B39 3 8208 1
B40 7 8049 1
B41 8 7490 1
B42 6 13030 1
B43 5 7518 1
B44 4 21486 1
B45 1 15656 1
B46 2 49849 1
B47 5 77625 1
B48 5 52882 2
B49 7 6032 1
B50 6 11164 1
B51 8 7181 1
B52 2 11236 1
B53 1 7520 1
B54 5 19438 1
B55 1 41349 1
B56 6 15054 1
B57 4 29365 2
B58 2 92432 1
B59 4 56537 1
B60 5 81796 1
