B1 4 12993 1
B2 5 10705 1
B3 1 5314 1
B4 2 3902 1
B5 6 8406 1
B6 3 3306 1
B7 6 7252 1
B8 2 9503 1
B9 1 5830 1
B10 3 14834 1
B11 4 11275 1
B12 5 15997 1
B13 2 6448 1
B14 6 4542 1
B15 1 4146 1
B16 2 4583 1
B17 1 5689 1
B18 3 7374 1
B19 5 6176 1
B20 6 15421 1
B21 4 7057 1
B22 3 5724 1
B23 4 5781 1
B24 6 59343 2
B25 8 6773 1
B26 2 7714 1
B27 3 88909 1
B28 8 16566 1
B29 7 17555 1
B30 2 16621 2
B31 5 10088 1
B32 7 28138 2
B33 7 12067 1
B34 8 22063 2
B35 8 27187 2
B36 3 34057 2
B37 3 3509 1
B38 4 20781 1
B39 3 14588 1
B40 7 8497 1
B41 8 6684 1
B42 6 15515 1
B43 5 31591 1
B44 1 14867 2
B45 3 42080 2
B46 5 32941 2
B47 8 20365 2
B48 1 33100 2
B49 7 15155 1
B50 3 21479 2
B51 8 10506 1
B52 7 14266 2
B53 1 13905 1
B54 2 31178 2
B55 4 17737 2
B56 8 63920 2
B57 7 53711 2
B58 7 71227 2
B59 7 18049 2
B60 1 39408 2
