B1 4 3378 1
B2 5 2587 1
B3 1 2111 1
B4 2 2470 1
B5 6 4372 1
B6 3 2461 1
B7 6 2624 1
B8 2 3309 1
B9 1 3958 1
B10 3 3787 1
B11 4 7895 1
B12 5 4961 1
B13 2 2450 1
B14 6 3449 1
B15 1 1801 1
B16 2 2491 1
B17 1 3346 1
B18 3 4845 1
B19 5 3203 1
B20 6 5765 1
B21 4 4426 1
B22 3 5457 1
B23 4 3993 1
B24 6 5625 2
B25 8 6179 1
B26 2 3512 1
B27 3 9808 1
B28 4 8118 2
B29 7 8074 1
B30 2 7242 2
B31 5 4791 1
B32 4 14777 2
B33 1 4869 2
B34 8 12861 2
B35 8 669 2
B36 3 30063 2
B37 3 5914 1
B38 4 4990 1
B39 3 6587 1
B40 7 6759 1
B41 8 11082 1
B42 1 14701 2
B43 4 9776 2
B44 4 6448 1
B45 1 9921 1
B46 2 23200 1
B47 5 29398 1
B48 7 14695 2
B49 7 32047 1
B50 6 8612 1
B51 8 9334 1
B52 2 29676 1
B53 5 17651 2
B54 5 15306 1
B55 1 22987 1
B56 6 11485 1
B57 3 19536 1
B58 5 29742 2
B59 2 45953 2
B60 8 43106 2
