B1 6 33900 2
B2 5 4127 1
B3 3 2660 2
B4 2 5543 1
B5 6 4735 1
B6 3 3623 1
B7 6 9874 1
B8 2 14046 1
B9 1 10040 1
B10 3 5863 1
B11 4 11301 1
B12 6 5619 2
B13 2 2736 1
B14 6 5869 1
B15 1 4240 1
B16 2 3885 1
B17 1 6218 1
B18 3 7859 1
B19 5 27822 1
B20 4 30553 2
B21 4 5319 1
B22 3 4961 1
B23 4 4201 1
B24 4 15131 2
B25 8 8665 1
B26 2 7579 1
B27 3 10354 1
B28 8 12715 1
B29 7 10790 1
B30 4 16984 1
B31 5 8677 1
B32 7 37879 2
B33 7 13618 1
B34 8 21931 2
B35 5 27655 2
B36 3 18655 2
B37 3 3438 1
B38 4 8976 1
B39 3 14423 1
B40 7 10597 1
B41 8 10428 1
B42 6 7972 1
B43 5 13539 1
B44 1 11331 2
B45 1 13941 1
B46 2 62254 1
B47 6 75441 2
B48 6 33808 1
B49 7 13498 1
B50 6 31833 1
B51 2 16720 2
B52 2 29104 1
B53 1 12008 1
B54 5 23501 1
B55 1 37068 1
B56 6 25762 1
B57 4 20123 2
B58 4 35377 2
B59 7 60694 2
B60 1 46602 2
