B1 1 4230 2
B2 5 2772 1
B3 1 3175 1
B4 2 2641 1
B5 6 5423 1
B6 3 3146 1
B7 6 5440 1
B8 2 4838 1
B9 1 7776 1
B10 3 9474 1
B11 5 4619 2
B12 6 6660 2
B13 2 3730 1
B14 6 7714 1
B15 1 5920 1
B16 2 4347 1
B17 1 3172 1
B18 3 8519 1
B19 5 10157 1
B20 6 12274 1
B21 1 3694 2
B22 5 13298 2
B23 3 24909 2
B24 5 35078 1
B25 8 14811 1
B26 2 4234 1
B27 4 27965 2
B28 8 7791 1
B29 5 18386 2
B30 3 25269 2
B31 8 15524 2
B32 6 10120 2
B33 7 8229 1
B34 8 12431 2
B35 3 7873 2
B36 3 4256 2
B37 3 5623 1
B38 4 19123 1
B39 4 12215 2
B40 6 8257 2
B41 4 3051 2
B42 4 14835 2
B43 8 10488 2
B44 3 5305 2
B45 2 12284 2
B46 1 6800 2
B47 5 8739 1
B48 2 8781 2
B49 2 2489 2
B50 7 5219 2
B51 8 21687 1
B52 2 24499 1
B53 4 2058 2
B54 7 6379 2
B55 3 11088 2
B56 2 2934 2
B57 1 3559 2
B58 6 1939 2
B59 3 3854 2
B60 7 3831 2
