B1 4 17021 1
B2 5 4186 1
B3 1 3541 1
B4 2 2998 1
B5 6 4349 1
B6 3 6718 1
B7 6 4855 1
B8 2 11172 1
B9 1 11188 1
B10 3 6614 1
B11 4 14746 1
B12 3 21964 2
B13 2 5825 1
B14 6 11995 1
B15 1 7030 1
B16 2 4104 1
B17 1 2647 1
B18 3 9035 1
B19 6 4819 2
B20 6 7314 1
B21 4 6900 1
B22 3 6535 1
B23 4 6604 1
B24 5 43762 1
B25 8 9788 1
B26 2 17484 1
B27 3 17399 1
B28 4 22147 2
B29 7 34960 1
B30 4 23782 1
B31 5 13861 1
B32 1 61275 1
B33 7 15828 1
B34 6 37787 1
B35 1 36605 1
B36 2 44771 1
B37 3 7685 1
B38 4 10979 1
B39 3 14903 1
B40 7 8700 1
B41 8 11922 1
B42 6 10680 1
B43 5 20985 1
B44 4 31370 1
B45 1 19568 1
B46 2 79613 1
B47 5 49192 1
B48 4 71684 2
B49 7 13102 1
B50 6 32195 1
B51 8 21775 1
B52 2 13589 1
B53 1 10194 1
B54 8 90369 2
B55 4 29468 2
B56 8 72868 2
B57 3 62280 1
B58 7 55607 2
B59 7 62357 2
B60 2 77327 2
