B1 4 11046 1
B2 5 1947 1
B3 1 3336 1
B4 2 1587 1
B5 6 2380 1
B6 3 3586 1
B7 6 4538 1
B8 2 2432 1
B9 1 3038 1
B10 3 2142 1
B11 5 2825 2
B12 1 4022 2
B13 2 1579 1
B14 6 3777 1
B15 1 2271 1
B16 2 1971 1
B17 1 4657 1
B18 3 2319 1
B19 5 2468 1
B20 6 3242 1
B21 4 2661 1
B22 3 2746 1
B23 4 2643 1
B24 5 6340 1
B25 2 3425 2
B26 2 3068 1
B27 3 12213 1
B28 8 6681 1
B29 7 4022 1
B30 4 4077 1
B31 5 4634 1
B32 1 15933 1
B33 1 6124 2
B34 6 32308 1
B35 2 13391 2
B36 1 20649 2
B37 3 3308 1
B38 8 7161 2
B39 3 7174 1
B40 7 4910 1
B41 8 5601 1
B42 2 11975 2
B43 5 13727 1
B44 4 8768 1
B45 7 8516 2
B46 2 20339 1
B47 8 14129 2
B48 5 15990 2
B49 7 5729 1
B50 1 20411 2
B51 8 7218 1
B52 3 10003 2
B53 4 30558 2
B54 7 7757 2
B55 6 1432 2
B56 4 706 2
B57 6 1147 2
B58 6 15 2
B59 7 12019 2
B60 7 16490 2
