B1 1 24767 2
B2 5 2613 1
B3 1 2678 1
B4 2 4049 1
B5 6 4739 1
B6 3 2668 1
B7 6 3611 1
B8 2 4989 1
B9 1 2755 1
B10 3 3473 1
B11 4 6907 1
B12 5 7092 1
B13 2 2297 1
B14 6 4585 1
B15 1 2899 1
B16 2 3338 1
B17 1 3209 1
B18 3 3319 1
B19 5 6220 1
B20 5 4252 2
B21 4 4385 1
B22 3 2674 1
B23 4 5166 1
B24 6 21793 2
B25 8 5050 1
B26 1 10549 2
B27 3 4825 1
B28 4 10996 2
B29 7 10980 1
B30 2 6165 2
B31 5 8352 1
B32 7 14399 2
B33 7 8418 1
B34 6 11267 1
B35 1 10810 1
B36 3 9570 2
B37 3 1985 1
B38 4 4393 1
B39 3 4898 1
B40 7 7070 1
B41 8 9265 1
B42 6 20461 1
B43 5 12679 1
B44 2 17533 2
B45 1 18236 1
B46 2 10495 1
B47 3 38546 2
B48 2 2933 2
B49 7 7784 1
B50 6 20893 1
B51 8 6749 1
B52 3 18817 2
B53 1 15733 1
B54 8 9754 2
B55 1 18862 1
B56 8 21883 2
B57 2 14188 2
B58 7 15677 2
B59 1 25107 2
B60 2 2267 2
