B1 6 11397 2
B2 5 3694 1
B3 1 8199 1
B4 2 4141 1
B5 6 3679 1
B6 3 5904 1
B7 6 5227 1
B8 2 5523 1
B9 1 4303 1
B10 3 4856 1
B11 4 7774 1
B12 5 12000 1
B13 2 4979 1
B14 6 4465 1
B15 1 3207 1
B16 2 4298 1
B17 1 5078 1
B18 3 6414 1
B19 5 6430 1
B20 6 5675 1
B21 4 3550 1
B22 3 4195 1
B23 2 3679 2
B24 5 89875 1
B25 5 1268 2
B26 5 288 2
B27 5 3651 2
B28 8 25514 1
B29 7 34495 1
B30 4 11806 1
B31 5 9128 1
B32 1 92733 1
B33 1 206 2
B34 6 36603 1
B35 1 41127 1
B36 2 35158 1
B37 3 4503 1
B38 4 19850 1
B39 3 10274 1
B40 7 7643 1
B41 8 8905 1
B42 6 11233 1
B43 5 20243 1
B44 4 12787 1
B45 1 23545 1
B46 2 60043 1
B47 2 234 2
B48 6 136603 1
B49 7 18425 1
B50 6 67564 1
B51 8 12024 1
B52 2 9027 1
B53 1 30720 1
B54 5 13287 1
B55 1 33495 1
B56 7 33764 2
B57 2 31197 2
B58 2 40674 1
B59 6 94682 2
B60 2 80108 2
