B1 4 2516 1
B2 5 1560 1
B3 1 1832 1
B4 2 1808 1
B5 6 2251 1
B6 3 2621 1
B7 6 3554 1
B8 2 3429 1
B9 1 2866 1
B10 4 9398 2
B11 4 8027 1
B12 3 11888 2
B13 2 4358 1
B14 6 5214 1
B15 1 3490 1
B16 2 4293 1
B17 1 3949 1
B18 3 7575 1
B19 5 7236 1
B20 6 9834 1
B21 4 6496 1
B22 3 4566 1
B23 4 4368 1
B24 6 14833 2
B25 8 5878 1
B26 2 9204 1
B27 3 12162 1
B28 8 10790 1
B29 7 11394 1
B30 2 5951 2
B31 5 15118 1
B32 4 25873 2
B33 7 21947 1
B34 4 17674 2
B35 5 43533 2
B36 7 23499 2
B37 3 2373 1
B38 4 6784 1
B39 3 6416 1
B40 7 5329 1
B41 8 8498 1
B42 6 11651 1
B43 5 19904 1
B44 4 17959 1
B45 1 13137 1
B46 2 81090 1
B47 2 50366 2
B48 5 23451 2
B49 7 14051 1
B50 6 15536 1
B51 8 8836 1
B52 8 24478 2
B53 2 15072 2
B54 4 8428 2
B55 1 35107 1
B56 1 35400 2
B57 3 23133 1
B58 7 14949 2
B59 1 11329 2
B60 1 23755 2
