B1 4 12727 1
B2 5 4988 1
B3 1 5434 1
B4 2 3096 1
B5 6 4214 1
B6 3 3130 1
B7 6 4686 1
B8 6 6775 2
B9 1 6891 1
B10 3 5966 1
B11 4 14644 1
B12 5 10913 1
B13 2 4464 1
B14 6 5964 1
B15 1 3719 1
B16 2 5401 1
B17 1 4434 1
B18 3 5949 1
B19 5 5402 1
B20 6 13000 1
B21 4 7260 1
B22 3 5317 1
B23 2 6075 2
B24 3 65720 2
B25 8 8005 1
B26 2 7826 1
B27 3 18894 1
B28 8 13853 1
B29 7 9079 1
B30 2 33166 2
B31 5 8967 1
B32 7 13932 2
B33 7 19378 1
B34 8 31971 2
B35 5 20038 2
B36 7 12002 2
B37 3 12135 1
B38 4 43553 1
B39 4 12884 2
B40 7 12927 1
B41 8 5960 1
B42 6 15570 1
B43 5 24481 1
B44 6 15910 2
B45 8 14383 2
B46 2 20438 1
B47 2 93503 2
B48 7 33796 2
B49 1 9230 2
B50 3 9840 2
B51 8 21218 1
B52 3 4200 2
B53 3 9903 2
B54 3 14049 2
B55 4 19489 2
B56 6 43815 1
B57 1 27799 2
B58 5 9787 2
B59 3 22502 2
B60 3 8372 2
