B1 4 22224 1
B2 5 2699 1
B3 1 4718 1
B4 2 2137 1
B5 6 7755 1
B6 3 5923 1
B7 6 8025 1
B8 3 9843 2
B9 1 7023 1
B10 3 8700 1
B11 1 5946 2
B12 5 10788 1
B13 2 3826 1
B14 3 11860 2
B15 1 3002 1
B16 2 6413 1
B17 1 6381 1
B18 2 3746 2
B19 5 4548 1
B20 5 9043 2
B21 5 2706 2
B22 2 4441 2
B23 2 2661 2
B24 6 6976 2
B25 8 5603 1
B26 2 13632 1
B27 3 8055 1
B28 2 6320 2
B29 3 3437 2
B30 2 8809 2
B31 4 4101 2
B32 3 7737 2
B33 3 5026 2
B34 2 3650 2
B35 3 3611 2
B36 7 2352 2
B37 3 2427 1
B38 3 3230 2
B39 3 2625 1
B40 2 3334 2
B41 2 4957 2
B42 1 4189 2
B43 5 1819 1
B44 7 3935 2
B45 8 3880 2
B46 2 2047 1
B47 4 4945 2
B48 2 2607 2
B49 8 3741 2
B50 3 3226 2
B51 3 4252 2
B52 3 2614 2
B53 3 7002 2
B54 3 23 2
B55 5 1670 2
B56 8 2565 2
B57 4 1267 2
B58 2 2821 1
B59 3 1759 2
B60 2 745 2
