B1 4 7897 1
B2 5 2983 1
B3 1 3943 1
B4 2 1460 1
B5 6 3723 1
B6 3 3811 1
B7 6 3313 1
B8 2 6615 1
B9 1 4509 1
B10 3 3503 1
B11 4 5034 1
B12 5 12875 1
B13 2 2748 1
B14 6 5437 1
B15 1 3892 1
B16 2 2511 1
B17 1 4783 1
B18 3 3267 1
B19 5 10053 1
B20 6 6778 1
B21 4 3950 1
B22 3 5138 1
B23 3 12197 2
B24 6 14507 2
B25 8 4461 1
B26 2 8301 1
B27 3 8193 1
B28 8 11132 1
B29 7 12395 1
B30 4 9517 1
B31 5 9801 1
B32 1 14240 1
B33 4 19868 2
B34 8 21830 2
B35 5 26672 2
B36 4 7217 2
B37 3 3431 1
B38 4 4979 1
B39 3 10660 1
B40 5 15292 2
B41 8 14552 1
B42 3 12151 2
B43 4 10858 2
B44 1 7523 2
B45 6 6773 2
B46 5 1141 2
B47 3 9939 2
B48 7 12473 2
B49 7 7315 1
B50 3 14265 2
B51 4 1021 2
B52 7 1086 2
B53 6 1054 2
B54 5 986 1
B55 4 1111 2
B56 3 1437 2
B57 3 1114 1
B58 8 5794 2
B59 6 8257 2
B60 6 623 2
