B1 6 5650 2
B2 5 2130 1
B3 1 6388 1
B4 2 2338 1
B5 6 2796 1
B6 3 2787 1
B7 6 4690 1
B8 2 4332 1
B9 1 8532 1
B10 3 7285 1
B11 4 9164 1
B12 1 8193 2
B13 2 3634 1
B14 6 5085 1
B15 1 2659 1
B16 2 5412 1
B17 1 3792 1
B18 3 6393 1
B19 5 3731 1
B20 1 23166 2
B21 4 5835 1
B22 3 4137 1
B23 6 6750 2
B24 5 34710 1
B25 8 8298 1
B26 2 5958 1
B27 3 9889 1
B28 8 13748 1
B29 7 14133 1
B30 4 15064 1
B31 5 10882 1
B32 4 25878 2
B33 7 10760 1
B34 8 33605 2
B35 1 46850 1
B36 3 63735 2
B37 3 3893 1
B38 4 6508 1
B39 3 11448 1
B40 7 10839 1
B41 8 13925 1
B42 6 15497 1
B43 5 11425 1
B44 4 23191 1
B45 1 12391 1
B46 2 69795 1
B47 6 38772 2
B48 8 46707 2
B49 7 10382 1
B50 6 20338 1
B51 2 34300 2
B52 2 9658 1
B53 7 38141 2
B54 5 17482 1
B55 4 27741 2
B56 5 68669 2
B57 4 33683 2
B58 4 21738 2
B59 7 17779 2
B60 8 32488 2
