B1 4 12463 1
B2 5 2814 1
B3 1 2835 1
B4 2 3479 1
B5 6 3520 1
B6 3 4082 1
B7 6 4124 1
B8 2 10500 1
B9 1 5222 1
B10 3 12051 1
B11 5 6823 2
B12 1 4474 2
B13 2 6540 1
B14 6 6336 1
B15 1 3461 1
B16 2 5284 1
B17 1 5811 1
B18 3 7811 1
B19 5 8118 1
B20 6 10037 1
B21 4 5868 1
B22 3 4916 1
B23 4 4516 1
B24 5 36514 1
B25 8 9743 1
B26 2 3955 1
B27 3 9919 1
B28 8 20606 1
B29 7 8010 1
B30 4 13381 1
B31 5 7761 1
B32 1 31889 1
B33 7 13895 1
B34 6 74658 1
B35 1 26273 1
B36 3 14735 2
B37 3 7172 1
B38 4 19894 1
B39 3 25598 1
B40 7 6455 1
B41 8 10389 1
B42 6 18584 1
B43 5 16294 1
B44 4 33283 1
B45 1 80623 1
B46 2 49607 1
B47 5 52225 1
B48 6 65682 1
B49 3 18915 2
B50 6 13917 1
B51 8 9974 1
B52 2 12163 1
B53 1 8791 1
B54 5 20178 1
B55 1 59466 1
B56 6 20304 1
B57 4 77519 2
B58 7 61499 2
B59 7 64399 2
B60 1 54615 2
