B1 4 8923 1
B2 5 2706 1
B3 1 8225 1
B4 2 3974 1
B5 6 3387 1
B6 3 3078 1
B7 6 4623 1
B8 2 7977 1
B9 1 6964 1
B10 3 4747 1
B11 4 12654 1
B12 4 12560 2
B13 2 2882 1
B14 6 4518 1
B15 1 6957 1
B16 2 4053 1
B17 5 3286 2
B18 3 8079 1
B19 5 7487 1
B20 6 9102 1
B21 4 4458 1
B22 3 6183 1
B23 4 20437 1
B24 4 13837 2
B25 8 8823 1
B26 2 6592 1
B27 3 6376 1
B28 8 8963 1
B29 7 6636 1
B30 3 15779 2
B31 4 12000 2
B32 1 26617 1
B33 7 13740 1
B34 6 7439 1
B35 5 27630 2
B36 2 9594 1
B37 3 4007 1
B38 4 11156 1
B39 4 8597 2
B40 5 9243 2
B41 8 11907 1
B42 6 9211 1
B43 5 13915 1
B44 1 6322 2
B45 1 35617 1
B46 2 14204 1
B47 2 55590 2
B48 4 12514 2
B49 1 7408 2
B50 3 8289 2
B51 8 14175 1
B52 2 11690 1
B53 1 19121 1
B54 5 18087 1
B55 6 6055 2
B56 6 9823 1
B57 3 19132 1
B58 4 7628 2
B59 3 8438 2
B60 2 13180 2
