B1 6 5467 2
B2 5 2111 1
B3 1 3453 1
B4 2 3943 1
B5 6 1918 1
B6 3 3836 1
B7 6 5593 1
B8 2 9664 1
B9 1 16726 1
B10 3 10221 1
B11 5 20055 2
B12 5 28606 1
B13 2 4714 1
B14 6 8067 1
B15 1 2540 1
B16 2 4549 1
B17 1 4196 1
B18 3 8291 1
B19 5 9408 1
B20 6 10975 1
B21 4 4499 1
B22 3 4680 1
B23 4 8322 1
B24 5 19678 1
B25 8 12850 1
B26 2 6919 1
B27 3 10047 1
B28 8 26578 1
B29 7 37258 1
B30 4 10096 1
B31 5 15259 1
B32 4 28466 2
B33 7 21108 1
B34 4 53642 2
B35 1 32352 1
B36 3 10369 2
B37 3 4905 1
B38 4 9810 1
B39 3 14980 1
B40 7 16552 1
B41 8 10894 1
B42 6 11390 1
B43 5 37662 1
B44 4 18593 1
B45 1 29973 1
B46 4 30930 2
B47 4 9143 2
B48 2 60447 2
B49 7 11971 1
B50 6 25319 1
B51 8 22551 1
B52 2 15634 1
B53 1 19424 1
B54 5 41308 1
B55 6 40562 2
B56 2 49933 2
B57 6 17083 2
B58 7 9309 2
B59 3 23711 2
B60 3 33242 2
