B1 2 6515 2
B2 2 12004 2
B3 2 8255 2
B4 2 10832 1
B5 6 5072 1
B6 3 2824 1
B7 1 2605 2
B8 2 2764 1
B9 1 6668 1
B10 3 10663 1
B11 4 7076 1
B12 5 6361 1
B13 2 3996 1
B14 6 4189 1
B15 1 2973 1
B16 2 4103 1
B17 1 6942 1
B18 4 15877 2
B19 1 6860 2
B20 6 21749 1
B21 4 8929 1
B22 3 13640 1
B23 4 6825 1
B24 3 17536 2
B25 8 8248 1
B26 2 4654 1
B27 3 14657 1
B28 4 18985 2
B29 7 14056 1
B30 4 8066 1
B31 5 9215 1
B32 6 34637 2
B33 7 16759 1
B34 8 27562 2
B35 1 26724 1
B36 3 49339 2
B37 3 3860 1
B38 4 8164 1
B39 3 6417 1
B40 7 23609 1
B41 8 24127 1
B42 3 7099 2
B43 4 19115 2
B44 4 18400 1
B45 5 25461 2
B46 5 38944 2
B47 8 41424 2
B48 6 28442 1
B49 1 9451 2
B50 6 34900 1
B51 8 40896 1
B52 5 19810 2
B53 7 14493 2
B54 2 27356 2
B55 5 35033 2
B56 8 29351 2
B57 4 42021 2
B58 3 22206 2
B59 7 33194 2
B60 5 28894 1
