B1 4 6345 1
B2 5 3298 1
B3 1 4758 1
B4 2 2657 1
B5 6 4466 1
B6 3 2672 1
B7 6 4849 1
B8 1 3863 2
B9 5 4037 2
B10 3 6104 1
B11 4 4459 1
B12 3 5029 2
B13 2 2159 1
B14 6 3834 1
B15 1 3653 1
B16 2 2072 1
B17 5 4197 2
B18 4 6453 2
B19 1 3399 2
B20 5 3528 2
B21 5 2589 2
B22 2 1885 2
B23 2 1962 2
B24 2 4114 2
B25 8 4935 1
B26 2 4000 1
B27 3 5980 1
B28 4 2467 2
B29 7 4997 1
B30 5 8979 2
B31 4 6871 2
B32 6 4654 2
B33 7 10170 1
B34 1 4297 2
B35 6 4609 2
B36 1 8532 2
B37 3 2181 1
B38 2 4990 2
B39 4 3571 2
B40 1 2941 2
B41 2 5312 2
B42 8 4191 2
B43 2 2354 2
B44 8 2596 2
B45 6 3224 2
B46 3 2718 2
B47 4 2722 2
B48 4 7233 2
B49 4 1911 2
B50 7 4106 2
B51 3 3098 2
B52 3 1481 2
B53 3 1491 2
B54 3 7759 2
B55 2 10052 2
B56 8 5681 2
B57 5 3169 2
B58 8 3074 2
B59 2 14930 2
B60 8 5303 2
