B1 4 4119 1
B2 5 2074 1
B3 1 2791 1
B4 2 1656 1
B5 6 2531 1
B6 3 2823 1
B7 6 3749 1
B8 2 3639 1
B9 1 3609 1
B10 3 3615 1
B11 4 11027 1
B12 5 12320 1
B13 3 6237 2
B14 6 6172 1
B15 1 2830 1
B16 2 2935 1
B17 1 2942 1
B18 3 4563 1
B19 5 3066 1
B20 6 7598 1
B21 4 4082 1
B22 3 4188 1
B23 4 3161 1
B24 6 8158 2
B25 8 4269 1
B26 2 3621 1
B27 3 4689 1
B28 8 6046 1
B29 7 3778 1
B30 4 6769 1
B31 5 5381 1
B32 7 9319 2
B33 7 7542 1
B34 8 20610 2
B35 4 11433 2
B36 2 18905 1
B37 3 3525 1
B38 4 8325 1
B39 3 5561 1
B40 7 6970 1
B41 8 11073 1
B42 3 16130 2
B43 5 12227 1
B44 1 12490 2
B45 1 19382 1
B46 2 23035 1
B47 3 10170 2
B48 7 20364 2
B49 7 10176 1
B50 6 22700 1
B51 8 5899 1
B52 5 10370 2
B53 1 8254 1
B54 5 9896 1
B55 1 36392 1
B56 8 13618 2
B57 5 10906 2
B58 2 22506 1
B59 4 16195 1
B60 1 20254 2
