B1 4 2162 1
B2 5 1492 1
B3 1 1324 1
B4 2 1874 1
B5 6 1564 1
B6 3 2035 1
B7 1 1820 2
B8 1 2065 2
B9 1 2283 1
B10 5 2742 2
B11 5 2812 2
B12 5 2409 1
B13 2 1513 1
B14 6 3155 1
B15 1 1340 1
B16 2 1903 1
B17 1 1924 1
B18 3 3099 1
B19 5 2484 1
B20 4 2909 2
B21 4 3474 1
B22 3 3404 1
B23 4 3982 1
B24 6 3740 2
B25 2 2256 2
B26 2 1854 1
B27 3 2461 1
B28 8 4587 1
B29 7 2735 1
B30 4 4044 1
B31 5 5030 1
B32 4 3556 2
B33 1 6785 2
B34 8 5960 2
B35 4 12021 2
B36 3 3382 2
B37 3 1612 1
B38 4 4266 1
B39 3 2829 1
B40 2 5042 2
B41 8 3099 1
B42 3 2879 2
B43 2 4163 2
B44 4 5564 1
B45 1 8629 1
B46 6 4175 2
B47 3 3132 2
B48 1 7033 2
B49 7 5388 1
B50 3 7345 2
B51 3 7723 2
B52 3 14051 2
B53 4 4054 2
B54 7 7959 2
B55 1 6822 1
B56 8 5160 2
B57 2 3679 2
B58 3 5823 2
B59 8 13573 2
B60 4 7466 2
