B1 4 32878 1
B2 5 8377 1
B3 1 6976 1
B4 2 4826 1
B5 6 6109 1
B6 3 7036 1
B7 6 9974 1
B8 2 20888 1
B9 1 8153 1
B10 3 15182 1
B11 4 17498 1
B12 1 18836 2
B13 2 7693 1
B14 6 9155 1
B15 1 4409 1
B16 2 5565 1
B17 1 8401 1
B18 3 18444 1
B19 5 5927 1
B20 6 7895 1
B21 4 4557 1
B22 3 7470 1
B23 4 7710 1
B24 5 59348 1
B25 8 10773 1
B26 2 32845 1
B27 3 9810 1
B28 8 28247 1
B29 7 54657 1
B30 4 14023 1
B31 5 9890 1
B32 1 109309 1
B33 7 13134 1
B34 6 35308 1
B35 1 25821 1
B36 5 23296 2
B37 3 4096 1
B38 4 12433 1
B39 3 15674 1
B40 7 8374 1
B41 8 14221 1
B42 6 33979 1
B43 5 15858 1
B44 1 21899 2
B45 1 20250 1
B46 2 52200 1
B47 5 88398 1
B48 5 120383 2
B49 7 17409 1
B50 3 26090 2
B51 8 12336 1
B52 2 11891 1
B53 1 53315 1
B54 5 23872 1
B55 1 81011 1
B56 5 83771 2
B57 3 133532 1
B58 3 65089 2
B59 7 114311 2
B60 2 63997 2
