B1 4 9976 1
B2 5 3724 1
B3 1 5319 1
B4 2 2880 1
B5 6 3244 1
B6 3 3069 1
B7 6 4830 1
B8 2 5010 1
B9 1 3396 1
B10 3 4289 1
B11 4 6650 1
B12 5 9262 1
B13 2 2697 1
B14 6 6759 1
B15 1 3256 1
B16 2 4227 1
B17 1 4707 1
B18 3 3998 1
B19 5 6495 1
B20 6 3596 1
B21 4 4810 1
B22 3 4600 1
B23 4 6718 1
B24 1 19092 2
B25 8 9636 1
B26 2 8183 1
B27 3 10761 1
B28 8 13077 1
B29 7 6429 1
B30 4 5263 1
B31 5 8189 1
B32 1 5711 1
B33 7 13159 1
B34 6 38686 1
B35 5 14687 2
B36 2 31357 1
B37 3 3704 1
B38 4 6770 1
B39 3 7136 1
B40 7 6129 1
B41 8 8139 1
B42 6 8896 1
B43 4 11813 2
B44 4 15388 1
B45 1 9491 1
B46 2 21338 1
B47 6 28848 2
B48 6 78994 1
B49 7 16970 1
B50 6 14420 1
B51 8 16476 1
B52 2 12791 1
B53 1 6354 1
B54 5 20222 1
B55 1 33147 1
B56 6 23096 1
B57 3 32260 1
B58 2 26273 1
B59 4 23548 1
B60 5 52486 1
