B1 4 5289 1
B2 5 2770 1
B3 1 3263 1
B4 2 2247 1
B5 6 4413 1
B6 3 4874 1
B7 6 5383 1
B8 2 4457 1
B9 1 4063 1
B10 3 3186 1
B11 1 3129 2
B12 1 3638 2
B13 2 2648 1
B14 6 6678 1
B15 1 2280 1
B16 2 2928 1
B17 1 4893 1
B18 3 5778 1
B19 5 12538 1
B20 6 8041 1
B21 4 4957 1
B22 3 5712 1
B23 4 3197 1
B24 5 11850 1
B25 8 9210 1
B26 2 6771 1
B27 3 10861 1
B28 4 11056 2
B29 7 26067 1
B30 4 9679 1
B31 5 16694 1
B32 4 20562 2
B33 1 5364 2
B34 6 20469 1
B35 1 12427 1
B36 2 20405 1
B37 3 4714 1
B38 4 6527 1
B39 3 6272 1
B40 7 8563 1
B41 8 6285 1
B42 6 11304 1
B43 8 7095 2
B44 4 12886 1
B45 1 13461 1
B46 2 23949 1
B47 7 22527 2
B48 7 25217 2
B49 7 9077 1
B50 3 25628 2
B51 8 10983 1
B52 3 19097 2
B53 1 15053 1
B54 2 28782 2
B55 3 15115 2
B56 3 22756 2
B57 3 21096 1
B58 3 17807 2
B59 3 10883 2
B60 2 16705 2
