B1 4 2591 1
B2 5 5362 1
B3 1 8137 1
B4 2 4118 1
B5 6 8203 1
B6 3 4879 1
B7 6 4703 1
B8 2 8384 1
B9 1 21363 1
B10 3 10619 1
B11 4 31513 1
B12 5 16071 1
B13 2 3103 1
B14 6 4596 1
B15 1 2214 1
B16 2 2655 1
B17 1 4962 1
B18 3 11764 1
B19 5 9011 1
B20 6 7688 1
B21 4 6709 1
B22 3 10865 1
B23 4 8110 1
B24 6 52466 2
B25 8 13625 1
B26 2 8026 1
B27 3 10750 1
B28 8 5429 1
B29 7 12990 1
B30 4 16604 1
B31 5 14722 1
B32 7 119990 2
B33 1 10733 2
B34 6 28576 1
B35 1 48709 1
B36 3 50171 2
B37 3 5027 1
B38 4 4279 1
B39 3 7940 1
B40 7 8479 1
B41 8 16575 1
B42 6 10049 1
B43 2 18177 2
B44 4 9628 1
B45 1 17514 1
B46 2 30814 1
B47 6 25938 2
B48 5 32476 2
B49 7 14235 1
B50 6 11501 1
B51 8 21155 1
B52 2 50692 1
B53 1 9051 1
B54 5 27570 1
B55 1 30883 1
B56 8 21204 2
B57 3 42746 1
B58 3 46298 2
B59 7 32983 2
B60 7 32054 2
