B1 4 3235 1
B2 5 1688 1
B3 1 2864 1
B4 2 2072 1
B5 6 3996 1
B6 3 3369 1
B7 6 3655 1
B8 2 5142 1
B9 1 5115 1
B10 3 4726 1
B11 1 16124 2
B12 5 7048 1
B13 2 1703 1
B14 6 6699 1
B15 5 3207 2
B16 2 3798 1
B17 1 4310 1
B18 3 3568 1
B19 5 8884 1
B20 5 3168 2
B21 4 4873 1
B22 3 5503 1
B23 6 8133 2
B24 4 8667 2
B25 8 3888 1
B26 2 6624 1
B27 3 4456 1
B28 8 9838 1
B29 7 17869 1
B30 1 9905 2
B31 5 10219 1
B32 7 23507 2
B33 1 11307 2
B34 8 67287 2
B35 5 40865 2
B36 2 35310 1
B37 3 2747 1
B38 4 14277 1
B39 3 22444 1
B40 7 9664 1
B41 8 7803 1
B42 6 8857 1
B43 5 20860 1
B44 4 7635 1
B45 1 14998 1
B46 2 17015 1
B47 4 10385 2
B48 8 8762 2
B49 7 10764 1
B50 3 9800 2
B51 1 7101 2
B52 3 12257 2
B53 1 18396 1
B54 2 14648 2
B55 5 14769 2
B56 8 5759 2
B57 4 8323 2
B58 4 7082 2
B59 3 4641 2
B60 4 12131 2
