B1 4 2662 1
B2 5 2097 1
B3 1 2534 1
B4 2 1609 1
B5 6 3474 1
B6 3 2214 1
B7 6 2838 1
B8 2 2459 1
B9 1 3603 1
B10 3 3063 1
B11 5 3632 2
B12 1 2710 2
B13 2 2526 1
B14 6 2688 1
B15 1 1873 1
B16 2 2871 1
B17 1 2990 1
B18 4 2554 2
B19 5 2707 1
B20 6 3974 1
B21 6 4852 2
B22 3 4897 1
B23 6 4103 2
B24 3 3027 2
B25 8 3072 1
B26 3 4638 2
B27 3 5754 1
B28 8 6007 1
B29 7 7326 1
B30 4 21171 1
B31 5 9800 1
B32 1 14650 1
B33 7 8274 1
B34 8 30671 2
B35 1 22503 1
B36 4 13105 2
B37 3 3913 1
B38 4 4549 1
B39 3 5972 1
B40 7 8496 1
B41 8 7930 1
B42 6 9325 1
B43 5 7632 1
B44 2 7988 2
B45 1 12421 1
B46 4 24744 2
B47 3 10604 2
B48 5 23171 2
B49 7 8313 1
B50 3 25583 2
B51 8 29012 1
B52 2 7965 1
B53 1 5919 1
B54 3 15293 2
B55 3 40946 2
B56 5 10076 2
B57 1 21861 2
B58 8 19458 2
B59 7 37872 2
B60 7 20946 2
