B1 4 12438 1
B2 5 6071 1
B3 1 9363 1
B4 2 1800 1
B5 6 4448 1
B6 3 4216 1
B7 6 6251 1
B8 2 5560 1
B9 1 7463 1
B10 3 8894 1
B11 4 10474 1
B12 1 30323 2
B13 2 2111 1
B14 5 3437 2
B15 1 3549 1
B16 2 6654 1
B17 1 2619 1
B18 3 3338 1
B19 5 3380 1
B20 4 3642 2
B21 1 1816 2
B22 3 5370 1
B23 5 11683 2
B24 6 11063 2
B25 2 11225 2
B26 2 3122 1
B27 3 4963 1
B28 8 6812 1
B29 7 28817 1
B30 2 7045 2
B31 5 6530 1
B32 7 23912 2
B33 6 12606 2
B34 4 15203 2
B35 1 23491 1
B36 2 14963 1
B37 3 5378 1
B38 4 3543 1
B39 4 4581 2
B40 7 9811 1
B41 8 8260 1
B42 6 17067 1
B43 5 9292 1
B44 4 12852 1
B45 1 11326 1
B46 2 42310 1
B47 5 39358 1
B48 5 24527 2
B49 6 16231 2
B50 7 15364 2
B51 4 4277 2
B52 3 10576 2
B53 3 5060 2
B54 6 38097 2
B55 5 14345 2
B56 3 24379 2
B57 3 1630 1
B58 3 624 2
B59 3 316 2
B60 3 11176 2
