1 1 0 1 0 0 0 3000 2 10 10 0
1 2 0 1 0 0 0 3000 2 12 12 10
1 3 0 1 0 0 0 3000 2 6 6 12
1 4 0 1 0 0 0 3000 2 3 3 6
1 5 1 1 1 0 0 772 1 6 6 3
1 6 0 1 0 0 0 3000 2 13 13 6
1 7 0 1 0 0 0 3000 2 13 13 13
1 8 0 1 0 0 0 3000 2 7 7 13
1 9 0 1 0 0 0 3000 2 6 6 7
1 10 1 1 1 0 0 695 1 7 7 6
1 11 0 1 0 0 0 3000 2 7 7 7
1 12 1 1 1 0 0 629 1 7 7 7
1 13 0 1 0 0 0 3000 3 12 12 7
1 14 0 1 0 0 0 3000 3 15 15 12
1 15 0 1 0 0 0 3000 3 15 15 15
1 16 0 1 0 0 0 3000 3 3 3 15
1 17 1 1 1 0 0 738 1 15 15 3
1 18 0 1 0 0 0 3000 2 5 5 15
1 19 1 1 1 0 0 516 1 15 15 5
1 20 0 0 0 0 1 1244 3 12 12 15
1 21 0 1 0 0 0 3000 3 12 12 12
1 22 0 1 0 0 0 3000 2 15 15 12
1 23 1 1 1 0 0 964 1 12 12 15
1 24 0 1 0 0 0 3000 2 14 14 12
1 25 1 0 0 1 0 3000 1 12 12 14
2 1 0 1 0 0 0 3000 1 2 2 12
2 2 0 1 0 0 0 3000 2 6 6 2
2 3 0 1 0 0 0 3000 3 12 12 6
2 4 0 1 0 0 0 3000 2 15 15 12
2 5 0 1 0 0 0 3000 2 3 3 15
2 6 0 1 0 0 0 3000 3 2 2 3
2 7 0 1 0 0 0 3000 2 11 11 2
2 8 0 1 0 0 0 3000 3 10 10 11
2 9 0 1 0 0 0 3000 3 14 14 10
2 10 0 1 0 0 0 3000 3 5 5 14
2 11 0 1 0 0 0 3000 3 1 1 5
2 12 1 1 1 0 0 413 1 5 5 1
2 13 0 1 0 0 0 3000 2 14 14 5
2 14 0 1 0 0 0 3000 2 14 14 14
2 15 0 1 0 0 0 3000 3 13 13 14
2 16 0 1 0 0 0 3000 2 7 7 13
2 17 0 1 0 0 0 3000 3 2 2 7
2 18 0 1 0 0 0 3000 2 2 2 2
2 19 0 1 0 0 0 3000 2 8 8 2
2 20 0 1 0 0 0 3000 2 6 6 8
2 21 0 1 0 0 0 3000 3 14 14 6
2 22 0 1 0 0 0 3000 3 5 5 14
2 23 0 1 0 0 0 3000 2 15 15 5
2 24 0 1 0 0 0 3000 3 3 3 15
2 25 0 0 0 0 1 836 2 7 7 3
3 1 0 1 0 0 0 3000 2 4 4 7
3 2 0 1 0 0 0 3000 3 6 6 4
3 3 0 1 0 0 0 3000 2 3 3 6
3 4 0 1 0 0 0 3000 2 11 11 3
3 5 0 1 0 0 0 3000 2 4 4 11
3 6 0 1 0 0 0 3000 3 9 9 4
3 7 1 1 1 0 0 546 1 4 4 9
3 8 0 1 0 0 0 3000 3 14 14 4
3 9 0 1 0 0 0 3000 2 10 10 14
3 10 1 1 1 0 0 640 1 14 14 10
3 11 1 1 1 0 0 678 1 10 10 14
3 12 1 1 1 0 0 1438 1 14 14 10
3 13 0 1 0 0 0 3000 3 12 12 14
3 14 1 1 1 0 0 433 1 14 14 12
3 15 0 1 0 0 0 3000 3 11 11 14
3 16 0 1 0 0 0 3000 3 9 9 11
3 17 1 1 1 0 0 381 1 11 11 9
3 18 1 0 0 1 0 3000 1 9 9 11
3 19 0 1 0 0 0 3000 3 7 7 9
3 20 0 1 0 0 0 3000 2 13 13 7
3 21 0 1 0 0 0 3000 3 3 3 13
3 22 1 1 1 0 0 765 1 13 13 3
3 23 0 1 0 0 0 3000 2 2 2 13
3 24 1 1 1 0 0 766 1 13 13 2
3 25 0 1 0 0 0 3000 3 15 15 13
