1 1 0 1 0 0 0 3000 1 8 8 0
1 2 0 1 0 0 0 3000 2 9 9 8
1 3 1 1 1 0 0 507 1 8 8 9
1 4 1 0 0 1 0 3000 1 9 9 8
1 5 1 1 1 0 0 466 1 8 8 9
1 6 1 0 0 1 0 3000 1 9 9 8
1 7 0 1 0 0 0 3000 3 13 13 9
1 8 0 1 0 0 0 3000 2 8 8 13
1 9 0 1 0 0 0 3000 2 3 3 8
1 10 0 1 0 0 0 3000 2 14 14 3
1 11 0 1 0 0 0 3000 3 2 2 14
1 12 0 1 0 0 0 3000 2 2 2 2
1 13 0 1 0 0 0 3000 3 3 3 2
1 14 0 1 0 0 0 3000 3 9 9 3
1 15 0 1 0 0 0 3000 2 10 10 9
1 16 1 0 0 1 0 3000 1 9 9 10
1 17 0 1 0 0 0 3000 2 13 13 9
1 18 0 1 0 0 0 3000 3 3 3 13
1 19 1 1 1 0 0 375 1 13 13 3
1 20 0 1 0 0 0 3000 2 12 12 13
1 21 0 1 0 0 0 3000 2 1 1 12
1 22 0 1 0 0 0 3000 2 8 8 1
1 23 0 1 0 0 0 3000 3 7 7 8
1 24 1 0 0 1 0 3000 1 8 8 7
1 25 0 1 0 0 0 3000 3 9 9 8
2 1 0 1 0 0 0 3000 2 12 12 9
2 2 0 1 0 0 0 3000 2 12 12 12
2 3 0 1 0 0 0 3000 2 7 7 12
2 4 0 1 0 0 0 3000 2 4 4 7
2 5 0 1 0 0 0 3000 2 15 15 4
2 6 1 0 0 1 0 3000 1 4 4 15
2 7 0 1 0 0 0 3000 2 10 10 4
2 8 0 1 0 0 0 3000 2 15 15 10
2 9 0 1 0 0 0 3000 3 7 7 15
2 10 0 1 0 0 0 3000 2 3 3 7
2 11 0 1 0 0 0 3000 3 4 4 3
2 12 0 1 0 0 0 3000 3 15 15 4
2 13 0 1 0 0 0 3000 2 7 7 15
2 14 0 1 0 0 0 3000 2 3 3 7
2 15 0 1 0 0 0 3000 3 3 3 3
2 16 0 1 0 0 0 3000 3 12 12 3
2 17 1 1 1 0 0 410 1 3 3 12
2 18 1 0 0 1 0 3000 1 12 12 3
2 19 0 1 0 0 0 3000 2 7 7 12
2 20 1 0 0 1 0 3000 1 12 12 7
2 21 0 1 0 0 0 3000 3 9 9 12
2 22 0 1 0 0 0 3000 3 4 4 9
2 23 1 1 1 0 0 497 1 9 9 4
2 24 1 0 0 1 0 3000 1 4 4 9
2 25 1 0 0 1 0 3000 1 9 9 4
3 1 0 1 0 0 0 3000 2 10 10 9
3 2 0 1 0 0 0 3000 1 1 1 10
3 3 1 1 1 0 0 445 1 10 10 1
3 4 0 1 0 0 0 3000 3 5 5 10
3 5 1 1 1 0 0 433 1 10 10 5
3 6 0 1 0 0 0 3000 2 11 11 10
3 7 0 1 0 0 0 3000 2 11 11 11
3 8 0 1 0 0 0 3000 3 4 4 11
3 9 0 1 0 0 0 3000 2 10 10 4
3 10 0 1 0 0 0 3000 3 6 6 10
3 11 0 1 0 0 0 3000 3 4 4 6
3 12 0 1 0 0 0 3000 2 11 11 4
3 13 0 1 0 0 0 3000 3 8 8 11
3 14 0 1 0 0 0 3000 2 14 14 8
3 15 1 1 1 0 0 424 1 8 8 14
3 16 1 0 0 1 0 3000 1 14 14 8
3 17 1 1 1 0 0 367 1 8 8 14
3 18 0 1 0 0 0 3000 3 8 8 8
3 19 1 1 1 0 0 547 1 8 8 8
3 20 0 1 0 0 0 3000 3 5 5 8
3 21 1 1 1 0 0 363 1 8 8 5
3 22 0 1 0 0 0 3000 3 15 15 8
3 23 1 1 1 0 0 355 1 8 8 15
3 24 0 1 0 0 0 3000 3 14 14 8
3 25 1 1 1 0 0 382 1 8 8 14
