1 1 0 1 0 0 0 3000 1 4 4 0
1 2 0 1 0 0 0 3000 3 15 15 4
1 3 0 1 0 0 0 3000 3 7 7 15
1 4 0 1 0 0 0 3000 2 13 13 7
1 5 0 1 0 0 0 3000 3 12 12 13
1 6 0 1 0 0 0 3000 2 1 1 12
1 7 0 1 0 0 0 3000 2 9 9 1
1 8 0 1 0 0 0 3000 2 8 8 9
1 9 0 1 0 0 0 3000 2 14 14 8
1 10 1 1 1 0 0 1635 1 8 8 14
1 11 0 0 0 0 1 1060 3 12 12 8
1 12 1 1 1 0 0 1328 1 8 8 12
1 13 0 1 0 0 0 3000 2 1 1 8
1 14 0 1 0 0 0 3000 3 15 15 1
1 15 0 0 0 0 1 2197 2 8 8 15
1 16 1 1 1 0 0 2058 1 15 15 8
1 17 1 0 0 1 0 3000 1 8 8 15
1 18 1 1 1 0 0 636 1 15 15 8
1 19 0 1 0 0 0 3000 3 1 1 15
1 20 0 1 0 0 0 3000 2 6 6 1
1 21 0 1 0 0 0 3000 3 15 15 6
1 22 1 1 1 0 0 839 1 6 6 15
1 23 0 1 0 0 0 3000 3 11 11 6
1 24 0 1 0 0 0 3000 2 2 2 11
1 25 0 1 0 0 0 3000 2 15 15 2
2 1 0 1 0 0 0 3000 2 10 10 15
2 2 0 1 0 0 0 3000 1 6 6 10
2 3 0 1 0 0 0 3000 3 6 6 6
2 4 1 1 1 0 0 1214 1 6 6 6
2 5 0 1 0 0 0 3000 2 1 1 6
2 6 0 1 0 0 0 3000 3 5 5 1
2 7 0 1 0 0 0 3000 3 15 15 5
2 8 0 1 0 0 0 3000 2 8 8 15
2 9 0 1 0 0 0 3000 2 7 7 8
2 10 0 1 0 0 0 3000 2 12 12 7
2 11 0 1 0 0 0 3000 2 13 13 12
2 12 0 1 0 0 0 3000 3 4 4 13
2 13 0 1 0 0 0 3000 3 5 5 4
2 14 1 1 1 0 0 959 1 4 4 5
2 15 0 1 0 0 0 3000 3 12 12 4
2 16 1 1 1 0 0 499 1 4 4 12
2 17 1 1 1 0 0 768 1 12 12 4
2 18 0 1 0 0 0 3000 3 8 8 12
2 19 0 1 0 0 0 3000 2 11 11 8
2 20 1 1 1 0 0 627 1 8 8 11
2 21 0 0 0 0 1 724 2 15 15 8
2 22 0 1 0 0 0 3000 3 15 15 15
2 23 0 0 0 0 1 488 3 11 11 15
2 24 0 1 0 0 0 3000 3 13 13 11
2 25 0 1 0 0 0 3000 2 10 10 13
3 1 0 1 0 0 0 3000 1 9 9 10
3 2 0 1 0 0 0 3000 3 6 6 9
3 3 0 1 0 0 0 3000 2 4 4 6
3 4 1 1 1 0 0 682 1 6 6 4
3 5 0 1 0 0 0 3000 2 5 5 6
3 6 0 1 0 0 0 3000 3 11 11 5
3 7 0 0 0 0 1 2338 2 4 4 11
3 8 0 1 0 0 0 3000 2 13 13 4
3 9 0 1 0 0 0 3000 2 14 14 13
3 10 0 1 0 0 0 3000 2 7 7 14
3 11 0 0 0 0 1 359 2 2 2 7
3 12 1 1 1 0 0 608 1 7 7 2
3 13 1 0 0 1 0 3000 1 2 2 7
3 14 0 0 0 0 1 513 2 6 6 2
3 15 0 1 0 0 0 3000 2 10 10 6
3 16 0 1 0 0 0 3000 2 3 3 10
3 17 1 1 1 0 0 569 1 10 10 3
3 18 0 1 0 0 0 3000 3 8 8 10
3 19 0 1 0 0 0 3000 2 7 7 8
3 20 1 0 0 1 0 3000 1 8 8 7
3 21 0 0 0 0 1 431 3 6 6 8
3 22 0 1 0 0 0 3000 2 5 5 6
3 23 1 1 1 0 0 295 1 6 6 5
3 24 0 1 0 0 0 3000 3 1 1 6
3 25 0 0 0 0 1 379 3 1 1 1
