1 1 0 1 0 0 0 3000 2 8 8 0
1 2 0 1 0 0 0 3000 3 10 10 8
1 3 1 1 1 0 0 740 1 8 8 10
1 4 1 1 1 0 0 802 1 10 10 8
1 5 0 1 0 0 0 3000 2 7 7 10
1 6 0 1 0 0 0 3000 3 3 3 7
1 7 0 1 0 0 0 3000 2 4 4 3
1 8 0 1 0 0 0 3000 3 1 1 4
1 9 1 1 1 0 0 662 1 4 4 1
1 10 0 1 0 0 0 3000 3 8 8 4
1 11 0 1 0 0 0 3000 2 8 8 8
1 12 0 1 0 0 0 3000 2 10 10 8
1 13 0 1 0 0 0 3000 2 12 12 10
1 14 1 1 1 0 0 432 1 10 10 12
1 15 1 1 1 0 0 764 1 12 12 10
1 16 0 1 0 0 0 3000 3 14 14 12
1 17 1 1 1 0 0 755 1 12 12 14
1 18 0 1 0 0 0 3000 3 5 5 12
1 19 0 1 0 0 0 3000 2 7 7 5
1 20 0 1 0 0 0 3000 3 8 8 7
1 21 0 1 0 0 0 3000 2 12 12 8
1 22 0 1 0 0 0 3000 2 7 7 12
1 23 0 1 0 0 0 3000 3 13 13 7
1 24 0 1 0 0 0 3000 3 13 13 13
1 25 0 1 0 0 0 3000 2 7 7 13
2 1 0 1 0 0 0 3000 2 1 1 7
2 2 0 1 0 0 0 3000 1 14 14 1
2 3 0 1 0 0 0 3000 2 13 13 14
2 4 1 1 1 0 0 1786 1 14 14 13
2 5 0 1 0 0 0 3000 2 1 1 14
2 6 1 1 1 0 0 1129 1 14 14 1
2 7 1 1 1 0 0 989 1 1 1 14
2 8 0 1 0 0 0 3000 2 2 2 1
2 9 1 1 1 0 0 585 1 1 1 2
2 10 0 1 0 0 0 3000 2 7 7 1
2 11 0 0 0 0 1 1540 3 2 2 7
2 12 0 1 0 0 0 3000 3 13 13 2
2 13 1 1 1 0 0 535 1 2 2 13
2 14 0 1 0 0 0 3000 3 6 6 2
2 15 0 1 0 0 0 3000 3 7 7 6
2 16 0 1 0 0 0 3000 2 9 9 7
2 17 0 1 0 0 0 3000 2 13 13 9
2 18 0 1 0 0 0 3000 3 8 8 13
2 19 1 1 1 0 0 1260 1 13 13 8
2 20 0 1 0 0 0 3000 3 10 10 13
2 21 0 1 0 0 0 3000 2 11 11 10
2 22 0 1 0 0 0 3000 3 15 15 11
2 23 0 1 0 0 0 3000 2 7 7 15
2 24 0 1 0 0 0 3000 3 14 14 7
2 25 1 1 1 0 0 1070 1 7 7 14
3 1 0 1 0 0 0 3000 3 2 2 7
3 2 0 1 0 0 0 3000 1 10 10 2
3 3 0 1 0 0 0 3000 2 12 12 10
3 4 0 1 0 0 0 3000 3 15 15 12
3 5 0 1 0 0 0 3000 3 3 3 15
3 6 1 1 1 0 0 678 1 15 15 3
3 7 1 1 1 0 0 899 1 3 3 15
3 8 0 1 0 0 0 3000 3 1 1 3
3 9 1 1 1 0 0 1173 1 3 3 1
3 10 0 1 0 0 0 3000 2 13 13 3
3 11 1 1 1 0 0 1519 1 3 3 13
3 12 1 1 1 0 0 1827 1 13 13 3
3 13 0 1 0 0 0 3000 2 11 11 13
3 14 0 1 0 0 0 3000 2 3 3 11
3 15 0 1 0 0 0 3000 3 10 10 3
3 16 0 1 0 0 0 3000 3 10 10 10
3 17 0 1 0 0 0 3000 3 15 15 10
3 18 0 1 0 0 0 3000 3 14 14 15
3 19 0 1 0 0 0 3000 2 3 3 14
3 20 0 1 0 0 0 3000 2 7 7 3
3 21 0 1 0 0 0 3000 3 6 6 7
3 22 0 1 0 0 0 3000 3 4 4 6
3 23 1 1 1 0 0 1665 1 6 6 4
3 24 0 1 0 0 0 3000 3 15 15 6
3 25 0 1 0 0 0 3000 2 11 11 15
