1 1 0 1 0 0 0 3000 2 14 14 0
1 2 0 1 0 0 0 3000 2 13 13 14
1 3 0 1 0 0 0 3000 3 15 15 13
1 4 0 1 0 0 0 3000 2 4 4 15
1 5 1 1 1 0 0 347 1 15 15 4
1 6 0 1 0 0 0 3000 3 13 13 15
1 7 0 1 0 0 0 3000 2 1 1 13
1 8 0 1 0 0 0 3000 2 14 14 1
1 9 0 1 0 0 0 3000 3 12 12 14
1 10 0 1 0 0 0 3000 3 15 15 12
1 11 1 0 0 1 0 3000 1 12 12 15
1 12 0 1 0 0 0 3000 3 1 1 12
1 13 0 1 0 0 0 3000 2 2 2 1
1 14 0 1 0 0 0 3000 2 9 9 2
1 15 0 1 0 0 0 3000 2 14 14 9
1 16 0 1 0 0 0 3000 3 3 3 14
1 17 1 1 1 0 0 1250 1 14 14 3
1 18 0 1 0 0 0 3000 3 1 1 14
1 19 0 1 0 0 0 3000 3 5 5 1
1 20 1 1 1 0 0 860 1 1 1 5
1 21 0 1 0 0 0 3000 3 9 9 1
1 22 1 1 1 0 0 486 1 1 1 9
1 23 1 0 0 1 0 3000 1 9 9 1
1 24 0 1 0 0 0 3000 3 13 13 9
1 25 1 1 1 0 0 1466 1 9 9 13
2 1 0 1 0 0 0 3000 1 7 7 9
2 2 0 1 0 0 0 3000 2 2 2 7
2 3 1 1 1 0 0 432 1 7 7 2
2 4 1 0 0 1 0 3000 1 2 2 7
2 5 0 1 0 0 0 3000 2 8 8 2
2 6 1 1 1 0 0 346 1 2 2 8
2 7 1 0 0 1 0 3000 1 8 8 2
2 8 0 1 0 0 0 3000 3 12 12 8
2 9 1 1 1 0 0 741 1 8 8 12
2 10 1 0 0 1 0 3000 1 12 12 8
2 11 0 1 0 0 0 3000 3 3 3 12
2 12 1 1 1 0 0 561 1 12 12 3
2 13 0 1 0 0 0 3000 3 4 4 12
2 14 0 1 0 0 0 3000 3 5 5 4
2 15 0 1 0 0 0 3000 2 3 3 5
2 16 0 1 0 0 0 3000 2 14 14 3
2 17 1 1 1 0 0 750 1 3 3 14
2 18 0 1 0 0 0 3000 2 2 2 3
2 19 0 1 0 0 0 3000 2 11 11 2
2 20 0 1 0 0 0 3000 3 12 12 11
2 21 0 1 0 0 0 3000 3 15 15 12
2 22 0 1 0 0 0 3000 3 14 14 15
2 23 0 1 0 0 0 3000 2 10 10 14
2 24 1 1 1 0 0 479 1 14 14 10
2 25 0 1 0 0 0 3000 3 3 3 14
3 1 0 1 0 0 0 3000 2 5 5 3
3 2 0 1 0 0 0 3000 1 12 12 5
3 3 0 1 0 0 0 3000 2 11 11 12
3 4 1 1 1 0 0 1374 1 12 12 11
3 5 1 0 0 1 0 3000 1 11 11 12
3 6 0 1 0 0 0 3000 2 4 4 11
3 7 0 1 0 0 0 3000 2 10 10 4
3 8 0 0 0 0 1 1445 3 11 11 10
3 9 0 1 0 0 0 3000 3 13 13 11
3 10 1 1 1 0 0 1523 1 11 11 13
3 11 0 1 0 0 0 3000 2 15 15 11
3 12 1 1 1 0 0 575 1 11 11 15
3 13 0 1 0 0 0 3000 3 1 1 11
3 14 1 1 1 0 0 501 1 11 11 1
3 15 0 1 0 0 0 3000 2 5 5 11
3 16 1 0 0 1 0 3000 1 11 11 5
3 17 0 0 0 0 1 547 3 11 11 11
3 18 0 1 0 0 0 3000 3 4 4 11
3 19 0 1 0 0 0 3000 2 1 1 4
3 20 0 1 0 0 0 3000 3 1 1 1
3 21 0 1 0 0 0 3000 3 6 6 1
3 22 0 1 0 0 0 3000 3 2 2 6
3 23 1 1 1 0 0 301 1 6 6 2
3 24 0 1 0 0 0 3000 2 4 4 6
3 25 1 1 1 0 0 441 1 6 6 4
