1 1 0 0 0 0 1 2446 2 5 5 0
1 2 0 1 0 0 0 3000 3 15 15 5
1 3 0 0 0 0 1 343 2 11 11 15
1 4 0 1 0 0 0 3000 2 11 11 11
1 5 0 1 0 0 0 3000 2 14 14 11
1 6 0 0 0 0 1 1318 2 5 5 14
1 7 0 1 0 0 0 3000 2 7 7 5
1 8 0 1 0 0 0 3000 3 4 4 7
1 9 1 0 0 1 0 3000 1 7 7 4
1 10 0 0 0 0 1 890 3 2 2 7
1 11 1 0 0 1 0 3000 1 7 7 2
1 12 0 1 0 0 0 3000 2 6 6 7
1 13 0 1 0 0 0 3000 2 11 11 6
1 14 1 1 1 0 0 792 1 6 6 11
1 15 1 0 0 1 0 3000 1 11 11 6
1 16 0 0 0 0 1 514 2 4 4 11
1 17 0 1 0 0 0 3000 2 5 5 4
1 18 0 1 0 0 0 3000 3 12 12 5
1 19 0 1 0 0 0 3000 3 9 9 12
1 20 1 0 0 1 0 3000 1 12 12 9
1 21 0 1 0 0 0 3000 2 14 14 12
1 22 0 1 0 0 0 3000 2 13 13 14
1 23 0 1 0 0 0 3000 3 15 15 13
1 24 1 1 1 0 0 946 1 13 13 15
1 25 0 1 0 0 0 3000 2 7 7 13
2 1 0 1 0 0 0 3000 3 12 12 7
2 2 0 1 0 0 0 3000 2 15 15 12
2 3 0 1 0 0 0 3000 3 11 11 15
2 4 1 0 0 1 0 3000 1 15 15 11
2 5 0 1 0 0 0 3000 2 4 4 15
2 6 0 1 0 0 0 3000 2 6 6 4
2 7 0 1 0 0 0 3000 2 15 15 6
2 8 1 1 1 0 0 677 1 6 6 15
2 9 0 1 0 0 0 3000 2 11 11 6
2 10 0 1 0 0 0 3000 2 3 3 11
2 11 0 1 0 0 0 3000 3 9 9 3
2 12 1 0 0 1 0 3000 1 3 3 9
2 13 0 1 0 0 0 3000 2 1 1 3
2 14 0 0 0 0 1 1567 3 1 1 1
2 15 0 1 0 0 0 3000 3 2 2 1
2 16 1 0 0 1 0 3000 1 1 1 2
2 17 0 0 0 0 1 1980 2 9 9 1
2 18 0 1 0 0 0 3000 2 5 5 9
2 19 0 1 0 0 0 3000 3 6 6 5
2 20 1 1 1 0 0 365 1 5 5 6
2 21 0 1 0 0 0 3000 2 5 5 5
2 22 0 1 0 0 0 3000 2 13 13 5
2 23 1 1 1 0 0 415 1 5 5 13
2 24 0 1 0 0 0 3000 2 15 15 5
2 25 0 1 0 0 0 3000 3 13 13 15
3 1 0 1 0 0 0 3000 2 6 6 13
3 2 0 1 0 0 0 3000 1 4 4 6
3 3 1 1 1 0 0 336 1 6 6 4
3 4 0 1 0 0 0 3000 2 12 12 6
3 5 0 1 0 0 0 3000 3 10 10 12
3 6 0 1 0 0 0 3000 3 4 4 10
3 7 1 0 0 1 0 3000 1 10 10 4
3 8 1 0 0 1 0 3000 1 4 4 10
3 9 1 1 1 0 0 417 1 10 10 4
3 10 0 1 0 0 0 3000 2 9 9 10
3 11 0 1 0 0 0 3000 2 7 7 9
3 12 0 1 0 0 0 3000 2 4 4 7
3 13 0 1 0 0 0 3000 2 5 5 4
3 14 1 0 0 1 0 3000 1 4 4 5
3 15 1 1 1 0 0 365 1 5 5 4
3 16 1 0 0 1 0 3000 1 4 4 5
3 17 1 0 0 1 0 3000 1 5 5 4
3 18 1 1 1 0 0 374 1 4 4 5
3 19 1 0 0 1 0 3000 1 5 5 4
3 20 0 1 0 0 0 3000 3 1 1 5
3 21 1 1 1 0 0 402 1 5 5 1
3 22 0 1 0 0 0 3000 2 5 5 5
3 23 0 1 0 0 0 3000 2 2 2 5
3 24 0 1 0 0 0 3000 2 2 2 2
3 25 0 1 0 0 0 3000 3 8 8 2
