1 1 0 1 0 0 0 3000 2 5 5 0
1 2 0 1 0 0 0 3000 2 13 13 5
1 3 0 1 0 0 0 3000 3 11 11 13
1 4 0 1 0 0 0 3000 3 2 2 11
1 5 0 1 0 0 0 3000 2 5 5 2
1 6 0 0 0 0 1 1059 2 6 6 5
1 7 0 1 0 0 0 3000 3 3 3 6
1 8 0 1 0 0 0 3000 3 8 8 3
1 9 0 1 0 0 0 3000 3 5 5 8
1 10 1 1 1 0 0 759 1 8 8 5
1 11 0 1 0 0 0 3000 2 3 3 8
1 12 0 1 0 0 0 3000 3 11 11 3
1 13 1 1 1 0 0 659 1 3 3 11
1 14 1 1 1 0 0 480 1 11 11 3
1 15 0 1 0 0 0 3000 3 2 2 11
1 16 1 0 0 1 0 3000 1 11 11 2
1 17 0 1 0 0 0 3000 2 10 10 11
1 18 0 1 0 0 0 3000 2 13 13 10
1 19 0 1 0 0 0 3000 2 12 12 13
1 20 1 1 1 0 0 449 1 13 13 12
1 21 0 1 0 0 0 3000 2 8 8 13
1 22 0 1 0 0 0 3000 2 4 4 8
1 23 0 1 0 0 0 3000 2 2 2 4
1 24 0 1 0 0 0 3000 3 13 13 2
1 25 0 0 0 0 1 542 2 13 13 13
2 1 0 1 0 0 0 3000 2 12 12 13
2 2 0 1 0 0 0 3000 1 10 10 12
2 3 1 1 1 0 0 1189 1 12 12 10
2 4 0 1 0 0 0 3000 2 2 2 12
2 5 0 1 0 0 0 3000 3 7 7 2
2 6 1 1 1 0 0 372 1 2 2 7
2 7 0 1 0 0 0 3000 2 3 3 2
2 8 1 0 0 1 0 3000 1 2 2 3
2 9 1 1 1 0 0 370 1 3 3 2
2 10 0 1 0 0 0 3000 3 12 12 3
2 11 0 0 0 0 1 437 2 2 2 12
2 12 1 0 0 1 0 3000 1 12 12 2
2 13 0 1 0 0 0 3000 3 4 4 12
2 14 1 1 1 0 0 410 1 12 12 4
2 15 0 1 0 0 0 3000 3 9 9 12
2 16 1 0 0 1 0 3000 1 12 12 9
2 17 1 1 1 0 0 381 1 9 9 12
2 18 0 1 0 0 0 3000 2 14 14 9
2 19 1 0 0 1 0 3000 1 9 9 14
2 20 0 1 0 0 0 3000 2 11 11 9
2 21 0 1 0 0 0 3000 2 13 13 11
2 22 1 1 1 0 0 498 1 11 11 13
2 23 1 0 0 1 0 3000 1 13 13 11
2 24 0 1 0 0 0 3000 2 2 2 13
2 25 0 1 0 0 0 3000 3 7 7 2
3 1 0 1 0 0 0 3000 1 11 11 7
3 2 0 1 0 0 0 3000 2 1 1 11
3 3 0 1 0 0 0 3000 3 5 5 1
3 4 0 1 0 0 0 3000 2 12 12 5
3 5 0 1 0 0 0 3000 3 10 10 12
3 6 1 1 1 0 0 376 1 12 12 10
3 7 0 1 0 0 0 3000 3 7 7 12
3 8 0 1 0 0 0 3000 3 11 11 7
3 9 1 1 1 0 0 468 1 7 7 11
3 10 0 1 0 0 0 3000 3 1 1 7
3 11 0 1 0 0 0 3000 3 3 3 1
3 12 1 1 1 0 0 719 1 1 1 3
3 13 0 1 0 0 0 3000 2 10 10 1
3 14 0 1 0 0 0 3000 2 15 15 10
3 15 0 1 0 0 0 3000 3 12 12 15
3 16 0 1 0 0 0 3000 2 3 3 12
3 17 1 1 1 0 0 399 1 12 12 3
3 18 0 1 0 0 0 3000 2 12 12 12
3 19 0 1 0 0 0 3000 2 2 2 12
3 20 0 0 0 0 1 551 3 6 6 2
3 21 1 0 0 1 0 3000 1 2 2 6
3 22 0 1 0 0 0 3000 2 5 5 2
3 23 1 1 1 0 0 456 1 2 2 5
3 24 0 1 0 0 0 3000 3 11 11 2
3 25 0 1 0 0 0 3000 2 13 13 11
