1 1 0 1 0 0 0 3000 3 11 11 0
1 2 0 0 0 0 1 1236 2 14 14 11
1 3 0 1 0 0 0 3000 2 8 8 14
1 4 0 1 0 0 0 3000 3 5 5 8
1 5 0 0 0 0 1 583 3 7 7 5
1 6 0 1 0 0 0 3000 3 1 1 7
1 7 1 0 0 1 0 3000 1 7 7 1
1 8 0 1 0 0 0 3000 3 5 5 7
1 9 0 1 0 0 0 3000 3 6 6 5
1 10 1 1 1 0 0 597 1 5 5 6
1 11 1 0 0 1 0 3000 1 6 6 5
1 12 1 1 1 0 0 460 1 5 5 6
1 13 1 0 0 1 0 3000 1 6 6 5
1 14 1 0 0 1 0 3000 1 5 5 6
1 15 0 1 0 0 0 3000 3 12 12 5
1 16 1 1 1 0 0 741 1 5 5 12
1 17 0 1 0 0 0 3000 2 13 13 5
1 18 0 1 0 0 0 3000 3 3 3 13
1 19 0 1 0 0 0 3000 3 1 1 3
1 20 0 1 0 0 0 3000 3 13 13 1
1 21 0 1 0 0 0 3000 2 4 4 13
1 22 0 1 0 0 0 3000 2 2 2 4
1 23 1 1 1 0 0 588 1 4 4 2
1 24 0 1 0 0 0 3000 2 1 1 4
1 25 1 0 0 1 0 3000 1 4 4 1
2 1 0 1 0 0 0 3000 2 6 6 4
2 2 0 1 0 0 0 3000 2 2 2 6
2 3 0 1 0 0 0 3000 2 13 13 2
2 4 1 1 1 0 0 432 1 2 2 13
2 5 1 1 1 0 0 610 1 13 13 2
2 6 0 1 0 0 0 3000 3 3 3 13
2 7 1 1 1 0 0 381 1 13 13 3
2 8 1 1 1 0 0 568 1 3 3 13
2 9 1 0 0 1 0 3000 1 13 13 3
2 10 1 1 1 0 0 583 1 3 3 13
2 11 1 0 0 1 0 3000 1 13 13 3
2 12 1 1 1 0 0 503 1 3 3 13
2 13 1 0 0 1 0 3000 1 13 13 3
2 14 0 0 0 0 1 371 2 13 13 13
2 15 0 1 0 0 0 3000 2 9 9 13
2 16 0 0 0 0 1 545 3 5 5 9
2 17 0 1 0 0 0 3000 2 10 10 5
2 18 0 1 0 0 0 3000 3 15 15 10
2 19 0 1 0 0 0 3000 3 5 5 15
2 20 0 1 0 0 0 3000 3 12 12 5
2 21 0 1 0 0 0 3000 3 9 9 12
2 22 0 1 0 0 0 3000 3 6 6 9
2 23 1 0 0 1 0 3000 1 9 9 6
2 24 0 1 0 0 0 3000 2 7 7 9
2 25 1 1 1 0 0 394 1 9 9 7
3 1 0 1 0 0 0 3000 1 10 10 9
3 2 0 1 0 0 0 3000 1 15 15 10
3 3 0 1 0 0 0 3000 3 7 7 15
3 4 1 1 1 0 0 607 1 15 15 7
3 5 0 1 0 0 0 3000 2 13 13 15
3 6 0 1 0 0 0 3000 2 4 4 13
3 7 0 1 0 0 0 3000 2 8 8 4
3 8 1 1 1 0 0 446 1 4 4 8
3 9 1 0 0 1 0 3000 1 8 8 4
3 10 0 1 0 0 0 3000 3 14 14 8
3 11 0 1 0 0 0 3000 3 6 6 14
3 12 0 1 0 0 0 3000 2 11 11 6
3 13 1 0 0 1 0 3000 1 6 6 11
3 14 0 1 0 0 0 3000 3 3 3 6
3 15 1 0 0 1 0 3000 1 6 6 3
3 16 1 0 0 1 0 3000 1 3 3 6
3 17 0 1 0 0 0 3000 2 1 1 3
3 18 1 1 1 0 0 293 1 3 3 1
3 19 0 1 0 0 0 3000 3 8 8 3
3 20 0 1 0 0 0 3000 3 2 2 8
3 21 0 1 0 0 0 3000 2 9 9 2
3 22 1 1 1 0 0 678 1 2 2 9
3 23 0 1 0 0 0 3000 3 6 6 2
3 24 0 1 0 0 0 3000 3 13 13 6
3 25 0 1 0 0 0 3000 2 7 7 13
