1 1 0 1 0 0 0 3000 3 13 13 0
1 2 0 1 0 0 0 3000 2 9 9 13
1 3 1 1 1 0 0 781 1 13 13 9
1 4 1 0 0 1 0 3000 1 9 9 13
1 5 0 1 0 0 0 3000 2 15 15 9
1 6 0 1 0 0 0 3000 2 4 4 15
1 7 0 0 0 0 1 476 2 9 9 4
1 8 1 0 0 1 0 3000 1 4 4 9
1 9 1 1 1 0 0 357 1 9 9 4
1 10 0 1 0 0 0 3000 2 14 14 9
1 11 1 1 1 0 0 623 1 9 9 14
1 12 1 1 1 0 0 940 1 14 14 9
1 13 0 1 0 0 0 3000 2 10 10 14
1 14 0 0 0 0 1 505 2 13 13 10
1 15 0 1 0 0 0 3000 2 14 14 13
1 16 0 1 0 0 0 3000 2 4 4 14
1 17 0 1 0 0 0 3000 3 9 9 4
1 18 0 1 0 0 0 3000 2 12 12 9
1 19 0 0 0 0 1 600 3 4 4 12
1 20 0 1 0 0 0 3000 3 3 3 4
1 21 0 1 0 0 0 3000 2 14 14 3
1 22 0 1 0 0 0 3000 3 10 10 14
1 23 0 1 0 0 0 3000 2 11 11 10
1 24 0 1 0 0 0 3000 3 13 13 11
1 25 0 1 0 0 0 3000 3 10 10 13
2 1 0 1 0 0 0 3000 1 8 8 10
2 2 0 1 0 0 0 3000 1 2 2 8
2 3 1 1 1 0 0 958 1 8 8 2
2 4 1 1 1 0 0 491 1 2 2 8
2 5 0 1 0 0 0 3000 2 1 1 2
2 6 0 1 0 0 0 3000 2 10 10 1
2 7 1 1 1 0 0 385 1 1 1 10
2 8 1 1 1 0 0 379 1 10 10 1
2 9 0 1 0 0 0 3000 2 11 11 10
2 10 0 1 0 0 0 3000 2 8 8 11
2 11 0 1 0 0 0 3000 2 3 3 8
2 12 0 1 0 0 0 3000 3 3 3 3
2 13 0 1 0 0 0 3000 3 2 2 3
2 14 0 1 0 0 0 3000 3 6 6 2
2 15 0 1 0 0 0 3000 2 10 10 6
2 16 0 1 0 0 0 3000 3 15 15 10
2 17 0 1 0 0 0 3000 3 13 13 15
2 18 0 1 0 0 0 3000 3 10 10 13
2 19 1 1 1 0 0 521 1 13 13 10
2 20 0 1 0 0 0 3000 3 9 9 13
2 21 0 1 0 0 0 3000 3 2 2 9
2 22 1 1 1 0 0 457 1 9 9 2
2 23 0 1 0 0 0 3000 3 1 1 9
2 24 0 1 0 0 0 3000 2 13 13 1
2 25 0 1 0 0 0 3000 2 4 4 13
3 1 0 1 0 0 0 3000 2 9 9 4
3 2 0 1 0 0 0 3000 1 11 11 9
3 3 0 1 0 0 0 3000 3 14 14 11
3 4 1 1 1 0 0 341 1 11 11 14
3 5 1 1 1 0 0 460 1 14 14 11
3 6 0 1 0 0 0 3000 3 1 1 14
3 7 0 1 0 0 0 3000 2 5 5 1
3 8 0 1 0 0 0 3000 2 8 8 5
3 9 1 1 1 0 0 419 1 5 5 8
3 10 0 1 0 0 0 3000 2 3 3 5
3 11 0 1 0 0 0 3000 2 2 2 3
3 12 1 1 1 0 0 482 1 3 3 2
3 13 0 1 0 0 0 3000 3 12 12 3
3 14 0 1 0 0 0 3000 3 4 4 12
3 15 0 1 0 0 0 3000 2 15 15 4
3 16 0 1 0 0 0 3000 2 5 5 15
3 17 1 1 1 0 0 518 1 15 15 5
3 18 0 1 0 0 0 3000 2 11 11 15
3 19 1 0 0 1 0 3000 1 15 15 11
3 20 0 1 0 0 0 3000 2 10 10 15
3 21 0 1 0 0 0 3000 3 14 14 10
3 22 1 1 1 0 0 555 1 10 10 14
3 23 0 1 0 0 0 3000 2 7 7 10
3 24 0 1 0 0 0 3000 3 11 11 7
3 25 0 1 0 0 0 3000 2 1 1 11
