1 1 0 1 0 0 0 3000 1 14 14 0
1 2 0 1 0 0 0 3000 1 3 3 14
1 3 0 1 0 0 0 3000 3 13 13 3
1 4 1 0 0 1 0 3000 1 3 3 13
1 5 1 0 0 1 0 3000 1 13 13 3
1 6 1 0 0 1 0 3000 1 3 3 13
1 7 0 0 0 0 1 560 2 10 10 3
1 8 1 0 0 1 0 3000 1 3 3 10
1 9 0 1 0 0 0 3000 2 14 14 3
1 10 1 1 1 0 0 1850 1 3 3 14
1 11 0 1 0 0 0 3000 2 1 1 3
1 12 1 0 0 1 0 3000 1 3 3 1
1 13 1 1 1 0 0 345 1 1 1 3
1 14 1 0 0 1 0 3000 1 3 3 1
1 15 0 1 0 0 0 3000 2 11 11 3
1 16 0 1 0 0 0 3000 2 9 9 11
1 17 1 0 0 1 0 3000 1 11 11 9
1 18 1 0 0 1 0 3000 1 9 9 11
1 19 1 1 1 0 0 328 1 11 11 9
1 20 0 1 0 0 0 3000 3 6 6 11
1 21 0 1 0 0 0 3000 3 9 9 6
1 22 0 1 0 0 0 3000 2 7 7 9
1 23 1 0 0 1 0 3000 1 9 9 7
1 24 1 0 0 1 0 3000 1 7 7 9
1 25 0 0 0 0 1 272 2 7 7 7
2 1 0 1 0 0 0 3000 2 14 14 7
2 2 0 1 0 0 0 3000 2 14 14 14
2 3 0 1 0 0 0 3000 2 5 5 14
2 4 0 1 0 0 0 3000 2 9 9 5
2 5 0 1 0 0 0 3000 3 12 12 9
2 6 0 1 0 0 0 3000 3 11 11 12
2 7 1 0 0 1 0 3000 1 12 12 11
2 8 0 1 0 0 0 3000 3 7 7 12
2 9 0 0 0 0 1 360 2 6 6 7
2 10 0 1 0 0 0 3000 2 8 8 6
2 11 0 0 0 0 1 1012 2 7 7 8
2 12 1 0 0 1 0 3000 1 8 8 7
2 13 0 1 0 0 0 3000 3 3 3 8
2 14 0 1 0 0 0 3000 3 5 5 3
2 15 0 0 0 0 1 629 2 5 5 5
2 16 1 0 0 1 0 3000 1 5 5 5
2 17 1 0 0 1 0 3000 1 5 5 5
2 18 0 1 0 0 0 3000 2 7 7 5
2 19 0 1 0 0 0 3000 2 10 10 7
2 20 1 1 1 0 0 719 1 7 7 10
2 21 0 1 0 0 0 3000 2 5 5 7
2 22 1 0 0 1 0 3000 1 7 7 5
2 23 0 1 0 0 0 3000 3 11 11 7
2 24 0 1 0 0 0 3000 2 11 11 11
2 25 0 1 0 0 0 3000 3 8 8 11
3 1 0 1 0 0 0 3000 2 14 14 8
3 2 0 1 0 0 0 3000 2 13 13 14
3 3 0 1 0 0 0 3000 3 8 8 13
3 4 0 1 0 0 0 3000 2 3 3 8
3 5 1 1 1 0 0 397 1 8 8 3
3 6 0 1 0 0 0 3000 3 12 12 8
3 7 0 0 0 0 1 641 2 3 3 12
3 8 1 1 1 0 0 1191 1 12 12 3
3 9 1 0 0 1 0 3000 1 3 3 12
3 10 1 1 1 0 0 751 1 12 12 3
3 11 1 0 0 1 0 3000 1 3 3 12
3 12 0 1 0 0 0 3000 2 6 6 3
3 13 1 1 1 0 0 401 1 3 3 6
3 14 1 1 1 0 0 1424 1 6 6 3
3 15 0 1 0 0 0 3000 2 15 15 6
3 16 0 1 0 0 0 3000 3 7 7 15
3 17 0 1 0 0 0 3000 3 5 5 7
3 18 0 1 0 0 0 3000 2 5 5 5
3 19 0 1 0 0 0 3000 2 12 12 5
3 20 0 1 0 0 0 3000 3 8 8 12
3 21 0 1 0 0 0 3000 3 8 8 8
3 22 0 1 0 0 0 3000 2 11 11 8
3 23 0 0 0 0 1 618 3 7 7 11
3 24 1 1 1 0 0 1480 1 11 11 7
3 25 0 1 0 0 0 3000 3 9 9 11
