1 1 0 1 0 0 0 3000 2 7 7 0
1 2 0 0 0 0 1 2242 1 13 13 7
1 3 0 1 0 0 0 3000 3 4 4 13
1 4 0 1 0 0 0 3000 3 14 14 4
1 5 0 0 0 0 1 582 3 6 6 14
1 6 1 1 1 0 0 1046 1 14 14 6
1 7 0 1 0 0 0 3000 3 1 1 14
1 8 0 0 0 0 1 1502 2 1 1 1
1 9 1 0 0 1 0 3000 1 1 1 1
1 10 1 0 0 1 0 3000 1 1 1 1
1 11 0 1 0 0 0 3000 2 3 3 1
1 12 0 1 0 0 0 3000 3 8 8 3
1 13 0 1 0 0 0 3000 2 2 2 8
1 14 0 1 0 0 0 3000 2 15 15 2
1 15 1 1 1 0 0 1305 1 2 2 15
1 16 1 1 1 0 0 1422 1 15 15 2
1 17 0 1 0 0 0 3000 2 12 12 15
1 18 0 1 0 0 0 3000 3 1 1 12
1 19 0 1 0 0 0 3000 2 5 5 1
1 20 0 0 0 0 1 1028 2 5 5 5
1 21 0 1 0 0 0 3000 3 1 1 5
1 22 1 1 1 0 0 1733 1 5 5 1
1 23 0 1 0 0 0 3000 2 9 9 5
1 24 1 1 1 0 0 2060 1 5 5 9
1 25 0 1 0 0 0 3000 3 13 13 5
2 1 0 1 0 0 0 3000 2 2 2 13
2 2 0 1 0 0 0 3000 2 1 1 2
2 3 0 1 0 0 0 3000 2 7 7 1
2 4 1 1 1 0 0 835 1 1 1 7
2 5 1 1 1 0 0 872 1 7 7 1
2 6 0 1 0 0 0 3000 3 8 8 7
2 7 1 1 1 0 0 515 1 7 7 8
2 8 0 1 0 0 0 3000 3 6 6 7
2 9 1 1 1 0 0 941 1 7 7 6
2 10 0 1 0 0 0 3000 2 14 14 7
2 11 0 0 0 0 1 961 3 6 6 14
2 12 1 1 1 0 0 1250 1 14 14 6
2 13 0 1 0 0 0 3000 2 11 11 14
2 14 0 1 0 0 0 3000 2 1 1 11
2 15 0 1 0 0 0 3000 3 2 2 1
2 16 0 1 0 0 0 3000 3 14 14 2
2 17 1 0 0 1 0 3000 1 2 2 14
2 18 0 1 0 0 0 3000 3 9 9 2
2 19 0 0 0 0 1 976 2 9 9 9
2 20 0 1 0 0 0 3000 2 6 6 9
2 21 1 1 1 0 0 811 1 9 9 6
2 22 0 1 0 0 0 3000 2 3 3 9
2 23 0 1 0 0 0 3000 3 11 11 3
2 24 0 1 0 0 0 3000 3 2 2 11
2 25 1 1 1 0 0 515 1 11 11 2
3 1 0 1 0 0 0 3000 2 15 15 11
3 2 0 1 0 0 0 3000 2 8 8 15
3 3 0 0 0 0 1 499 2 13 13 8
3 4 0 1 0 0 0 3000 2 10 10 13
3 5 0 1 0 0 0 3000 3 4 4 10
3 6 0 1 0 0 0 3000 2 6 6 4
3 7 0 1 0 0 0 3000 3 7 7 6
3 8 0 1 0 0 0 3000 3 3 3 7
3 9 0 1 0 0 0 3000 3 1 1 3
3 10 0 0 0 0 1 735 3 4 4 1
3 11 0 1 0 0 0 3000 3 2 2 4
3 12 0 1 0 0 0 3000 3 9 9 2
3 13 0 1 0 0 0 3000 3 15 15 9
3 14 0 1 0 0 0 3000 3 2 2 15
3 15 1 1 1 0 0 565 1 15 15 2
3 16 1 0 0 1 0 3000 1 2 2 15
3 17 0 1 0 0 0 3000 2 11 11 2
3 18 0 1 0 0 0 3000 2 9 9 11
3 19 0 1 0 0 0 3000 3 12 12 9
3 20 0 1 0 0 0 3000 2 13 13 12
3 21 0 0 0 0 1 656 3 9 9 13
3 22 0 1 0 0 0 3000 2 5 5 9
3 23 0 1 0 0 0 3000 2 10 10 5
3 24 1 1 1 0 0 554 1 5 5 10
3 25 1 1 1 0 0 726 1 10 10 5
