1 1 0 1 0 0 0 3000 1 3 3 0
1 2 0 1 0 0 0 3000 1 14 14 3
1 3 1 1 1 0 0 602 1 3 3 14
1 4 1 0 0 1 0 3000 1 14 14 3
1 5 0 1 0 0 0 3000 3 11 11 14
1 6 0 1 0 0 0 3000 2 5 5 11
1 7 1 1 1 0 0 499 1 11 11 5
1 8 1 1 1 0 0 501 1 5 5 11
1 9 0 1 0 0 0 3000 3 10 10 5
1 10 1 0 0 1 0 3000 1 5 5 10
1 11 0 1 0 0 0 3000 2 1 1 5
1 12 0 1 0 0 0 3000 3 15 15 1
1 13 0 1 0 0 0 3000 3 7 7 15
1 14 1 1 1 0 0 682 1 15 15 7
1 15 0 1 0 0 0 3000 3 4 4 15
1 16 0 1 0 0 0 3000 3 11 11 4
1 17 1 1 1 0 0 470 1 4 4 11
1 18 0 1 0 0 0 3000 3 14 14 4
1 19 0 1 0 0 0 3000 3 6 6 14
1 20 0 1 0 0 0 3000 3 1 1 6
1 21 0 1 0 0 0 3000 2 9 9 1
1 22 1 1 1 0 0 356 1 1 1 9
1 23 0 1 0 0 0 3000 3 1 1 1
1 24 0 1 0 0 0 3000 3 14 14 1
1 25 0 1 0 0 0 3000 2 6 6 14
2 1 0 1 0 0 0 3000 1 9 9 6
2 2 0 1 0 0 0 3000 3 11 11 9
2 3 0 1 0 0 0 3000 3 4 4 11
2 4 0 1 0 0 0 3000 2 15 15 4
2 5 1 1 1 0 0 481 1 4 4 15
2 6 0 1 0 0 0 3000 2 8 8 4
2 7 0 1 0 0 0 3000 2 6 6 8
2 8 0 1 0 0 0 3000 3 2 2 6
2 9 0 1 0 0 0 3000 3 8 8 2
2 10 0 1 0 0 0 3000 2 15 15 8
2 11 0 1 0 0 0 3000 3 11 11 15
2 12 0 1 0 0 0 3000 2 10 10 11
2 13 0 1 0 0 0 3000 3 8 8 10
2 14 0 1 0 0 0 3000 2 5 5 8
2 15 0 1 0 0 0 3000 2 13 13 5
2 16 1 1 1 0 0 401 1 5 5 13
2 17 0 1 0 0 0 3000 3 12 12 5
2 18 0 1 0 0 0 3000 2 15 15 12
2 19 0 1 0 0 0 3000 3 4 4 15
2 20 1 1 1 0 0 587 1 15 15 4
2 21 0 1 0 0 0 3000 2 13 13 15
2 22 0 1 0 0 0 3000 3 8 8 13
2 23 1 1 1 0 0 308 1 13 13 8
2 24 0 1 0 0 0 3000 2 4 4 13
2 25 0 1 0 0 0 3000 2 7 7 4
3 1 0 1 0 0 0 3000 3 11 11 7
3 2 0 1 0 0 0 3000 2 4 4 11
3 3 1 1 1 0 0 357 1 11 11 4
3 4 0 1 0 0 0 3000 2 3 3 11
3 5 0 1 0 0 0 3000 2 8 8 3
3 6 0 1 0 0 0 3000 3 2 2 8
3 7 0 1 0 0 0 3000 2 5 5 2
3 8 0 1 0 0 0 3000 3 10 10 5
3 9 0 1 0 0 0 3000 2 2 2 10
3 10 0 1 0 0 0 3000 3 6 6 2
3 11 0 1 0 0 0 3000 2 12 12 6
3 12 1 1 1 0 0 463 1 6 6 12
3 13 1 0 0 1 0 3000 1 12 12 6
3 14 0 1 0 0 0 3000 3 7 7 12
3 15 0 1 0 0 0 3000 2 3 3 7
3 16 0 1 0 0 0 3000 2 10 10 3
3 17 1 1 1 0 0 350 1 3 3 10
3 18 1 1 1 0 0 943 1 10 10 3
3 19 1 0 0 1 0 3000 1 3 3 10
3 20 0 0 0 0 1 143 3 12 12 3
3 21 1 0 0 1 0 3000 1 3 3 12
3 22 0 1 0 0 0 3000 2 13 13 3
3 23 0 0 0 0 1 502 2 13 13 13
3 24 0 1 0 0 0 3000 2 4 4 13
3 25 1 1 1 0 0 467 1 13 13 4
