1 1 0 1 0 0 0 3000 1 2 2 0
1 2 0 1 0 0 0 3000 2 4 4 2
1 3 0 1 0 0 0 3000 2 4 4 4
1 4 0 1 0 0 0 3000 3 5 5 4
1 5 0 1 0 0 0 3000 2 3 3 5
1 6 0 1 0 0 0 3000 2 15 15 3
1 7 1 0 0 1 0 3000 1 3 3 15
1 8 0 1 0 0 0 3000 2 10 10 3
1 9 0 1 0 0 0 3000 3 8 8 10
1 10 1 0 0 1 0 3000 1 10 10 8
1 11 0 1 0 0 0 3000 3 1 1 10
1 12 0 1 0 0 0 3000 2 7 7 1
1 13 0 0 0 0 1 989 3 5 5 7
1 14 1 0 0 1 0 3000 1 7 7 5
1 15 1 0 0 1 0 3000 1 5 5 7
1 16 0 0 0 0 1 575 3 15 15 5
1 17 0 1 0 0 0 3000 2 12 12 15
1 18 0 0 0 0 1 426 3 13 13 12
1 19 0 1 0 0 0 3000 2 2 2 13
1 20 0 1 0 0 0 3000 3 7 7 2
1 21 0 0 0 0 1 468 3 10 10 7
1 22 0 1 0 0 0 3000 2 14 14 10
1 23 0 1 0 0 0 3000 2 3 3 14
1 24 0 1 0 0 0 3000 2 1 1 3
1 25 1 1 1 0 0 465 1 3 3 1
2 1 0 1 0 0 0 3000 3 13 13 3
2 2 0 1 0 0 0 3000 2 8 8 13
2 3 1 1 1 0 0 429 1 13 13 8
2 4 0 1 0 0 0 3000 2 11 11 13
2 5 1 0 0 1 0 3000 1 13 13 11
2 6 0 1 0 0 0 3000 3 8 8 13
2 7 0 1 0 0 0 3000 2 5 5 8
2 8 0 1 0 0 0 3000 3 3 3 5
2 9 0 1 0 0 0 3000 3 7 7 3
2 10 0 1 0 0 0 3000 2 10 10 7
2 11 1 1 1 0 0 825 1 7 7 10
2 12 0 1 0 0 0 3000 3 2 2 7
2 13 0 1 0 0 0 3000 3 8 8 2
2 14 0 1 0 0 0 3000 2 14 14 8
2 15 0 1 0 0 0 3000 2 15 15 14
2 16 0 1 0 0 0 3000 3 12 12 15
2 17 0 1 0 0 0 3000 3 10 10 12
2 18 0 1 0 0 0 3000 3 14 14 10
2 19 0 1 0 0 0 3000 3 6 6 14
2 20 0 0 0 0 1 494 2 7 7 6
2 21 0 1 0 0 0 3000 3 1 1 7
2 22 1 1 1 0 0 891 1 7 7 1
2 23 0 1 0 0 0 3000 3 13 13 7
2 24 1 0 0 1 0 3000 1 7 7 13
2 25 0 1 0 0 0 3000 3 11 11 7
3 1 0 1 0 0 0 3000 1 14 14 11
3 2 0 1 0 0 0 3000 3 12 12 14
3 3 1 0 0 1 0 3000 1 14 14 12
3 4 1 1 1 0 0 17 1 12 12 14
3 5 0 1 0 0 0 3000 3 12 12 12
3 6 0 1 0 0 0 3000 3 3 3 12
3 7 0 1 0 0 0 3000 2 2 2 3
3 8 0 1 0 0 0 3000 2 8 8 2
3 9 0 0 0 0 1 481 3 10 10 8
3 10 0 1 0 0 0 3000 3 11 11 10
3 11 0 1 0 0 0 3000 3 6 6 11
3 12 0 1 0 0 0 3000 2 9 9 6
3 13 1 1 1 0 0 679 1 6 6 9
3 14 0 1 0 0 0 3000 3 8 8 6
3 15 1 0 0 1 0 3000 1 6 6 8
3 16 1 1 1 0 0 539 1 8 8 6
3 17 1 1 1 0 0 925 1 6 6 8
3 18 1 1 1 0 0 2413 1 8 8 6
3 19 0 1 0 0 0 3000 3 11 11 8
3 20 1 1 1 0 0 588 1 8 8 11
3 21 0 1 0 0 0 3000 2 1 1 8
3 22 0 0 0 0 1 311 3 10 10 1
3 23 1 0 0 1 0 3000 1 1 1 10
3 24 0 0 0 0 1 1676 3 14 14 1
3 25 1 0 0 1 0 3000 1 1 1 14
