1 1 0 1 0 0 0 3000 2 4 4 0
1 2 0 1 0 0 0 3000 1 12 12 4
1 3 0 1 0 0 0 3000 3 14 14 12
1 4 1 1 1 0 0 754 1 12 12 14
1 5 0 1 0 0 0 3000 3 12 12 12
1 6 0 1 0 0 0 3000 3 11 11 12
1 7 1 1 1 0 0 723 1 12 12 11
1 8 1 1 1 0 0 1891 1 11 11 12
1 9 0 1 0 0 0 3000 2 5 5 11
1 10 0 1 0 0 0 3000 2 5 5 5
1 11 0 1 0 0 0 3000 2 12 12 5
1 12 0 1 0 0 0 3000 3 13 13 12
1 13 1 1 1 0 0 556 1 12 12 13
1 14 0 1 0 0 0 3000 3 4 4 12
1 15 1 1 1 0 0 818 1 12 12 4
1 16 0 1 0 0 0 3000 2 15 15 12
1 17 0 1 0 0 0 3000 2 8 8 15
1 18 0 1 0 0 0 3000 3 13 13 8
1 19 0 1 0 0 0 3000 3 11 11 13
1 20 1 1 1 0 0 533 1 13 13 11
1 21 0 1 0 0 0 3000 3 2 2 13
1 22 0 1 0 0 0 3000 2 2 2 2
1 23 0 1 0 0 0 3000 3 13 13 2
1 24 1 1 1 0 0 393 1 2 2 13
1 25 0 1 0 0 0 3000 3 11 11 2
2 1 0 1 0 0 0 3000 1 9 9 11
2 2 0 1 0 0 0 3000 3 13 13 9
2 3 1 1 1 0 0 2659 1 9 9 13
2 4 0 1 0 0 0 3000 3 5 5 9
2 5 0 1 0 0 0 3000 3 11 11 5
2 6 1 1 1 0 0 384 1 5 5 11
2 7 1 1 1 0 0 892 1 11 11 5
2 8 1 0 0 1 0 3000 1 5 5 11
2 9 1 1 1 0 0 599 1 11 11 5
2 10 0 1 0 0 0 3000 3 4 4 11
2 11 0 1 0 0 0 3000 2 6 6 4
2 12 0 1 0 0 0 3000 3 1 1 6
2 13 0 1 0 0 0 3000 2 9 9 1
2 14 0 1 0 0 0 3000 2 10 10 9
2 15 1 1 1 0 0 515 1 9 9 10
2 16 0 1 0 0 0 3000 3 11 11 9
2 17 0 1 0 0 0 3000 3 15 15 11
2 18 0 1 0 0 0 3000 2 5 5 15
2 19 0 1 0 0 0 3000 3 8 8 5
2 20 1 1 1 0 0 491 1 5 5 8
2 21 0 1 0 0 0 3000 3 10 10 5
2 22 0 0 0 0 1 580 2 9 9 10
2 23 0 1 0 0 0 3000 2 9 9 9
2 24 1 1 1 0 0 1180 1 9 9 9
2 25 1 1 1 0 0 639 1 9 9 9
3 1 0 1 0 0 0 3000 2 10 10 9
3 2 0 1 0 0 0 3000 1 13 13 10
3 3 0 1 0 0 0 3000 2 2 2 13
3 4 1 1 1 0 0 385 1 13 13 2
3 5 0 1 0 0 0 3000 2 5 5 13
3 6 0 1 0 0 0 3000 3 6 6 5
3 7 0 1 0 0 0 3000 3 11 11 6
3 8 1 1 1 0 0 964 1 6 6 11
3 9 1 1 1 0 0 1590 1 11 11 6
3 10 0 1 0 0 0 3000 2 15 15 11
3 11 0 1 0 0 0 3000 2 4 4 15
3 12 0 1 0 0 0 3000 3 12 12 4
3 13 1 1 1 0 0 407 1 4 4 12
3 14 0 1 0 0 0 3000 2 7 7 4
3 15 0 1 0 0 0 3000 2 15 15 7
3 16 0 1 0 0 0 3000 2 11 11 15
3 17 0 1 0 0 0 3000 2 6 6 11
3 18 0 0 0 0 1 668 3 4 4 6
3 19 0 1 0 0 0 3000 3 2 2 4
3 20 0 1 0 0 0 3000 2 3 3 2
3 21 0 1 0 0 0 3000 2 8 8 3
3 22 0 1 0 0 0 3000 3 14 14 8
3 23 0 1 0 0 0 3000 2 9 9 14
3 24 0 1 0 0 0 3000 3 13 13 9
3 25 0 1 0 0 0 3000 2 8 8 13
