1 1 0 1 0 0 0 3000 1 11 11 0
1 2 0 1 0 0 0 3000 2 3 3 11
1 3 1 0 0 1 0 3000 1 11 11 3
1 4 0 1 0 0 0 3000 3 14 14 11
1 5 0 1 0 0 0 3000 3 3 3 14
1 6 1 0 0 1 0 3000 1 14 14 3
1 7 1 1 1 0 0 1167 1 3 3 14
1 8 0 1 0 0 0 3000 2 13 13 3
1 9 0 1 0 0 0 3000 2 9 9 13
1 10 0 1 0 0 0 3000 3 10 10 9
1 11 0 1 0 0 0 3000 3 5 5 10
1 12 1 1 1 0 0 1536 1 10 10 5
1 13 0 1 0 0 0 3000 3 2 2 10
1 14 0 1 0 0 0 3000 3 12 12 2
1 15 0 1 0 0 0 3000 3 14 14 12
1 16 1 1 1 0 0 726 1 12 12 14
1 17 0 1 0 0 0 3000 3 1 1 12
1 18 0 1 0 0 0 3000 3 6 6 1
1 19 0 1 0 0 0 3000 3 6 6 6
1 20 1 1 1 0 0 974 1 6 6 6
1 21 1 1 1 0 0 996 1 6 6 6
1 22 0 1 0 0 0 3000 3 3 3 6
1 23 0 1 0 0 0 3000 3 9 9 3
1 24 0 1 0 0 0 3000 2 12 12 9
1 25 1 1 1 0 0 867 1 9 9 12
2 1 0 1 0 0 0 3000 3 15 15 9
2 2 0 1 0 0 0 3000 2 12 12 15
2 3 0 1 0 0 0 3000 3 11 11 12
2 4 0 1 0 0 0 3000 2 8 8 11
2 5 0 1 0 0 0 3000 2 1 1 8
2 6 0 1 0 0 0 3000 3 9 9 1
2 7 0 1 0 0 0 3000 3 6 6 9
2 8 0 1 0 0 0 3000 3 5 5 6
2 9 0 1 0 0 0 3000 2 1 1 5
2 10 0 1 0 0 0 3000 3 14 14 1
2 11 1 0 0 1 0 3000 1 1 1 14
2 12 0 1 0 0 0 3000 2 2 2 1
2 13 1 1 1 0 0 1605 1 1 1 2
2 14 0 1 0 0 0 3000 2 11 11 1
2 15 1 1 1 0 0 995 1 1 1 11
2 16 1 1 1 0 0 520 1 11 11 1
2 17 1 1 1 0 0 390 1 1 1 11
2 18 1 1 1 0 0 400 1 11 11 1
2 19 1 1 1 0 0 328 1 1 1 11
2 20 1 1 1 0 0 390 1 11 11 1
2 21 0 1 0 0 0 3000 2 12 12 11
2 22 0 1 0 0 0 3000 2 6 6 12
2 23 1 1 1 0 0 392 1 12 12 6
2 24 0 1 0 0 0 3000 2 3 3 12
2 25 0 1 0 0 0 3000 2 11 11 3
3 1 0 1 0 0 0 3000 2 15 15 11
3 2 0 1 0 0 0 3000 1 2 2 15
3 3 1 1 1 0 0 372 1 15 15 2
3 4 1 1 1 0 0 412 1 2 2 15
3 5 0 1 0 0 0 3000 2 1 1 2
3 6 1 1 1 0 0 385 1 2 2 1
3 7 1 1 1 0 0 473 1 1 1 2
3 8 0 1 0 0 0 3000 3 10 10 1
3 9 0 1 0 0 0 3000 2 5 5 10
3 10 0 1 0 0 0 3000 2 4 4 5
3 11 0 1 0 0 0 3000 2 11 11 4
3 12 1 1 1 0 0 326 1 4 4 11
3 13 1 1 1 0 0 386 1 11 11 4
3 14 1 1 1 0 0 372 1 4 4 11
3 15 0 1 0 0 0 3000 2 12 12 4
3 16 0 1 0 0 0 3000 2 1 1 12
3 17 0 1 0 0 0 3000 3 13 13 1
3 18 0 1 0 0 0 3000 2 14 14 13
3 19 1 1 1 0 0 701 1 13 13 14
3 20 0 1 0 0 0 3000 3 9 9 13
3 21 1 1 1 0 0 422 1 13 13 9
3 22 0 1 0 0 0 3000 2 3 3 13
3 23 0 1 0 0 0 3000 3 8 8 3
3 24 0 1 0 0 0 3000 3 4 4 8
3 25 0 1 0 0 0 3000 2 4 4 4
