1 1 0 1 0 0 0 3000 2 8 8 0
1 2 0 1 0 0 0 3000 2 2 2 8
1 3 0 1 0 0 0 3000 3 2 2 2
1 4 0 1 0 0 0 3000 2 6 6 2
1 5 0 1 0 0 0 3000 3 10 10 6
1 6 0 1 0 0 0 3000 2 14 14 10
1 7 1 1 1 0 0 1539 1 10 10 14
1 8 0 1 0 0 0 3000 3 11 11 10
1 9 0 1 0 0 0 3000 2 6 6 11
1 10 0 1 0 0 0 3000 3 4 4 6
1 11 0 1 0 0 0 3000 2 8 8 4
1 12 1 1 1 0 0 804 1 4 4 8
1 13 0 1 0 0 0 3000 2 15 15 4
1 14 1 1 1 0 0 1050 1 4 4 15
1 15 0 1 0 0 0 3000 3 7 7 4
1 16 1 1 1 0 0 797 1 4 4 7
1 17 0 1 0 0 0 3000 2 8 8 4
1 18 0 1 0 0 0 3000 3 6 6 8
1 19 1 1 1 0 0 600 1 8 8 6
1 20 0 1 0 0 0 3000 2 2 2 8
1 21 0 1 0 0 0 3000 2 9 9 2
1 22 1 1 1 0 0 435 1 2 2 9
1 23 0 1 0 0 0 3000 3 5 5 2
1 24 0 1 0 0 0 3000 2 11 11 5
1 25 0 1 0 0 0 3000 3 9 9 11
2 1 0 1 0 0 0 3000 1 2 2 9
2 2 0 1 0 0 0 3000 2 12 12 2
2 3 1 1 1 0 0 402 1 2 2 12
2 4 1 1 1 0 0 1224 1 12 12 2
2 5 1 1 1 0 0 706 1 2 2 12
2 6 0 1 0 0 0 3000 3 8 8 2
2 7 1 1 1 0 0 414 1 2 2 8
2 8 0 1 0 0 0 3000 2 9 9 2
2 9 0 1 0 0 0 3000 2 7 7 9
2 10 0 1 0 0 0 3000 2 4 4 7
2 11 0 1 0 0 0 3000 2 6 6 4
2 12 0 1 0 0 0 3000 3 8 8 6
2 13 0 1 0 0 0 3000 3 7 7 8
2 14 0 1 0 0 0 3000 2 5 5 7
2 15 0 1 0 0 0 3000 3 4 4 5
2 16 0 1 0 0 0 3000 3 6 6 4
2 17 0 1 0 0 0 3000 2 8 8 6
2 18 0 1 0 0 0 3000 3 10 10 8
2 19 0 1 0 0 0 3000 3 6 6 10
2 20 1 1 1 0 0 641 1 10 10 6
2 21 0 1 0 0 0 3000 3 15 15 10
2 22 0 1 0 0 0 3000 3 15 15 15
2 23 0 1 0 0 0 3000 3 12 12 15
2 24 1 1 1 0 0 552 1 15 15 12
2 25 0 1 0 0 0 3000 3 4 4 15
3 1 0 1 0 0 0 3000 2 6 6 4
3 2 0 1 0 0 0 3000 1 11 11 6
3 3 0 1 0 0 0 3000 2 1 1 11
3 4 0 1 0 0 0 3000 3 12 12 1
3 5 1 1 1 0 0 743 1 1 1 12
3 6 0 1 0 0 0 3000 2 15 15 1
3 7 0 1 0 0 0 3000 2 8 8 15
3 8 0 1 0 0 0 3000 3 7 7 8
3 9 1 1 1 0 0 758 1 8 8 7
3 10 0 1 0 0 0 3000 2 6 6 8
3 11 0 1 0 0 0 3000 2 9 9 6
3 12 1 1 1 0 0 521 1 6 6 9
3 13 0 1 0 0 0 3000 2 8 8 6
3 14 0 1 0 0 0 3000 2 15 15 8
3 15 0 1 0 0 0 3000 3 3 3 15
3 16 1 1 1 0 0 574 1 15 15 3
3 17 0 1 0 0 0 3000 2 11 11 15
3 18 1 1 1 0 0 423 1 15 15 11
3 19 0 1 0 0 0 3000 2 8 8 15
3 20 0 1 0 0 0 3000 3 11 11 8
3 21 1 1 1 0 0 418 1 8 8 11
3 22 1 0 0 1 0 3000 1 11 11 8
3 23 0 1 0 0 0 3000 3 7 7 11
3 24 0 1 0 0 0 3000 2 8 8 7
3 25 0 1 0 0 0 3000 2 11 11 8
