1 1 0 1 0 0 0 3000 1 2 2 0
1 2 0 1 0 0 0 3000 2 8 8 2
1 3 0 1 0 0 0 3000 2 6 6 8
1 4 0 1 0 0 0 3000 3 13 13 6
1 5 0 1 0 0 0 3000 3 7 7 13
1 6 0 1 0 0 0 3000 3 9 9 7
1 7 0 1 0 0 0 3000 3 1 1 9
1 8 1 1 1 0 0 1756 1 9 9 1
1 9 1 1 1 0 0 688 1 1 1 9
1 10 1 1 1 0 0 781 1 9 9 1
1 11 0 1 0 0 0 3000 3 6 6 9
1 12 0 1 0 0 0 3000 2 12 12 6
1 13 0 1 0 0 0 3000 3 7 7 12
1 14 1 1 1 0 0 536 1 12 12 7
1 15 1 0 0 1 0 3000 1 7 7 12
1 16 0 1 0 0 0 3000 3 1 1 7
1 17 0 1 0 0 0 3000 3 9 9 1
1 18 1 1 1 0 0 373 1 1 1 9
1 19 0 1 0 0 0 3000 3 4 4 1
1 20 1 1 1 0 0 456 1 1 1 4
1 21 0 1 0 0 0 3000 2 9 9 1
1 22 0 1 0 0 0 3000 3 8 8 9
1 23 0 1 0 0 0 3000 2 8 8 8
1 24 0 0 0 0 1 406 3 6 6 8
1 25 0 1 0 0 0 3000 2 4 4 6
2 1 0 1 0 0 0 3000 1 10 10 4
2 2 0 1 0 0 0 3000 3 6 6 10
2 3 0 1 0 0 0 3000 2 5 5 6
2 4 0 1 0 0 0 3000 3 3 3 5
2 5 1 1 1 0 0 961 1 5 5 3
2 6 0 1 0 0 0 3000 3 11 11 5
2 7 0 1 0 0 0 3000 2 9 9 11
2 8 0 1 0 0 0 3000 3 4 4 9
2 9 0 1 0 0 0 3000 3 7 7 4
2 10 1 1 1 0 0 502 1 4 4 7
2 11 0 1 0 0 0 3000 2 15 15 4
2 12 0 1 0 0 0 3000 2 1 1 15
2 13 1 1 1 0 0 434 1 15 15 1
2 14 0 1 0 0 0 3000 3 8 8 15
2 15 0 1 0 0 0 3000 3 5 5 8
2 16 1 1 1 0 0 423 1 8 8 5
2 17 0 1 0 0 0 3000 2 15 15 8
2 18 1 1 1 0 0 450 1 8 8 15
2 19 0 1 0 0 0 3000 3 2 2 8
2 20 0 1 0 0 0 3000 3 15 15 2
2 21 1 1 1 0 0 428 1 2 2 15
2 22 1 0 0 1 0 3000 1 15 15 2
2 23 1 1 1 0 0 338 1 2 2 15
2 24 0 1 0 0 0 3000 2 5 5 2
2 25 1 1 1 0 0 605 1 2 2 5
3 1 0 1 0 0 0 3000 1 9 9 2
3 2 0 1 0 0 0 3000 2 11 11 9
3 3 0 0 0 0 1 757 3 11 11 11
3 4 0 1 0 0 0 3000 3 1 1 11
3 5 0 1 0 0 0 3000 2 8 8 1
3 6 0 1 0 0 0 3000 3 3 3 8
3 7 0 1 0 0 0 3000 3 2 2 3
3 8 1 1 1 0 0 435 1 3 3 2
3 9 0 1 0 0 0 3000 3 9 9 3
3 10 0 1 0 0 0 3000 3 15 15 9
3 11 1 1 1 0 0 755 1 9 9 15
3 12 1 1 1 0 0 804 1 15 15 9
3 13 0 1 0 0 0 3000 2 11 11 15
3 14 0 1 0 0 0 3000 3 1 1 11
3 15 0 1 0 0 0 3000 2 13 13 1
3 16 1 1 1 0 0 698 1 1 1 13
3 17 1 1 1 0 0 600 1 13 13 1
3 18 1 1 1 0 0 583 1 1 1 13
3 19 0 1 0 0 0 3000 3 11 11 1
3 20 0 1 0 0 0 3000 3 4 4 11
3 21 0 1 0 0 0 3000 2 12 12 4
3 22 1 1 1 0 0 990 1 4 4 12
3 23 0 1 0 0 0 3000 3 1 1 4
3 24 0 1 0 0 0 3000 3 14 14 1
3 25 1 0 0 1 0 3000 1 1 1 14
