1 1 0 1 0 0 0 3000 2 7 7 0
1 2 0 1 0 0 0 3000 2 14 14 7
1 3 1 1 1 0 0 510 1 7 7 14
1 4 0 1 0 0 0 3000 2 4 4 7
1 5 1 0 0 1 0 3000 1 7 7 4
1 6 1 0 0 1 0 3000 1 4 4 7
1 7 0 1 0 0 0 3000 3 13 13 4
1 8 0 1 0 0 0 3000 3 1 1 13
1 9 0 0 0 0 1 309 2 4 4 1
1 10 0 1 0 0 0 3000 3 5 5 4
1 11 0 1 0 0 0 3000 3 12 12 5
1 12 1 0 0 1 0 3000 1 5 5 12
1 13 1 1 1 0 0 479 1 12 12 5
1 14 0 1 0 0 0 3000 2 9 9 12
1 15 1 1 1 0 0 799 1 12 12 9
1 16 0 1 0 0 0 3000 2 8 8 12
1 17 1 1 1 0 0 593 1 12 12 8
1 18 0 1 0 0 0 3000 2 10 10 12
1 19 1 1 1 0 0 498 1 12 12 10
1 20 0 1 0 0 0 3000 3 6 6 12
1 21 0 1 0 0 0 3000 2 7 7 6
1 22 0 1 0 0 0 3000 2 2 2 7
1 23 0 1 0 0 0 3000 3 4 4 2
1 24 0 1 0 0 0 3000 3 12 12 4
1 25 0 1 0 0 0 3000 2 7 7 12
2 1 0 1 0 0 0 3000 1 1 1 7
2 2 0 1 0 0 0 3000 1 5 5 1
2 3 0 1 0 0 0 3000 3 5 5 5
2 4 0 1 0 0 0 3000 2 7 7 5
2 5 0 1 0 0 0 3000 2 8 8 7
2 6 1 0 0 1 0 3000 1 7 7 8
2 7 0 1 0 0 0 3000 3 12 12 7
2 8 0 1 0 0 0 3000 2 3 3 12
2 9 1 1 1 0 0 1023 1 12 12 3
2 10 0 1 0 0 0 3000 3 2 2 12
2 11 1 1 1 0 0 363 1 12 12 2
2 12 0 1 0 0 0 3000 3 6 6 12
2 13 0 1 0 0 0 3000 3 4 4 6
2 14 0 1 0 0 0 3000 3 14 14 4
2 15 0 1 0 0 0 3000 2 13 13 14
2 16 0 1 0 0 0 3000 2 7 7 13
2 17 0 1 0 0 0 3000 2 2 2 7
2 18 0 1 0 0 0 3000 3 12 12 2
2 19 0 1 0 0 0 3000 3 1 1 12
2 20 0 1 0 0 0 3000 2 13 13 1
2 21 1 1 1 0 0 918 1 1 1 13
2 22 0 1 0 0 0 3000 2 1 1 1
2 23 1 1 1 0 0 404 1 1 1 1
2 24 1 0 0 1 0 3000 1 1 1 1
2 25 0 1 0 0 0 3000 2 13 13 1
3 1 0 1 0 0 0 3000 2 8 8 13
3 2 0 1 0 0 0 3000 3 2 2 8
3 3 0 1 0 0 0 3000 2 7 7 2
3 4 1 0 0 1 0 3000 1 2 2 7
3 5 0 1 0 0 0 3000 2 10 10 2
3 6 0 1 0 0 0 3000 2 4 4 10
3 7 1 1 1 0 0 486 1 10 10 4
3 8 0 1 0 0 0 3000 3 5 5 10
3 9 0 1 0 0 0 3000 2 13 13 5
3 10 0 1 0 0 0 3000 3 14 14 13
3 11 0 1 0 0 0 3000 2 7 7 14
3 12 0 1 0 0 0 3000 3 5 5 7
3 13 1 1 1 0 0 895 1 7 7 5
3 14 0 1 0 0 0 3000 3 4 4 7
3 15 0 1 0 0 0 3000 3 8 8 4
3 16 0 1 0 0 0 3000 2 8 8 8
3 17 0 1 0 0 0 3000 3 3 3 8
3 18 0 1 0 0 0 3000 3 4 4 3
3 19 0 1 0 0 0 3000 3 7 7 4
3 20 0 1 0 0 0 3000 3 11 11 7
3 21 0 1 0 0 0 3000 3 10 10 11
3 22 0 1 0 0 0 3000 2 13 13 10
3 23 0 1 0 0 0 3000 3 7 7 13
3 24 1 0 0 1 0 3000 1 13 13 7
3 25 0 1 0 0 0 3000 2 5 5 13
