1 1 0 1 0 0 0 3000 3 6 6 0
1 2 0 1 0 0 0 3000 3 9 9 6
1 3 0 1 0 0 0 3000 2 11 11 9
1 4 0 1 0 0 0 3000 2 13 13 11
1 5 0 1 0 0 0 3000 2 5 5 13
1 6 0 1 0 0 0 3000 3 15 15 5
1 7 0 1 0 0 0 3000 2 2 2 15
1 8 0 1 0 0 0 3000 2 13 13 2
1 9 1 1 1 0 0 889 1 2 2 13
1 10 1 1 1 0 0 1419 1 13 13 2
1 11 0 1 0 0 0 3000 2 14 14 13
1 12 0 1 0 0 0 3000 2 3 3 14
1 13 1 1 1 0 0 966 1 14 14 3
1 14 0 1 0 0 0 3000 3 15 15 14
1 15 1 1 1 0 0 865 1 14 14 15
1 16 0 1 0 0 0 3000 3 10 10 14
1 17 0 1 0 0 0 3000 2 9 9 10
1 18 0 1 0 0 0 3000 3 5 5 9
1 19 0 1 0 0 0 3000 3 11 11 5
1 20 1 1 1 0 0 619 1 5 5 11
1 21 0 1 0 0 0 3000 3 2 2 5
1 22 0 1 0 0 0 3000 2 15 15 2
1 23 1 1 1 0 0 907 1 2 2 15
1 24 0 1 0 0 0 3000 3 12 12 2
1 25 1 1 1 0 0 722 1 2 2 12
2 1 0 1 0 0 0 3000 1 4 4 2
2 2 0 1 0 0 0 3000 1 4 4 4
2 3 0 1 0 0 0 3000 3 7 7 4
2 4 0 1 0 0 0 3000 2 15 15 7
2 5 1 1 1 0 0 784 1 7 7 15
2 6 1 1 1 0 0 730 1 15 15 7
2 7 0 1 0 0 0 3000 3 10 10 15
2 8 1 1 1 0 0 795 1 15 15 10
2 9 1 1 1 0 0 1023 1 10 10 15
2 10 0 1 0 0 0 3000 2 11 11 10
2 11 1 1 1 0 0 807 1 10 10 11
2 12 1 1 1 0 0 887 1 11 11 10
2 13 0 1 0 0 0 3000 2 1 1 11
2 14 1 1 1 0 0 685 1 11 11 1
2 15 0 1 0 0 0 3000 2 13 13 11
2 16 0 1 0 0 0 3000 2 3 3 13
2 17 0 1 0 0 0 3000 2 7 7 3
2 18 0 1 0 0 0 3000 3 11 11 7
2 19 1 1 1 0 0 821 1 7 7 11
2 20 1 1 1 0 0 941 1 11 11 7
2 21 0 1 0 0 0 3000 2 14 14 11
2 22 1 1 1 0 0 610 1 11 11 14
2 23 1 1 1 0 0 777 1 14 14 11
2 24 0 1 0 0 0 3000 3 9 9 14
2 25 1 1 1 0 0 830 1 14 14 9
3 1 0 1 0 0 0 3000 3 6 6 14
3 2 0 1 0 0 0 3000 2 3 3 6
3 3 0 1 0 0 0 3000 2 2 2 3
3 4 1 1 1 0 0 841 1 3 3 2
3 5 0 1 0 0 0 3000 3 10 10 3
3 6 0 1 0 0 0 3000 2 5 5 10
3 7 0 1 0 0 0 3000 2 5 5 5
3 8 1 1 1 0 0 1029 1 5 5 5
3 9 1 1 1 0 0 1227 1 5 5 5
3 10 1 1 1 0 0 777 1 5 5 5
3 11 1 1 1 0 0 776 1 5 5 5
3 12 1 1 1 0 0 768 1 5 5 5
3 13 0 1 0 0 0 3000 3 13 13 5
3 14 1 1 1 0 0 1096 1 5 5 13
3 15 1 1 1 0 0 1195 1 13 13 5
3 16 0 1 0 0 0 3000 2 12 12 13
3 17 0 1 0 0 0 3000 3 9 9 12
3 18 1 1 1 0 0 835 1 12 12 9
3 19 0 1 0 0 0 3000 3 10 10 12
3 20 0 1 0 0 0 3000 2 15 15 10
3 21 0 1 0 0 0 3000 3 7 7 15
3 22 1 1 1 0 0 708 1 15 15 7
3 23 1 1 1 0 0 634 1 7 7 15
3 24 0 1 0 0 0 3000 2 5 5 7
3 25 0 1 0 0 0 3000 2 4 4 5
