1 1 0 1 0 0 0 3000 1 6 6 0
1 2 0 1 0 0 0 3000 1 8 8 6
1 3 0 1 0 0 0 3000 3 1 1 8
1 4 0 1 0 0 0 3000 2 2 2 1
1 5 0 1 0 0 0 3000 3 12 12 2
1 6 0 1 0 0 0 3000 3 3 3 12
1 7 1 1 1 0 0 646 1 12 12 3
1 8 1 0 0 1 0 3000 1 3 3 12
1 9 0 1 0 0 0 3000 2 9 9 3
1 10 0 1 0 0 0 3000 3 8 8 9
1 11 0 1 0 0 0 3000 2 4 4 8
1 12 0 1 0 0 0 3000 3 6 6 4
1 13 0 1 0 0 0 3000 2 8 8 6
1 14 1 1 1 0 0 591 1 6 6 8
1 15 0 1 0 0 0 3000 2 1 1 6
1 16 0 1 0 0 0 3000 3 1 1 1
1 17 1 1 1 0 0 408 1 1 1 1
1 18 0 1 0 0 0 3000 2 14 14 1
1 19 0 1 0 0 0 3000 2 7 7 14
1 20 1 1 1 0 0 593 1 14 14 7
1 21 1 0 0 1 0 3000 1 7 7 14
1 22 0 1 0 0 0 3000 2 8 8 7
1 23 0 1 0 0 0 3000 3 4 4 8
1 24 1 1 1 0 0 478 1 8 8 4
1 25 0 1 0 0 0 3000 3 10 10 8
2 1 0 1 0 0 0 3000 1 5 5 10
2 2 0 1 0 0 0 3000 3 4 4 5
2 3 0 1 0 0 0 3000 3 7 7 4
2 4 0 1 0 0 0 3000 2 10 10 7
2 5 0 1 0 0 0 3000 2 11 11 10
2 6 0 1 0 0 0 3000 2 5 5 11
2 7 0 1 0 0 0 3000 2 1 1 5
2 8 0 1 0 0 0 3000 2 12 12 1
2 9 0 1 0 0 0 3000 2 5 5 12
2 10 0 1 0 0 0 3000 2 5 5 5
2 11 0 1 0 0 0 3000 2 2 2 5
2 12 0 1 0 0 0 3000 2 14 14 2
2 13 0 1 0 0 0 3000 3 8 8 14
2 14 0 1 0 0 0 3000 3 12 12 8
2 15 1 1 1 0 0 380 1 8 8 12
2 16 0 1 0 0 0 3000 3 7 7 8
2 17 0 1 0 0 0 3000 2 13 13 7
2 18 1 1 1 0 0 437 1 7 7 13
2 19 0 1 0 0 0 3000 2 6 6 7
2 20 0 1 0 0 0 3000 2 2 2 6
2 21 0 1 0 0 0 3000 3 14 14 2
2 22 0 1 0 0 0 3000 3 11 11 14
2 23 0 1 0 0 0 3000 2 12 12 11
2 24 0 1 0 0 0 3000 2 9 9 12
2 25 0 1 0 0 0 3000 2 5 5 9
3 1 0 1 0 0 0 3000 3 1 1 5
3 2 0 1 0 0 0 3000 3 6 6 1
3 3 0 1 0 0 0 3000 2 5 5 6
3 4 0 1 0 0 0 3000 3 11 11 5
3 5 0 1 0 0 0 3000 3 15 15 11
3 6 0 1 0 0 0 3000 2 2 2 15
3 7 0 1 0 0 0 3000 3 10 10 2
3 8 1 1 1 0 0 426 1 2 2 10
3 9 0 1 0 0 0 3000 2 9 9 2
3 10 0 1 0 0 0 3000 2 12 12 9
3 11 1 1 1 0 0 458 1 9 9 12
3 12 0 1 0 0 0 3000 3 15 15 9
3 13 0 1 0 0 0 3000 2 13 13 15
3 14 0 1 0 0 0 3000 2 8 8 13
3 15 0 1 0 0 0 3000 2 11 11 8
3 16 0 1 0 0 0 3000 3 10 10 11
3 17 0 1 0 0 0 3000 3 1 1 10
3 18 0 1 0 0 0 3000 3 11 11 1
3 19 0 1 0 0 0 3000 3 3 3 11
3 20 0 1 0 0 0 3000 2 2 2 3
3 21 0 1 0 0 0 3000 3 9 9 2
3 22 0 1 0 0 0 3000 2 4 4 9
3 23 1 1 1 0 0 413 1 9 9 4
3 24 1 0 0 1 0 3000 1 4 4 9
3 25 0 1 0 0 0 3000 3 11 11 4
