1 1 0 1 0 0 0 3000 2 4 4 0
1 2 0 1 0 0 0 3000 2 3 3 4
1 3 1 1 1 0 0 735 1 4 4 3
1 4 0 1 0 0 0 3000 2 13 13 4
1 5 1 0 0 1 0 3000 1 4 4 13
1 6 0 1 0 0 0 3000 3 10 10 4
1 7 0 0 0 0 1 1278 2 3 3 10
1 8 0 1 0 0 0 3000 3 1 1 3
1 9 0 1 0 0 0 3000 2 9 9 1
1 10 0 1 0 0 0 3000 2 9 9 9
1 11 1 0 0 1 0 3000 1 9 9 9
1 12 0 1 0 0 0 3000 2 7 7 9
1 13 0 1 0 0 0 3000 2 11 11 7
1 14 1 1 1 0 0 694 1 7 7 11
1 15 1 1 1 0 0 1310 1 11 11 7
1 16 1 1 1 0 0 662 1 7 7 11
1 17 1 1 1 0 0 650 1 11 11 7
1 18 1 1 1 0 0 518 1 7 7 11
1 19 1 1 1 0 0 462 1 11 11 7
1 20 0 1 0 0 0 3000 3 15 15 11
1 21 1 1 1 0 0 712 1 11 11 15
1 22 0 1 0 0 0 3000 2 11 11 11
1 23 0 1 0 0 0 3000 3 9 9 11
1 24 1 1 1 0 0 572 1 11 11 9
1 25 0 1 0 0 0 3000 3 4 4 11
2 1 0 1 0 0 0 3000 3 1 1 4
2 2 0 1 0 0 0 3000 3 15 15 1
2 3 0 1 0 0 0 3000 2 12 12 15
2 4 0 1 0 0 0 3000 2 3 3 12
2 5 1 1 1 0 0 1044 1 12 12 3
2 6 0 0 0 0 1 838 3 15 15 12
2 7 0 1 0 0 0 3000 3 10 10 15
2 8 1 1 1 0 0 487 1 15 15 10
2 9 1 1 1 0 0 654 1 10 10 15
2 10 0 1 0 0 0 3000 2 8 8 10
2 11 1 1 1 0 0 667 1 10 10 8
2 12 1 1 1 0 0 856 1 8 8 10
2 13 0 1 0 0 0 3000 3 9 9 8
2 14 0 1 0 0 0 3000 3 10 10 9
2 15 1 1 1 0 0 626 1 9 9 10
2 16 0 1 0 0 0 3000 3 2 2 9
2 17 1 1 1 0 0 566 1 9 9 2
2 18 0 1 0 0 0 3000 2 1 1 9
2 19 0 0 0 0 1 492 2 2 2 1
2 20 1 1 1 0 0 1491 1 1 1 2
2 21 0 0 0 0 1 713 2 9 9 1
2 22 1 0 0 1 0 3000 1 1 1 9
2 23 0 1 0 0 0 3000 2 4 4 1
2 24 1 1 1 0 0 538 1 1 1 4
2 25 1 1 1 0 0 403 1 4 4 1
3 1 0 1 0 0 0 3000 2 5 5 4
3 2 0 1 0 0 0 3000 1 7 7 5
3 3 0 1 0 0 0 3000 3 14 14 7
3 4 1 1 1 0 0 351 1 7 7 14
3 5 0 0 0 0 1 1563 3 7 7 7
3 6 0 0 0 0 1 703 2 5 5 7
3 7 1 1 1 0 0 1281 1 7 7 5
3 8 0 1 0 0 0 3000 3 4 4 7
3 9 0 1 0 0 0 3000 3 12 12 4
3 10 0 0 0 0 1 656 3 5 5 12
3 11 0 1 0 0 0 3000 3 1 1 5
3 12 1 1 1 0 0 639 1 5 5 1
3 13 0 1 0 0 0 3000 2 14 14 5
3 14 1 1 1 0 0 640 1 5 5 14
3 15 0 1 0 0 0 3000 3 7 7 5
3 16 1 1 1 0 0 416 1 5 5 7
3 17 0 1 0 0 0 3000 3 15 15 5
3 18 0 1 0 0 0 3000 3 1 1 15
3 19 0 1 0 0 0 3000 2 3 3 1
3 20 1 1 1 0 0 735 1 1 1 3
3 21 0 1 0 0 0 3000 2 8 8 1
3 22 1 1 1 0 0 771 1 1 1 8
3 23 0 0 0 0 1 789 3 14 14 1
3 24 0 1 0 0 0 3000 2 11 11 14
3 25 0 0 0 0 1 642 2 1 1 11
