1 1 0 1 0 0 0 3000 1 15 15 0
1 2 0 1 0 0 0 3000 3 2 2 15
1 3 0 1 0 0 0 3000 2 2 2 2
1 4 0 1 0 0 0 3000 3 13 13 2
1 5 0 1 0 0 0 3000 3 14 14 13
1 6 0 1 0 0 0 3000 2 5 5 14
1 7 0 1 0 0 0 3000 2 1 1 5
1 8 0 1 0 0 0 3000 3 12 12 1
1 9 0 1 0 0 0 3000 3 2 2 12
1 10 1 0 0 1 0 3000 1 12 12 2
1 11 0 1 0 0 0 3000 3 12 12 12
1 12 0 1 0 0 0 3000 2 3 3 12
1 13 1 0 0 1 0 3000 1 12 12 3
1 14 0 1 0 0 0 3000 3 1 1 12
1 15 0 1 0 0 0 3000 3 9 9 1
1 16 0 1 0 0 0 3000 3 2 2 9
1 17 1 0 0 1 0 3000 1 9 9 2
1 18 0 1 0 0 0 3000 3 8 8 9
1 19 1 1 1 0 0 438 1 9 9 8
1 20 0 1 0 0 0 3000 3 10 10 9
1 21 0 1 0 0 0 3000 3 2 2 10
1 22 0 0 0 0 1 591 2 9 9 2
1 23 1 0 0 1 0 3000 1 2 2 9
1 24 1 0 0 1 0 3000 1 9 9 2
1 25 0 1 0 0 0 3000 2 11 11 9
2 1 0 1 0 0 0 3000 2 3 3 11
2 2 0 1 0 0 0 3000 2 15 15 3
2 3 0 1 0 0 0 3000 2 13 13 15
2 4 0 1 0 0 0 3000 2 2 2 13
2 5 1 1 1 0 0 633 1 13 13 2
2 6 0 1 0 0 0 3000 3 15 15 13
2 7 0 1 0 0 0 3000 2 6 6 15
2 8 1 1 1 0 0 439 1 15 15 6
2 9 0 1 0 0 0 3000 2 14 14 15
2 10 1 0 0 1 0 3000 1 15 15 14
2 11 0 1 0 0 0 3000 3 9 9 15
2 12 1 1 1 0 0 708 1 15 15 9
2 13 0 1 0 0 0 3000 2 10 10 15
2 14 0 1 0 0 0 3000 2 13 13 10
2 15 0 1 0 0 0 3000 2 14 14 13
2 16 1 1 1 0 0 793 1 13 13 14
2 17 1 0 0 1 0 3000 1 14 14 13
2 18 0 1 0 0 0 3000 2 2 2 14
2 19 1 1 1 0 0 463 1 14 14 2
2 20 0 1 0 0 0 3000 2 14 14 14
2 21 1 0 0 1 0 3000 1 14 14 14
2 22 0 1 0 0 0 3000 3 7 7 14
2 23 0 1 0 0 0 3000 2 1 1 7
2 24 1 1 1 0 0 462 1 7 7 1
2 25 1 0 0 1 0 3000 1 1 1 7
3 1 0 1 0 0 0 3000 1 3 3 1
3 2 0 1 0 0 0 3000 3 8 8 3
3 3 0 1 0 0 0 3000 3 5 5 8
3 4 1 1 1 0 0 506 1 8 8 5
3 5 1 1 1 0 0 613 1 5 5 8
3 6 1 0 0 1 0 3000 1 8 8 5
3 7 0 1 0 0 0 3000 3 10 10 8
3 8 0 1 0 0 0 3000 2 6 6 10
3 9 0 1 0 0 0 3000 3 3 3 6
3 10 1 1 1 0 0 721 1 6 6 3
3 11 0 1 0 0 0 3000 2 14 14 6
3 12 0 1 0 0 0 3000 2 13 13 14
3 13 0 1 0 0 0 3000 3 3 3 13
3 14 0 1 0 0 0 3000 3 8 8 3
3 15 0 1 0 0 0 3000 3 15 15 8
3 16 1 1 1 0 0 689 1 8 8 15
3 17 0 1 0 0 0 3000 3 8 8 8
3 18 1 1 1 0 0 743 1 8 8 8
3 19 0 1 0 0 0 3000 2 6 6 8
3 20 0 0 0 0 1 1119 2 6 6 6
3 21 0 1 0 0 0 3000 3 1 1 6
3 22 1 1 1 0 0 559 1 6 6 1
3 23 0 1 0 0 0 3000 3 2 2 6
3 24 0 1 0 0 0 3000 3 11 11 2
3 25 0 1 0 0 0 3000 2 7 7 11
