1 1 0 1 0 0 0 3000 2 2 2 0
1 2 0 1 0 0 0 3000 2 11 11 2
1 3 0 1 0 0 0 3000 2 7 7 11
1 4 0 1 0 0 0 3000 3 2 2 7
1 5 1 1 1 0 0 747 1 7 7 2
1 6 0 1 0 0 0 3000 2 5 5 7
1 7 0 1 0 0 0 3000 2 2 2 5
1 8 0 1 0 0 0 3000 2 8 8 2
1 9 0 0 0 0 1 930 3 5 5 8
1 10 0 1 0 0 0 3000 2 1 1 5
1 11 1 0 0 1 0 3000 1 5 5 1
1 12 1 1 1 0 0 766 1 1 1 5
1 13 0 1 0 0 0 3000 2 12 12 1
1 14 0 1 0 0 0 3000 3 15 15 12
1 15 0 1 0 0 0 3000 3 11 11 15
1 16 0 1 0 0 0 3000 2 5 5 11
1 17 0 1 0 0 0 3000 3 12 12 5
1 18 0 1 0 0 0 3000 2 6 6 12
1 19 1 1 1 0 0 1057 1 12 12 6
1 20 0 1 0 0 0 3000 2 4 4 12
1 21 1 0 0 1 0 3000 1 12 12 4
1 22 0 1 0 0 0 3000 3 10 10 12
1 23 0 1 0 0 0 3000 3 7 7 10
1 24 0 1 0 0 0 3000 2 15 15 7
1 25 0 0 0 0 1 1821 3 10 10 15
2 1 0 1 0 0 0 3000 3 11 11 10
2 2 0 1 0 0 0 3000 2 5 5 11
2 3 0 1 0 0 0 3000 2 14 14 5
2 4 1 1 1 0 0 2420 1 5 5 14
2 5 1 0 0 1 0 3000 1 14 14 5
2 6 0 1 0 0 0 3000 3 4 4 14
2 7 0 1 0 0 0 3000 3 9 9 4
2 8 0 1 0 0 0 3000 3 2 2 9
2 9 0 1 0 0 0 3000 3 13 13 2
2 10 0 1 0 0 0 3000 2 4 4 13
2 11 0 1 0 0 0 3000 3 12 12 4
2 12 0 1 0 0 0 3000 2 5 5 12
2 13 0 1 0 0 0 3000 2 14 14 5
2 14 0 1 0 0 0 3000 2 7 7 14
2 15 1 1 1 0 0 1048 1 14 14 7
2 16 0 1 0 0 0 3000 2 2 2 14
2 17 0 1 0 0 0 3000 2 2 2 2
2 18 0 0 0 0 1 533 3 14 14 2
2 19 1 0 0 1 0 3000 1 2 2 14
2 20 1 0 0 1 0 3000 1 14 14 2
2 21 1 0 0 1 0 3000 1 2 2 14
2 22 0 1 0 0 0 3000 3 4 4 2
2 23 0 0 0 0 1 1132 2 14 14 4
2 24 0 1 0 0 0 3000 2 6 6 14
2 25 0 1 0 0 0 3000 2 7 7 6
3 1 0 1 0 0 0 3000 1 10 10 7
3 2 0 1 0 0 0 3000 2 1 1 10
3 3 0 1 0 0 0 3000 3 7 7 1
3 4 1 1 1 0 0 409 1 1 1 7
3 5 0 1 0 0 0 3000 3 8 8 1
3 6 0 1 0 0 0 3000 2 11 11 8
3 7 0 1 0 0 0 3000 2 13 13 11
3 8 0 1 0 0 0 3000 2 9 9 13
3 9 0 1 0 0 0 3000 2 4 4 9
3 10 0 1 0 0 0 3000 3 2 2 4
3 11 0 1 0 0 0 3000 3 11 11 2
3 12 0 1 0 0 0 3000 2 14 14 11
3 13 0 1 0 0 0 3000 2 1 1 14
3 14 1 1 1 0 0 538 1 14 14 1
3 15 0 1 0 0 0 3000 2 9 9 14
3 16 0 1 0 0 0 3000 3 4 4 9
3 17 1 1 1 0 0 468 1 9 9 4
3 18 0 1 0 0 0 3000 2 7 7 9
3 19 1 0 0 1 0 3000 1 9 9 7
3 20 0 1 0 0 0 3000 2 2 2 9
3 21 1 1 1 0 0 451 1 9 9 2
3 22 0 1 0 0 0 3000 2 3 3 9
3 23 1 0 0 1 0 3000 1 9 9 3
3 24 0 1 0 0 0 3000 3 4 4 9
3 25 1 1 1 0 0 483 1 9 9 4
