1 1 0 1 0 0 0 3000 3 4 4 0
1 2 0 1 0 0 0 3000 1 6 6 4
1 3 0 1 0 0 0 3000 2 2 2 6
1 4 0 1 0 0 0 3000 3 14 14 2
1 5 0 1 0 0 0 3000 3 8 8 14
1 6 0 1 0 0 0 3000 3 11 11 8
1 7 1 1 1 0 0 960 1 8 8 11
1 8 1 0 0 1 0 3000 1 11 11 8
1 9 0 1 0 0 0 3000 3 6 6 11
1 10 0 0 0 0 1 1056 2 4 4 6
1 11 1 1 1 0 0 1532 1 6 6 4
1 12 0 1 0 0 0 3000 3 15 15 6
1 13 1 1 1 0 0 517 1 6 6 15
1 14 0 1 0 0 0 3000 3 2 2 6
1 15 0 0 0 0 1 560 3 4 4 2
1 16 0 1 0 0 0 3000 2 1 1 4
1 17 0 0 0 0 1 655 2 14 14 1
1 18 0 1 0 0 0 3000 2 5 5 14
1 19 0 1 0 0 0 3000 3 7 7 5
1 20 0 1 0 0 0 3000 2 13 13 7
1 21 0 0 0 0 1 628 2 4 4 13
1 22 1 1 1 0 0 895 1 13 13 4
1 23 1 0 0 1 0 3000 1 4 4 13
1 24 1 0 0 1 0 3000 1 13 13 4
1 25 0 1 0 0 0 3000 3 7 7 13
2 1 0 1 0 0 0 3000 1 5 5 7
2 2 0 1 0 0 0 3000 2 8 8 5
2 3 0 1 0 0 0 3000 3 6 6 8
2 4 1 1 1 0 0 656 1 8 8 6
2 5 0 1 0 0 0 3000 3 5 5 8
2 6 0 0 0 0 1 506 2 6 6 5
2 7 1 1 1 0 0 612 1 5 5 6
2 8 0 1 0 0 0 3000 3 4 4 5
2 9 1 0 0 1 0 3000 1 5 5 4
2 10 0 1 0 0 0 3000 3 5 5 5
2 11 1 1 1 0 0 2017 1 5 5 5
2 12 1 0 0 1 0 3000 1 5 5 5
2 13 0 1 0 0 0 3000 3 15 15 5
2 14 0 1 0 0 0 3000 2 8 8 15
2 15 0 0 0 0 1 638 3 8 8 8
2 16 0 0 0 0 1 605 3 5 5 8
2 17 1 1 1 0 0 1632 1 8 8 5
2 18 0 1 0 0 0 3000 3 11 11 8
2 19 0 1 0 0 0 3000 2 10 10 11
2 20 0 1 0 0 0 3000 2 13 13 10
2 21 0 1 0 0 0 3000 3 12 12 13
2 22 1 1 1 0 0 820 1 13 13 12
2 23 0 1 0 0 0 3000 3 4 4 13
2 24 1 1 1 0 0 1265 1 13 13 4
2 25 0 1 0 0 0 3000 2 8 8 13
3 1 0 1 0 0 0 3000 2 1 1 8
3 2 0 1 0 0 0 3000 3 6 6 1
3 3 0 1 0 0 0 3000 3 7 7 6
3 4 0 1 0 0 0 3000 2 3 3 7
3 5 1 1 1 0 0 402 1 7 7 3
3 6 0 1 0 0 0 3000 2 4 4 7
3 7 1 1 1 0 0 1256 1 7 7 4
3 8 0 1 0 0 0 3000 2 2 2 7
3 9 0 0 0 0 1 668 3 3 3 2
3 10 1 1 1 0 0 1347 1 2 2 3
3 11 1 1 1 0 0 1046 1 3 3 2
3 12 0 1 0 0 0 3000 3 13 13 3
3 13 1 1 1 0 0 717 1 3 3 13
3 14 0 1 0 0 0 3000 3 14 14 3
3 15 0 1 0 0 0 3000 2 8 8 14
3 16 1 1 1 0 0 536 1 14 14 8
3 17 0 1 0 0 0 3000 2 14 14 14
3 18 0 1 0 0 0 3000 3 1 1 14
3 19 1 1 1 0 0 613 1 14 14 1
3 20 0 1 0 0 0 3000 2 9 9 14
3 21 1 0 0 1 0 3000 1 14 14 9
3 22 0 1 0 0 0 3000 3 15 15 14
3 23 0 1 0 0 0 3000 3 2 2 15
3 24 0 1 0 0 0 3000 2 5 5 2
3 25 0 1 0 0 0 3000 3 6 6 5
