1 1 0 1 0 0 0 3000 3 5 5 0
1 2 0 1 0 0 0 3000 3 13 13 5
1 3 0 1 0 0 0 3000 2 11 11 13
1 4 0 1 0 0 0 3000 2 9 9 11
1 5 0 1 0 0 0 3000 2 13 13 9
1 6 1 0 0 1 0 3000 1 9 9 13
1 7 0 1 0 0 0 3000 2 2 2 9
1 8 1 1 1 0 0 905 1 9 9 2
1 9 0 1 0 0 0 3000 2 1 1 9
1 10 1 0 0 1 0 3000 1 9 9 1
1 11 0 1 0 0 0 3000 2 4 4 9
1 12 1 1 1 0 0 915 1 9 9 4
1 13 0 1 0 0 0 3000 2 5 5 9
1 14 1 0 0 1 0 3000 1 9 9 5
1 15 1 1 1 0 0 1401 1 5 5 9
1 16 1 0 0 1 0 3000 1 9 9 5
1 17 1 1 1 0 0 668 1 5 5 9
1 18 0 1 0 0 0 3000 3 8 8 5
1 19 0 1 0 0 0 3000 3 12 12 8
1 20 0 1 0 0 0 3000 3 13 13 12
1 21 0 1 0 0 0 3000 3 15 15 13
1 22 1 1 1 0 0 405 1 13 13 15
1 23 1 0 0 1 0 3000 1 15 15 13
1 24 1 1 1 0 0 614 1 13 13 15
1 25 0 1 0 0 0 3000 2 6 6 13
2 1 0 1 0 0 0 3000 2 12 12 6
2 2 0 1 0 0 0 3000 2 2 2 12
2 3 0 1 0 0 0 3000 2 13 13 2
2 4 1 1 1 0 0 520 1 2 2 13
2 5 0 1 0 0 0 3000 2 14 14 2
2 6 0 1 0 0 0 3000 2 14 14 14
2 7 0 1 0 0 0 3000 2 5 5 14
2 8 0 1 0 0 0 3000 2 4 4 5
2 9 1 1 1 0 0 327 1 5 5 4
2 10 0 1 0 0 0 3000 3 7 7 5
2 11 1 0 0 1 0 3000 1 5 5 7
2 12 0 1 0 0 0 3000 2 9 9 5
2 13 1 1 1 0 0 477 1 5 5 9
2 14 1 1 1 0 0 850 1 9 9 5
2 15 0 1 0 0 0 3000 3 10 10 9
2 16 1 1 1 0 0 437 1 9 9 10
2 17 0 1 0 0 0 3000 2 7 7 9
2 18 0 1 0 0 0 3000 2 14 14 7
2 19 0 1 0 0 0 3000 2 13 13 14
2 20 0 1 0 0 0 3000 3 2 2 13
2 21 1 1 1 0 0 365 1 13 13 2
2 22 0 0 0 0 1 917 2 14 14 13
2 23 0 1 0 0 0 3000 3 11 11 14
2 24 1 1 1 0 0 339 1 14 14 11
2 25 0 1 0 0 0 3000 2 9 9 14
3 1 0 1 0 0 0 3000 2 13 13 9
3 2 0 1 0 0 0 3000 2 3 3 13
3 3 0 1 0 0 0 3000 3 15 15 3
3 4 1 1 1 0 0 1188 1 3 3 15
3 5 0 1 0 0 0 3000 2 4 4 3
3 6 0 1 0 0 0 3000 2 2 2 4
3 7 0 1 0 0 0 3000 3 7 7 2
3 8 0 1 0 0 0 3000 2 4 4 7
3 9 0 1 0 0 0 3000 2 10 10 4
3 10 1 0 0 1 0 3000 1 4 4 10
3 11 0 0 0 0 1 605 3 2 2 4
3 12 0 1 0 0 0 3000 2 13 13 2
3 13 0 1 0 0 0 3000 3 8 8 13
3 14 0 1 0 0 0 3000 2 1 1 8
3 15 0 1 0 0 0 3000 3 1 1 1
3 16 1 1 1 0 0 1006 1 1 1 1
3 17 1 0 0 1 0 3000 1 1 1 1
3 18 1 1 1 0 0 1854 1 1 1 1
3 19 1 0 0 1 0 3000 1 1 1 1
3 20 0 1 0 0 0 3000 3 2 2 1
3 21 1 1 1 0 0 331 1 1 1 2
3 22 0 1 0 0 0 3000 3 4 4 1
3 23 1 1 1 0 0 806 1 1 1 4
3 24 0 1 0 0 0 3000 3 10 10 1
3 25 0 1 0 0 0 3000 3 7 7 10
