1 1 0 1 0 0 0 3000 3 10 10 0
1 2 0 1 0 0 0 3000 2 1 1 10
1 3 1 0 0 1 0 3000 1 10 10 1
1 4 1 0 0 1 0 3000 1 1 1 10
1 5 1 0 0 1 0 3000 1 10 10 1
1 6 0 1 0 0 0 3000 2 8 8 10
1 7 0 1 0 0 0 3000 3 12 12 8
1 8 1 0 0 1 0 3000 1 8 8 12
1 9 1 1 1 0 0 371 1 12 12 8
1 10 0 1 0 0 0 3000 2 15 15 12
1 11 0 1 0 0 0 3000 2 10 10 15
1 12 0 1 0 0 0 3000 3 11 11 10
1 13 0 1 0 0 0 3000 3 9 9 11
1 14 0 1 0 0 0 3000 3 1 1 9
1 15 1 1 1 0 0 493 1 9 9 1
1 16 0 1 0 0 0 3000 2 4 4 9
1 17 0 1 0 0 0 3000 2 6 6 4
1 18 0 1 0 0 0 3000 3 15 15 6
1 19 0 1 0 0 0 3000 2 10 10 15
1 20 0 1 0 0 0 3000 3 13 13 10
1 21 0 1 0 0 0 3000 2 8 8 13
1 22 0 1 0 0 0 3000 3 5 5 8
1 23 1 0 0 1 0 3000 1 8 8 5
1 24 1 1 1 0 0 568 1 5 5 8
1 25 0 1 0 0 0 3000 3 4 4 5
2 1 0 1 0 0 0 3000 1 11 11 4
2 2 0 1 0 0 0 3000 3 13 13 11
2 3 0 0 0 0 1 398 2 3 3 13
2 4 1 0 0 1 0 3000 1 13 13 3
2 5 1 0 0 1 0 3000 1 3 3 13
2 6 0 1 0 0 0 3000 3 15 15 3
2 7 1 0 0 1 0 3000 1 3 3 15
2 8 0 1 0 0 0 3000 3 6 6 3
2 9 0 1 0 0 0 3000 2 8 8 6
2 10 0 1 0 0 0 3000 3 2 2 8
2 11 1 0 0 1 0 3000 1 8 8 2
2 12 0 1 0 0 0 3000 2 13 13 8
2 13 0 1 0 0 0 3000 3 5 5 13
2 14 0 1 0 0 0 3000 3 1 1 5
2 15 0 1 0 0 0 3000 3 12 12 1
2 16 1 0 0 1 0 3000 1 1 1 12
2 17 0 1 0 0 0 3000 2 2 2 1
2 18 0 1 0 0 0 3000 3 12 12 2
2 19 1 0 0 1 0 3000 1 2 2 12
2 20 1 0 0 1 0 3000 1 12 12 2
2 21 0 1 0 0 0 3000 3 14 14 12
2 22 0 1 0 0 0 3000 3 8 8 14
2 23 0 1 0 0 0 3000 3 11 11 8
2 24 0 1 0 0 0 3000 3 10 10 11
2 25 0 1 0 0 0 3000 3 7 7 10
3 1 0 1 0 0 0 3000 2 5 5 7
3 2 0 1 0 0 0 3000 1 11 11 5
3 3 0 1 0 0 0 3000 3 6 6 11
3 4 1 0 0 1 0 3000 1 11 11 6
3 5 1 1 1 0 0 508 1 6 6 11
3 6 0 1 0 0 0 3000 3 3 3 6
3 7 0 1 0 0 0 3000 3 10 10 3
3 8 0 0 0 0 1 382 3 15 15 10
3 9 0 1 0 0 0 3000 2 3 3 15
3 10 0 1 0 0 0 3000 3 4 4 3
3 11 0 1 0 0 0 3000 3 15 15 4
3 12 0 1 0 0 0 3000 2 10 10 15
3 13 1 1 1 0 0 372 1 15 15 10
3 14 1 0 0 1 0 3000 1 10 10 15
3 15 1 0 0 1 0 3000 1 15 15 10
3 16 0 1 0 0 0 3000 2 3 3 15
3 17 0 1 0 0 0 3000 2 4 4 3
3 18 0 1 0 0 0 3000 3 4 4 4
3 19 0 1 0 0 0 3000 3 8 8 4
3 20 0 1 0 0 0 3000 3 3 3 8
3 21 0 1 0 0 0 3000 2 2 2 3
3 22 0 1 0 0 0 3000 3 8 8 2
3 23 0 1 0 0 0 3000 2 9 9 8
3 24 1 1 1 0 0 382 1 8 8 9
3 25 0 1 0 0 0 3000 3 7 7 8
