1 1 0 1 0 0 0 3000 1 15 15 0
1 2 0 1 0 0 0 3000 1 5 5 15
1 3 0 1 0 0 0 3000 2 1 1 5
1 4 0 1 0 0 0 3000 3 2 2 1
1 5 0 1 0 0 0 3000 2 7 7 2
1 6 0 1 0 0 0 3000 3 8 8 7
1 7 1 1 1 0 0 1280 1 7 7 8
1 8 1 0 0 1 0 3000 1 8 8 7
1 9 0 1 0 0 0 3000 3 10 10 8
1 10 1 1 1 0 0 971 1 8 8 10
1 11 0 1 0 0 0 3000 3 13 13 8
1 12 0 1 0 0 0 3000 2 12 12 13
1 13 0 1 0 0 0 3000 2 9 9 12
1 14 0 1 0 0 0 3000 2 11 11 9
1 15 1 0 0 1 0 3000 1 9 9 11
1 16 0 1 0 0 0 3000 2 14 14 9
1 17 1 0 0 1 0 3000 1 9 9 14
1 18 0 1 0 0 0 3000 3 3 3 9
1 19 1 1 1 0 0 2270 1 9 9 3
1 20 0 1 0 0 0 3000 3 2 2 9
1 21 0 1 0 0 0 3000 2 10 10 2
1 22 1 1 1 0 0 700 1 2 2 10
1 23 0 1 0 0 0 3000 2 14 14 2
1 24 1 0 0 1 0 3000 1 2 2 14
1 25 0 1 0 0 0 3000 2 3 3 2
2 1 0 1 0 0 0 3000 3 7 7 3
2 2 0 1 0 0 0 3000 1 8 8 7
2 3 1 1 1 0 0 567 1 7 7 8
2 4 1 0 0 1 0 3000 1 8 8 7
2 5 1 0 0 1 0 3000 1 7 7 8
2 6 0 1 0 0 0 3000 2 15 15 7
2 7 0 1 0 0 0 3000 2 11 11 15
2 8 0 1 0 0 0 3000 3 1 1 11
2 9 0 1 0 0 0 3000 2 6 6 1
2 10 0 1 0 0 0 3000 3 9 9 6
2 11 0 1 0 0 0 3000 3 9 9 9
2 12 0 1 0 0 0 3000 2 4 4 9
2 13 1 0 0 1 0 3000 1 9 9 4
2 14 1 0 0 1 0 3000 1 4 4 9
2 15 0 1 0 0 0 3000 2 7 7 4
2 16 1 1 1 0 0 366 1 4 4 7
2 17 0 1 0 0 0 3000 3 8 8 4
2 18 0 1 0 0 0 3000 3 6 6 8
2 19 0 1 0 0 0 3000 2 9 9 6
2 20 0 1 0 0 0 3000 2 3 3 9
2 21 0 1 0 0 0 3000 2 8 8 3
2 22 1 1 1 0 0 478 1 3 3 8
2 23 1 0 0 1 0 3000 1 8 8 3
2 24 0 1 0 0 0 3000 2 15 15 8
2 25 0 1 0 0 0 3000 2 6 6 15
3 1 0 1 0 0 0 3000 3 1 1 6
3 2 0 1 0 0 0 3000 2 5 5 1
3 3 0 1 0 0 0 3000 2 8 8 5
3 4 0 1 0 0 0 3000 3 9 9 8
3 5 0 1 0 0 0 3000 2 11 11 9
3 6 0 1 0 0 0 3000 3 4 4 11
3 7 0 1 0 0 0 3000 3 9 9 4
3 8 1 1 1 0 0 571 1 4 4 9
3 9 1 1 1 0 0 458 1 9 9 4
3 10 0 1 0 0 0 3000 3 3 3 9
3 11 1 1 1 0 0 1539 1 9 9 3
3 12 1 0 0 1 0 3000 1 3 3 9
3 13 0 1 0 0 0 3000 2 7 7 3
3 14 0 1 0 0 0 3000 3 15 15 7
3 15 0 1 0 0 0 3000 2 9 9 15
3 16 1 1 1 0 0 369 1 15 15 9
3 17 0 1 0 0 0 3000 2 5 5 15
3 18 0 1 0 0 0 3000 3 7 7 5
3 19 0 1 0 0 0 3000 2 6 6 7
3 20 0 1 0 0 0 3000 3 8 8 6
3 21 0 1 0 0 0 3000 2 2 2 8
3 22 0 1 0 0 0 3000 3 15 15 2
3 23 1 1 1 0 0 1293 1 2 2 15
3 24 0 1 0 0 0 3000 2 14 14 2
3 25 1 0 0 1 0 3000 1 2 2 14
