1 1 0 1 0 0 0 3000 3 12 12 0
1 2 0 1 0 0 0 3000 2 5 5 12
1 3 1 0 0 1 0 3000 1 12 12 5
1 4 1 1 1 0 0 1162 1 5 5 12
1 5 0 1 0 0 0 3000 2 2 2 5
1 6 0 1 0 0 0 3000 3 1 1 2
1 7 0 1 0 0 0 3000 2 5 5 1
1 8 1 1 1 0 0 502 1 1 1 5
1 9 0 1 0 0 0 3000 2 9 9 1
1 10 1 1 1 0 0 376 1 1 1 9
1 11 0 1 0 0 0 3000 2 12 12 1
1 12 0 1 0 0 0 3000 2 13 13 12
1 13 0 1 0 0 0 3000 3 5 5 13
1 14 0 1 0 0 0 3000 3 2 2 5
1 15 1 1 1 0 0 348 1 5 5 2
1 16 1 1 1 0 0 976 1 2 2 5
1 17 1 1 1 0 0 1162 1 5 5 2
1 18 0 0 0 0 1 2632 2 5 5 5
1 19 0 1 0 0 0 3000 2 1 1 5
1 20 1 1 1 0 0 342 1 5 5 1
1 21 0 1 0 0 0 3000 2 3 3 5
1 22 0 1 0 0 0 3000 3 8 8 3
1 23 0 1 0 0 0 3000 3 1 1 8
1 24 0 1 0 0 0 3000 3 4 4 1
1 25 0 0 0 0 1 961 3 8 8 4
2 1 0 1 0 0 0 3000 1 2 2 8
2 2 0 1 0 0 0 3000 2 3 3 2
2 3 0 1 0 0 0 3000 2 8 8 3
2 4 0 1 0 0 0 3000 3 11 11 8
2 5 0 1 0 0 0 3000 2 13 13 11
2 6 0 1 0 0 0 3000 2 14 14 13
2 7 0 1 0 0 0 3000 3 1 1 14
2 8 1 1 1 0 0 504 1 14 14 1
2 9 1 1 1 0 0 442 1 1 1 14
2 10 0 1 0 0 0 3000 2 15 15 1
2 11 0 1 0 0 0 3000 3 9 9 15
2 12 0 1 0 0 0 3000 2 8 8 9
2 13 1 1 1 0 0 607 1 9 9 8
2 14 0 1 0 0 0 3000 2 13 13 9
2 15 0 1 0 0 0 3000 2 5 5 13
2 16 1 1 1 0 0 1674 1 13 13 5
2 17 1 1 1 0 0 930 1 5 5 13
2 18 0 0 0 0 1 941 2 9 9 5
2 19 0 1 0 0 0 3000 2 8 8 9
2 20 0 1 0 0 0 3000 2 3 3 8
2 21 0 1 0 0 0 3000 3 4 4 3
2 22 0 1 0 0 0 3000 2 7 7 4
2 23 0 1 0 0 0 3000 2 6 6 7
2 24 0 1 0 0 0 3000 3 13 13 6
2 25 1 1 1 0 0 416 1 6 6 13
3 1 0 1 0 0 0 3000 1 10 10 6
3 2 0 1 0 0 0 3000 2 12 12 10
3 3 1 1 1 0 0 391 1 10 10 12
3 4 0 1 0 0 0 3000 3 1 1 10
3 5 0 1 0 0 0 3000 3 15 15 1
3 6 0 1 0 0 0 3000 3 2 2 15
3 7 0 1 0 0 0 3000 2 3 3 2
3 8 0 0 0 0 1 782 3 12 12 3
3 9 1 1 1 0 0 779 1 3 3 12
3 10 0 1 0 0 0 3000 2 11 11 3
3 11 0 1 0 0 0 3000 3 13 13 11
3 12 0 1 0 0 0 3000 3 12 12 13
3 13 0 1 0 0 0 3000 2 7 7 12
3 14 0 1 0 0 0 3000 3 10 10 7
3 15 0 1 0 0 0 3000 3 3 3 10
3 16 1 1 1 0 0 674 1 10 10 3
3 17 0 1 0 0 0 3000 3 8 8 10
3 18 0 1 0 0 0 3000 3 11 11 8
3 19 0 1 0 0 0 3000 2 3 3 11
3 20 0 1 0 0 0 3000 3 9 9 3
3 21 1 1 1 0 0 606 1 3 3 9
3 22 0 1 0 0 0 3000 3 1 1 3
3 23 1 1 1 0 0 511 1 3 3 1
3 24 0 1 0 0 0 3000 3 5 5 3
3 25 0 1 0 0 0 3000 2 6 6 5
