1 1 0 1 0 0 0 3000 3 8 8 0
1 2 0 1 0 0 0 3000 1 11 11 8
1 3 0 1 0 0 0 3000 2 5 5 11
1 4 0 1 0 0 0 3000 3 2 2 5
1 5 1 1 1 0 0 453 1 5 5 2
1 6 1 0 0 1 0 3000 1 2 2 5
1 7 1 0 0 1 0 3000 1 5 5 2
1 8 1 1 1 0 0 418 1 2 2 5
1 9 0 1 0 0 0 3000 2 11 11 2
1 10 0 1 0 0 0 3000 2 9 9 11
1 11 0 1 0 0 0 3000 2 2 2 9
1 12 0 1 0 0 0 3000 2 8 8 2
1 13 0 1 0 0 0 3000 3 11 11 8
1 14 1 1 1 0 0 569 1 8 8 11
1 15 1 0 0 1 0 3000 1 11 11 8
1 16 0 1 0 0 0 3000 2 5 5 11
1 17 0 1 0 0 0 3000 3 10 10 5
1 18 0 1 0 0 0 3000 3 10 10 10
1 19 1 1 1 0 0 603 1 10 10 10
1 20 0 1 0 0 0 3000 3 11 11 10
1 21 1 1 1 0 0 518 1 10 10 11
1 22 0 1 0 0 0 3000 2 6 6 10
1 23 0 1 0 0 0 3000 3 1 1 6
1 24 1 1 1 0 0 895 1 6 6 1
1 25 1 1 1 0 0 733 1 1 1 6
2 1 0 1 0 0 0 3000 1 8 8 1
2 2 0 1 0 0 0 3000 3 6 6 8
2 3 1 0 0 1 0 3000 1 8 8 6
2 4 0 1 0 0 0 3000 3 8 8 8
2 5 0 0 0 0 1 388 3 6 6 8
2 6 1 1 1 0 0 1125 1 8 8 6
2 7 0 1 0 0 0 3000 3 5 5 8
2 8 0 1 0 0 0 3000 2 2 2 5
2 9 1 0 0 1 0 3000 1 5 5 2
2 10 0 1 0 0 0 3000 2 9 9 5
2 11 1 0 0 1 0 3000 1 5 5 9
2 12 0 1 0 0 0 3000 3 7 7 5
2 13 0 1 0 0 0 3000 2 2 2 7
2 14 0 1 0 0 0 3000 3 4 4 2
2 15 0 1 0 0 0 3000 3 10 10 4
2 16 0 1 0 0 0 3000 2 11 11 10
2 17 0 1 0 0 0 3000 2 11 11 11
2 18 1 1 1 0 0 470 1 11 11 11
2 19 0 1 0 0 0 3000 3 5 5 11
2 20 0 1 0 0 0 3000 3 8 8 5
2 21 1 1 1 0 0 428 1 5 5 8
2 22 1 1 1 0 0 772 1 8 8 5
2 23 0 1 0 0 0 3000 3 1 1 8
2 24 0 1 0 0 0 3000 2 4 4 1
2 25 0 1 0 0 0 3000 2 4 4 4
3 1 0 1 0 0 0 3000 3 5 5 4
3 2 0 1 0 0 0 3000 3 15 15 5
3 3 1 1 1 0 0 436 1 5 5 15
3 4 0 1 0 0 0 3000 3 3 3 5
3 5 0 1 0 0 0 3000 3 9 9 3
3 6 0 1 0 0 0 3000 2 6 6 9
3 7 1 1 1 0 0 438 1 9 9 6
3 8 1 1 1 0 0 1047 1 6 6 9
3 9 0 1 0 0 0 3000 2 4 4 6
3 10 0 1 0 0 0 3000 3 10 10 4
3 11 1 1 1 0 0 518 1 4 4 10
3 12 1 1 1 0 0 729 1 10 10 4
3 13 0 1 0 0 0 3000 2 14 14 10
3 14 1 1 1 0 0 449 1 10 10 14
3 15 0 1 0 0 0 3000 2 9 9 10
3 16 0 1 0 0 0 3000 2 6 6 9
3 17 0 1 0 0 0 3000 2 11 11 6
3 18 0 1 0 0 0 3000 2 15 15 11
3 19 0 1 0 0 0 3000 2 5 5 15
3 20 0 1 0 0 0 3000 2 4 4 5
3 21 0 1 0 0 0 3000 3 3 3 4
3 22 1 1 1 0 0 411 1 4 4 3
3 23 1 1 1 0 0 515 1 3 3 4
3 24 0 1 0 0 0 3000 2 15 15 3
3 25 0 1 0 0 0 3000 3 14 14 15
