1 1 0 1 0 0 0 3000 1 13 13 0
1 2 0 1 0 0 0 3000 3 1 1 13
1 3 0 1 0 0 0 3000 3 9 9 1
1 4 0 1 0 0 0 3000 2 12 12 9
1 5 0 1 0 0 0 3000 3 6 6 12
1 6 0 1 0 0 0 3000 2 11 11 6
1 7 0 1 0 0 0 3000 2 8 8 11
1 8 0 1 0 0 0 3000 2 2 2 8
1 9 0 1 0 0 0 3000 3 11 11 2
1 10 0 1 0 0 0 3000 2 9 9 11
1 11 1 1 1 0 0 452 1 11 11 9
1 12 1 1 1 0 0 581 1 9 9 11
1 13 0 1 0 0 0 3000 2 14 14 9
1 14 1 1 1 0 0 422 1 9 9 14
1 15 1 1 1 0 0 385 1 14 14 9
1 16 0 1 0 0 0 3000 3 2 2 14
1 17 0 0 0 0 1 1772 3 2 2 2
1 18 0 1 0 0 0 3000 3 14 14 2
1 19 0 1 0 0 0 3000 2 14 14 14
1 20 1 1 1 0 0 674 1 14 14 14
1 21 1 1 1 0 0 476 1 14 14 14
1 22 0 1 0 0 0 3000 2 3 3 14
1 23 1 1 1 0 0 391 1 14 14 3
1 24 0 0 0 0 1 412 3 14 14 14
1 25 0 1 0 0 0 3000 3 1 1 14
2 1 0 1 0 0 0 3000 1 3 3 1
2 2 0 1 0 0 0 3000 1 10 10 3
2 3 1 1 1 0 0 455 1 3 3 10
2 4 0 1 0 0 0 3000 3 8 8 3
2 5 0 1 0 0 0 3000 3 10 10 8
2 6 1 1 1 0 0 655 1 8 8 10
2 7 0 1 0 0 0 3000 3 9 9 8
2 8 0 1 0 0 0 3000 3 7 7 9
2 9 0 1 0 0 0 3000 3 13 13 7
2 10 0 1 0 0 0 3000 3 10 10 13
2 11 1 1 1 0 0 488 1 13 13 10
2 12 1 1 1 0 0 416 1 10 10 13
2 13 1 1 1 0 0 446 1 13 13 10
2 14 0 1 0 0 0 3000 2 8 8 13
2 15 1 1 1 0 0 404 1 13 13 8
2 16 1 1 1 0 0 470 1 8 8 13
2 17 0 1 0 0 0 3000 3 6 6 8
2 18 1 1 1 0 0 431 1 8 8 6
2 19 1 1 1 0 0 413 1 6 6 8
2 20 1 1 1 0 0 408 1 8 8 6
2 21 0 1 0 0 0 3000 3 5 5 8
2 22 0 1 0 0 0 3000 2 3 3 5
2 23 0 1 0 0 0 3000 3 10 10 3
2 24 0 1 0 0 0 3000 3 11 11 10
2 25 0 1 0 0 0 3000 3 3 3 11
3 1 0 1 0 0 0 3000 3 15 15 3
3 2 0 1 0 0 0 3000 3 5 5 15
3 3 1 1 1 0 0 447 1 15 15 5
3 4 0 1 0 0 0 3000 2 13 13 15
3 5 1 1 1 0 0 367 1 15 15 13
3 6 1 1 1 0 0 438 1 13 13 15
3 7 1 1 1 0 0 375 1 15 15 13
3 8 0 1 0 0 0 3000 3 2 2 15
3 9 0 1 0 0 0 3000 2 4 4 2
3 10 1 1 1 0 0 492 1 2 2 4
3 11 0 1 0 0 0 3000 2 2 2 2
3 12 0 1 0 0 0 3000 2 14 14 2
3 13 0 1 0 0 0 3000 2 13 13 14
3 14 1 1 1 0 0 379 1 14 14 13
3 15 0 1 0 0 0 3000 3 6 6 14
3 16 1 1 1 0 0 369 1 14 14 6
3 17 1 1 1 0 0 400 1 6 6 14
3 18 1 1 1 0 0 369 1 14 14 6
3 19 0 1 0 0 0 3000 2 7 7 14
3 20 1 1 1 0 0 549 1 14 14 7
3 21 0 1 0 0 0 3000 2 4 4 14
3 22 0 1 0 0 0 3000 2 10 10 4
3 23 0 1 0 0 0 3000 2 5 5 10
3 24 0 1 0 0 0 3000 3 5 5 5
3 25 0 1 0 0 0 3000 2 14 14 5
