1 1 0 1 0 0 0 3000 1 3 3 0
1 2 0 1 0 0 0 3000 1 13 13 3
1 3 0 1 0 0 0 3000 3 10 10 13
1 4 1 0 0 1 0 3000 1 13 13 10
1 5 0 1 0 0 0 3000 2 13 13 13
1 6 0 1 0 0 0 3000 3 9 9 13
1 7 1 1 1 0 0 377 1 13 13 9
1 8 0 1 0 0 0 3000 2 5 5 13
1 9 0 1 0 0 0 3000 2 14 14 5
1 10 1 0 0 1 0 3000 1 5 5 14
1 11 0 1 0 0 0 3000 3 1 1 5
1 12 1 0 0 1 0 3000 1 5 5 1
1 13 0 1 0 0 0 3000 2 9 9 5
1 14 0 1 0 0 0 3000 2 10 10 9
1 15 0 1 0 0 0 3000 2 6 6 10
1 16 0 1 0 0 0 3000 3 7 7 6
1 17 1 0 0 1 0 3000 1 6 6 7
1 18 0 1 0 0 0 3000 3 3 3 6
1 19 0 1 0 0 0 3000 2 14 14 3
1 20 0 0 0 0 1 626 2 6 6 14
1 21 1 0 0 1 0 3000 1 14 14 6
1 22 0 1 0 0 0 3000 3 7 7 14
1 23 0 1 0 0 0 3000 2 15 15 7
1 24 0 1 0 0 0 3000 2 14 14 15
1 25 0 1 0 0 0 3000 2 3 3 14
2 1 0 1 0 0 0 3000 3 5 5 3
2 2 0 1 0 0 0 3000 2 8 8 5
2 3 1 1 1 0 0 365 1 5 5 8
2 4 0 1 0 0 0 3000 2 11 11 5
2 5 0 1 0 0 0 3000 2 7 7 11
2 6 0 1 0 0 0 3000 2 6 6 7
2 7 0 1 0 0 0 3000 3 14 14 6
2 8 0 1 0 0 0 3000 3 10 10 14
2 9 1 1 1 0 0 558 1 14 14 10
2 10 1 1 1 0 0 777 1 10 10 14
2 11 1 1 1 0 0 586 1 14 14 10
2 12 0 1 0 0 0 3000 2 9 9 14
2 13 0 1 0 0 0 3000 3 12 12 9
2 14 0 1 0 0 0 3000 3 4 4 12
2 15 0 0 0 0 1 500 3 4 4 4
2 16 1 1 1 0 0 596 1 4 4 4
2 17 0 1 0 0 0 3000 3 13 13 4
2 18 0 0 0 0 1 1069 3 13 13 13
2 19 0 1 0 0 0 3000 3 10 10 13
2 20 0 1 0 0 0 3000 3 8 8 10
2 21 1 1 1 0 0 335 1 10 10 8
2 22 1 0 0 1 0 3000 1 8 8 10
2 23 1 1 1 0 0 435 1 10 10 8
2 24 1 1 1 0 0 1155 1 8 8 10
2 25 0 1 0 0 0 3000 2 12 12 8
3 1 0 1 0 0 0 3000 2 12 12 12
3 2 0 1 0 0 0 3000 3 14 14 12
3 3 0 1 0 0 0 3000 2 3 3 14
3 4 1 1 1 0 0 364 1 14 14 3
3 5 0 1 0 0 0 3000 2 2 2 14
3 6 0 1 0 0 0 3000 3 4 4 2
3 7 1 1 1 0 0 442 1 2 2 4
3 8 1 0 0 1 0 3000 1 4 4 2
3 9 1 1 1 0 0 588 1 2 2 4
3 10 0 1 0 0 0 3000 2 8 8 2
3 11 1 1 1 0 0 1098 1 2 2 8
3 12 0 0 0 0 1 638 3 4 4 2
3 13 0 1 0 0 0 3000 3 5 5 4
3 14 1 1 1 0 0 588 1 4 4 5
3 15 1 1 1 0 0 548 1 5 5 4
3 16 0 1 0 0 0 3000 2 12 12 5
3 17 0 1 0 0 0 3000 2 13 13 12
3 18 0 0 0 0 1 482 3 13 13 13
3 19 0 1 0 0 0 3000 2 3 3 13
3 20 0 0 0 0 1 516 3 5 5 3
3 21 0 1 0 0 0 3000 2 11 11 5
3 22 0 1 0 0 0 3000 3 2 2 11
3 23 0 1 0 0 0 3000 2 10 10 2
3 24 1 1 1 0 0 337 1 2 2 10
3 25 0 1 0 0 0 3000 3 12 12 2
