1 1 0 1 0 0 0 3000 3 5 5 0
1 2 0 1 0 0 0 3000 1 5 5 5
1 3 0 1 0 0 0 3000 3 3 3 5
1 4 1 0 0 1 0 3000 1 5 5 3
1 5 0 1 0 0 0 3000 2 15 15 5
1 6 0 0 0 0 1 883 2 3 3 15
1 7 0 1 0 0 0 3000 3 5 5 3
1 8 1 0 0 1 0 3000 1 3 3 5
1 9 0 1 0 0 0 3000 2 9 9 3
1 10 1 1 1 0 0 849 1 3 3 9
1 11 0 1 0 0 0 3000 2 1 1 3
1 12 0 1 0 0 0 3000 2 9 9 1
1 13 0 1 0 0 0 3000 3 5 5 9
1 14 0 1 0 0 0 3000 2 8 8 5
1 15 0 1 0 0 0 3000 2 14 14 8
1 16 0 1 0 0 0 3000 2 14 14 14
1 17 1 1 1 0 0 483 1 14 14 14
1 18 0 1 0 0 0 3000 3 1 1 14
1 19 0 1 0 0 0 3000 2 5 5 1
1 20 0 1 0 0 0 3000 2 14 14 5
1 21 1 1 1 0 0 468 1 5 5 14
1 22 0 1 0 0 0 3000 2 10 10 5
1 23 1 1 1 0 0 756 1 5 5 10
1 24 0 1 0 0 0 3000 3 14 14 5
1 25 1 1 1 0 0 1146 1 5 5 14
2 1 0 1 0 0 0 3000 1 6 6 5
2 2 0 1 0 0 0 3000 2 13 13 6
2 3 1 1 1 0 0 492 1 6 6 13
2 4 0 1 0 0 0 3000 3 11 11 6
2 5 0 1 0 0 0 3000 3 8 8 11
2 6 1 1 1 0 0 379 1 11 11 8
2 7 1 1 1 0 0 604 1 8 8 11
2 8 0 1 0 0 0 3000 3 7 7 8
2 9 1 1 1 0 0 428 1 8 8 7
2 10 1 1 1 0 0 1026 1 7 7 8
2 11 1 1 1 0 0 578 1 8 8 7
2 12 0 1 0 0 0 3000 2 10 10 8
2 13 0 1 0 0 0 3000 3 13 13 10
2 14 0 1 0 0 0 3000 2 13 13 13
2 15 0 1 0 0 0 3000 3 6 6 13
2 16 0 1 0 0 0 3000 3 5 5 6
2 17 1 1 1 0 0 429 1 6 6 5
2 18 0 1 0 0 0 3000 2 14 14 6
2 19 0 1 0 0 0 3000 3 4 4 14
2 20 1 1 1 0 0 489 1 14 14 4
2 21 1 1 1 0 0 915 1 4 4 14
2 22 0 1 0 0 0 3000 2 7 7 4
2 23 0 1 0 0 0 3000 2 9 9 7
2 24 0 1 0 0 0 3000 2 9 9 9
2 25 1 1 1 0 0 959 1 9 9 9
3 1 0 1 0 0 0 3000 2 13 13 9
3 2 0 1 0 0 0 3000 1 3 3 13
3 3 1 1 1 0 0 353 1 13 13 3
3 4 1 1 1 0 0 853 1 3 3 13
3 5 0 1 0 0 0 3000 2 6 6 3
3 6 0 1 0 0 0 3000 3 11 11 6
3 7 0 1 0 0 0 3000 2 14 14 11
3 8 0 1 0 0 0 3000 2 14 14 14
3 9 1 1 1 0 0 902 1 14 14 14
3 10 1 1 1 0 0 876 1 14 14 14
3 11 0 1 0 0 0 3000 2 11 11 14
3 12 0 1 0 0 0 3000 3 4 4 11
3 13 1 1 1 0 0 457 1 11 11 4
3 14 1 1 1 0 0 682 1 4 4 11
3 15 1 0 0 1 0 3000 1 11 11 4
3 16 0 1 0 0 0 3000 2 15 15 11
3 17 0 1 0 0 0 3000 3 3 3 15
3 18 0 1 0 0 0 3000 3 8 8 3
3 19 1 1 1 0 0 607 1 3 3 8
3 20 0 1 0 0 0 3000 2 11 11 3
3 21 1 1 1 0 0 451 1 3 3 11
3 22 0 1 0 0 0 3000 2 8 8 3
3 23 0 1 0 0 0 3000 2 10 10 8
3 24 1 1 1 0 0 374 1 8 8 10
3 25 1 1 1 0 0 434 1 10 10 8
