1 1 0 1 0 0 0 3000 3 8 8 0
1 2 0 1 0 0 0 3000 2 8 8 8
1 3 1 1 1 0 0 568 1 8 8 8
1 4 0 1 0 0 0 3000 3 9 9 8
1 5 1 0 0 1 0 3000 1 8 8 9
1 6 1 0 0 1 0 3000 1 9 9 8
1 7 0 1 0 0 0 3000 3 4 4 9
1 8 0 1 0 0 0 3000 2 15 15 4
1 9 1 0 0 1 0 3000 1 4 4 15
1 10 0 1 0 0 0 3000 3 6 6 4
1 11 0 0 0 0 1 702 2 6 6 6
1 12 0 0 0 0 1 621 3 15 15 6
1 13 1 1 1 0 0 425 1 6 6 15
1 14 1 1 1 0 0 437 1 15 15 6
1 15 0 0 0 0 1 340 3 2 2 15
1 16 0 0 0 0 1 29 2 2 2 2
1 17 1 1 1 0 0 507 1 2 2 2
1 18 0 1 0 0 0 3000 2 8 8 2
1 19 0 0 0 0 1 613 2 15 15 8
1 20 0 0 0 0 1 559 2 7 7 15
1 21 0 0 0 0 1 1173 3 6 6 7
1 22 0 1 0 0 0 3000 2 3 3 6
1 23 0 0 0 0 1 159 3 12 12 3
1 24 1 1 1 0 0 1066 1 3 3 12
1 25 0 0 0 0 1 807 3 7 7 3
2 1 0 1 0 0 0 3000 1 7 7 7
2 2 0 0 0 0 1 424 1 9 9 7
2 3 1 1 1 0 0 446 1 7 7 9
2 4 1 1 1 0 0 502 1 9 9 7
2 5 0 0 0 0 1 740 2 15 15 9
2 6 0 0 0 0 1 977 2 4 4 15
2 7 0 1 0 0 0 3000 2 11 11 4
2 8 1 1 1 0 0 973 1 4 4 11
2 9 1 1 1 0 0 612 1 11 11 4
2 10 1 1 1 0 0 651 1 4 4 11
2 11 0 0 0 0 1 661 3 8 8 4
2 12 0 0 0 0 1 482 2 2 2 8
2 13 0 1 0 0 0 3000 3 2 2 2
2 14 0 0 0 0 1 452 2 13 13 2
2 15 0 0 0 0 1 693 2 7 7 13
2 16 0 0 0 0 1 411 3 7 7 7
2 17 1 0 0 1 0 3000 1 7 7 7
2 18 0 1 0 0 0 3000 2 1 1 7
2 19 0 0 0 0 1 1610 3 12 12 1
2 20 0 1 0 0 0 3000 2 12 12 12
2 21 0 0 0 0 1 381 2 1 1 12
2 22 0 0 0 0 1 1105 3 13 13 1
2 23 0 0 0 0 1 468 3 7 7 13
2 24 1 1 1 0 0 730 1 13 13 7
2 25 1 1 1 0 0 371 1 7 7 13
3 1 0 0 0 0 1 1163 3 6 6 7
3 2 0 0 0 0 1 441 3 8 8 6
3 3 0 0 0 0 1 573 2 11 11 8
3 4 0 0 0 0 1 545 3 11 11 11
3 5 0 0 0 0 1 405 2 2 2 11
3 6 0 0 0 0 1 627 2 1 1 2
3 7 0 0 0 0 1 576 3 12 12 1
3 8 1 0 0 1 0 3000 1 1 1 12
3 9 0 0 0 0 1 720 2 1 1 1
3 10 0 0 0 0 1 1128 3 4 4 1
3 11 0 1 0 0 0 3000 2 7 7 4
3 12 0 0 0 0 1 594 2 9 9 7
3 13 0 0 0 0 1 1753 3 13 13 9
3 14 0 0 0 0 1 2268 3 15 15 13
3 15 0 1 0 0 0 3000 3 3 3 15
3 16 0 0 0 0 1 380 3 10 10 3
3 17 1 1 1 0 0 389 1 3 3 10
3 18 1 1 1 0 0 797 1 10 10 3
3 19 1 1 1 0 0 628 1 3 3 10
3 20 0 0 0 0 1 712 2 5 5 3
3 21 0 0 0 0 1 1029 2 5 5 5
3 22 1 1 1 0 0 898 1 5 5 5
3 23 1 1 1 0 0 1151 1 5 5 5
3 24 1 1 1 0 0 872 1 5 5 5
3 25 1 0 0 1 0 3000 1 5 5 5
