1 1 0 1 0 0 0 3000 1 5 5 0
1 2 0 1 0 0 0 3000 1 12 12 5
1 3 0 1 0 0 0 3000 2 4 4 12
1 4 1 0 0 1 0 3000 1 12 12 4
1 5 1 0 0 1 0 3000 1 4 4 12
1 6 0 1 0 0 0 3000 2 11 11 4
1 7 1 0 0 1 0 3000 1 4 4 11
1 8 0 1 0 0 0 3000 3 7 7 4
1 9 0 1 0 0 0 3000 2 15 15 7
1 10 0 0 0 0 1 541 3 15 15 15
1 11 0 1 0 0 0 3000 2 13 13 15
1 12 1 0 0 1 0 3000 1 15 15 13
1 13 0 1 0 0 0 3000 3 6 6 15
1 14 0 1 0 0 0 3000 3 11 11 6
1 15 0 1 0 0 0 3000 2 11 11 11
1 16 1 1 1 0 0 478 1 11 11 11
1 17 0 1 0 0 0 3000 2 5 5 11
1 18 0 1 0 0 0 3000 3 5 5 5
1 19 0 1 0 0 0 3000 3 4 4 5
1 20 0 1 0 0 0 3000 3 11 11 4
1 21 0 1 0 0 0 3000 3 15 15 11
1 22 0 1 0 0 0 3000 2 7 7 15
1 23 0 1 0 0 0 3000 2 5 5 7
1 24 0 1 0 0 0 3000 3 3 3 5
1 25 0 0 0 0 1 418 3 14 14 3
2 1 0 1 0 0 0 3000 3 4 4 14
2 2 0 1 0 0 0 3000 3 13 13 4
2 3 0 1 0 0 0 3000 3 12 12 13
2 4 1 0 0 1 0 3000 1 13 13 12
2 5 0 1 0 0 0 3000 2 5 5 13
2 6 1 1 1 0 0 356 1 13 13 5
2 7 0 1 0 0 0 3000 2 12 12 13
2 8 0 1 0 0 0 3000 3 6 6 12
2 9 0 1 0 0 0 3000 3 5 5 6
2 10 0 1 0 0 0 3000 3 9 9 5
2 11 1 0 0 1 0 3000 1 5 5 9
2 12 0 1 0 0 0 3000 3 11 11 5
2 13 1 0 0 1 0 3000 1 5 5 11
2 14 0 1 0 0 0 3000 2 15 15 5
2 15 1 1 1 0 0 1829 1 5 5 15
2 16 0 1 0 0 0 3000 3 4 4 5
2 17 1 0 0 1 0 3000 1 5 5 4
2 18 0 1 0 0 0 3000 2 8 8 5
2 19 0 1 0 0 0 3000 2 10 10 8
2 20 0 1 0 0 0 3000 3 4 4 10
2 21 0 1 0 0 0 3000 2 5 5 4
2 22 0 0 0 0 1 493 2 12 12 5
2 23 1 0 0 1 0 3000 1 5 5 12
2 24 1 0 0 1 0 3000 1 12 12 5
2 25 0 1 0 0 0 3000 3 2 2 12
3 1 0 1 0 0 0 3000 2 9 9 2
3 2 0 1 0 0 0 3000 3 5 5 9
3 3 0 1 0 0 0 3000 2 8 8 5
3 4 0 1 0 0 0 3000 3 9 9 8
3 5 1 0 0 1 0 3000 1 8 8 9
3 6 0 0 0 0 1 361 2 3 3 8
3 7 1 0 0 1 0 3000 1 8 8 3
3 8 1 0 0 1 0 3000 1 3 3 8
3 9 1 0 0 1 0 3000 1 8 8 3
3 10 1 0 0 1 0 3000 1 3 3 8
3 11 1 1 1 0 0 514 1 8 8 3
3 12 0 1 0 0 0 3000 3 9 9 8
3 13 1 0 0 1 0 3000 1 8 8 9
3 14 1 1 1 0 0 464 1 9 9 8
3 15 0 1 0 0 0 3000 3 2 2 9
3 16 0 1 0 0 0 3000 2 13 13 2
3 17 0 0 0 0 1 672 3 4 4 13
3 18 1 0 0 1 0 3000 1 13 13 4
3 19 1 1 1 0 0 1056 1 4 4 13
3 20 0 1 0 0 0 3000 2 10 10 4
3 21 0 1 0 0 0 3000 3 6 6 10
3 22 0 1 0 0 0 3000 2 13 13 6
3 23 0 1 0 0 0 3000 2 3 3 13
3 24 0 0 0 0 1 485 2 10 10 3
3 25 0 1 0 0 0 3000 3 7 7 10
