1 1 0 1 0 0 0 3000 3 4 4 0
1 2 0 1 0 0 0 3000 1 14 14 4
1 3 1 1 1 0 0 394 1 4 4 14
1 4 1 1 1 0 0 474 1 14 14 4
1 5 0 1 0 0 0 3000 2 5 5 14
1 6 0 1 0 0 0 3000 3 5 5 5
1 7 1 1 1 0 0 415 1 5 5 5
1 8 0 1 0 0 0 3000 3 15 15 5
1 9 0 1 0 0 0 3000 2 12 12 15
1 10 0 1 0 0 0 3000 3 3 3 12
1 11 0 1 0 0 0 3000 3 2 2 3
1 12 0 1 0 0 0 3000 3 13 13 2
1 13 0 1 0 0 0 3000 2 11 11 13
1 14 1 1 1 0 0 366 1 13 13 11
1 15 0 1 0 0 0 3000 2 5 5 13
1 16 0 1 0 0 0 3000 2 2 2 5
1 17 1 1 1 0 0 328 1 5 5 2
1 18 0 1 0 0 0 3000 3 13 13 5
1 19 0 1 0 0 0 3000 2 1 1 13
1 20 0 1 0 0 0 3000 2 10 10 1
1 21 1 1 1 0 0 348 1 1 1 10
1 22 0 1 0 0 0 3000 3 4 4 1
1 23 0 1 0 0 0 3000 3 10 10 4
1 24 0 1 0 0 0 3000 2 10 10 10
1 25 0 1 0 0 0 3000 2 12 12 10
2 1 0 1 0 0 0 3000 1 8 8 12
2 2 0 1 0 0 0 3000 1 9 9 8
2 3 0 1 0 0 0 3000 2 11 11 9
2 4 0 1 0 0 0 3000 2 2 2 11
2 5 0 1 0 0 0 3000 3 4 4 2
2 6 0 1 0 0 0 3000 2 9 9 4
2 7 0 1 0 0 0 3000 2 5 5 9
2 8 0 1 0 0 0 3000 3 12 12 5
2 9 0 1 0 0 0 3000 3 14 14 12
2 10 0 1 0 0 0 3000 2 6 6 14
2 11 1 1 1 0 0 1192 1 14 14 6
2 12 1 0 0 1 0 3000 1 6 6 14
2 13 0 0 0 0 1 877 2 6 6 6
2 14 0 1 0 0 0 3000 3 15 15 6
2 15 0 1 0 0 0 3000 3 3 3 15
2 16 1 1 1 0 0 796 1 15 15 3
2 17 0 1 0 0 0 3000 2 7 7 15
2 18 0 1 0 0 0 3000 3 13 13 7
2 19 0 1 0 0 0 3000 3 15 15 13
2 20 1 0 0 1 0 3000 1 13 13 15
2 21 0 1 0 0 0 3000 3 4 4 13
2 22 0 1 0 0 0 3000 2 9 9 4
2 23 0 0 0 0 1 1234 3 7 7 9
2 24 0 1 0 0 0 3000 3 11 11 7
2 25 0 1 0 0 0 3000 3 11 11 11
3 1 0 1 0 0 0 3000 3 8 8 11
3 2 0 1 0 0 0 3000 3 2 2 8
3 3 0 1 0 0 0 3000 3 5 5 2
3 4 0 1 0 0 0 3000 3 7 7 5
3 5 0 1 0 0 0 3000 2 2 2 7
3 6 0 1 0 0 0 3000 3 3 3 2
3 7 0 1 0 0 0 3000 2 7 7 3
3 8 0 1 0 0 0 3000 2 2 2 7
3 9 0 1 0 0 0 3000 3 5 5 2
3 10 1 1 1 0 0 430 1 2 2 5
3 11 1 0 0 1 0 3000 1 5 5 2
3 12 0 1 0 0 0 3000 2 5 5 5
3 13 1 1 1 0 0 364 1 5 5 5
3 14 1 0 0 1 0 3000 1 5 5 5
3 15 1 0 0 1 0 3000 1 5 5 5
3 16 0 1 0 0 0 3000 3 6 6 5
3 17 0 1 0 0 0 3000 3 8 8 6
3 18 0 1 0 0 0 3000 3 13 13 8
3 19 0 1 0 0 0 3000 2 13 13 13
3 20 0 1 0 0 0 3000 2 9 9 13
3 21 0 1 0 0 0 3000 3 9 9 9
3 22 1 1 1 0 0 1065 1 9 9 9
3 23 1 0 0 1 0 3000 1 9 9 9
3 24 0 1 0 0 0 3000 2 1 1 9
3 25 1 0 0 1 0 3000 1 9 9 1
