1 1 0 1 0 0 0 3000 1 10 10 0
1 2 0 1 0 0 0 3000 3 2 2 10
1 3 0 1 0 0 0 3000 3 9 9 2
1 4 0 1 0 0 0 3000 3 3 3 9
1 5 1 1 1 0 0 395 1 9 9 3
1 6 0 1 0 0 0 3000 2 15 15 9
1 7 0 1 0 0 0 3000 2 8 8 15
1 8 0 1 0 0 0 3000 3 9 9 8
1 9 1 1 1 0 0 477 1 8 8 9
1 10 0 1 0 0 0 3000 2 2 2 8
1 11 0 1 0 0 0 3000 2 4 4 2
1 12 1 1 1 0 0 437 1 2 2 4
1 13 0 1 0 0 0 3000 3 14 14 2
1 14 0 1 0 0 0 3000 2 15 15 14
1 15 0 1 0 0 0 3000 2 1 1 15
1 16 0 1 0 0 0 3000 3 1 1 1
1 17 0 1 0 0 0 3000 2 12 12 1
1 18 0 1 0 0 0 3000 2 6 6 12
1 19 0 1 0 0 0 3000 2 4 4 6
1 20 1 1 1 0 0 427 1 6 6 4
1 21 1 0 0 1 0 3000 1 4 4 6
1 22 1 0 0 1 0 3000 1 6 6 4
1 23 1 0 0 1 0 3000 1 4 4 6
1 24 1 1 1 0 0 503 1 6 6 4
1 25 1 1 1 0 0 542 1 4 4 6
2 1 0 1 0 0 0 3000 3 1 1 4
2 2 0 1 0 0 0 3000 2 7 7 1
2 3 0 1 0 0 0 3000 3 15 15 7
2 4 1 1 1 0 0 488 1 7 7 15
2 5 1 1 1 0 0 592 1 15 15 7
2 6 0 1 0 0 0 3000 3 4 4 15
2 7 0 1 0 0 0 3000 2 9 9 4
2 8 0 1 0 0 0 3000 2 2 2 9
2 9 0 1 0 0 0 3000 2 14 14 2
2 10 0 1 0 0 0 3000 2 15 15 14
2 11 0 1 0 0 0 3000 3 15 15 15
2 12 0 1 0 0 0 3000 2 10 10 15
2 13 0 1 0 0 0 3000 3 5 5 10
2 14 0 1 0 0 0 3000 2 9 9 5
2 15 0 1 0 0 0 3000 3 4 4 9
2 16 1 0 0 1 0 3000 1 9 9 4
2 17 1 0 0 1 0 3000 1 4 4 9
2 18 0 1 0 0 0 3000 2 10 10 4
2 19 0 1 0 0 0 3000 3 6 6 10
2 20 0 1 0 0 0 3000 2 11 11 6
2 21 0 1 0 0 0 3000 3 3 3 11
2 22 0 1 0 0 0 3000 3 4 4 3
2 23 0 1 0 0 0 3000 2 14 14 4
2 24 1 1 1 0 0 398 1 4 4 14
2 25 0 1 0 0 0 3000 2 12 12 4
3 1 0 1 0 0 0 3000 2 3 3 12
3 2 0 1 0 0 0 3000 1 9 9 3
3 3 0 1 0 0 0 3000 2 13 13 9
3 4 0 1 0 0 0 3000 3 13 13 13
3 5 0 1 0 0 0 3000 2 9 9 13
3 6 0 1 0 0 0 3000 3 6 6 9
3 7 1 1 1 0 0 383 1 9 9 6
3 8 0 1 0 0 0 3000 2 4 4 9
3 9 0 1 0 0 0 3000 3 2 2 4
3 10 0 1 0 0 0 3000 3 15 15 2
3 11 1 1 1 0 0 563 1 2 2 15
3 12 0 1 0 0 0 3000 2 12 12 2
3 13 0 1 0 0 0 3000 3 13 13 12
3 14 0 1 0 0 0 3000 3 14 14 13
3 15 1 1 1 0 0 694 1 13 13 14
3 16 0 1 0 0 0 3000 2 6 6 13
3 17 0 1 0 0 0 3000 2 15 15 6
3 18 0 1 0 0 0 3000 3 15 15 15
3 19 1 1 1 0 0 344 1 15 15 15
3 20 1 0 0 1 0 3000 1 15 15 15
3 21 0 1 0 0 0 3000 3 4 4 15
3 22 0 1 0 0 0 3000 2 8 8 4
3 23 0 1 0 0 0 3000 3 12 12 8
3 24 0 1 0 0 0 3000 3 4 4 12
3 25 0 1 0 0 0 3000 3 1 1 4
