1 1 0 1 0 0 0 3000 3 12 12 0
1 2 0 1 0 0 0 3000 2 7 7 12
1 3 0 1 0 0 0 3000 2 11 11 7
1 4 1 1 1 0 0 732 1 7 7 11
1 5 0 1 0 0 0 3000 3 1 1 7
1 6 0 1 0 0 0 3000 2 9 9 1
1 7 0 1 0 0 0 3000 2 5 5 9
1 8 1 1 1 0 0 398 1 9 9 5
1 9 0 1 0 0 0 3000 2 15 15 9
1 10 0 1 0 0 0 3000 2 12 12 15
1 11 0 1 0 0 0 3000 2 10 10 12
1 12 0 1 0 0 0 3000 2 2 2 10
1 13 1 1 1 0 0 1120 1 10 10 2
1 14 0 1 0 0 0 3000 3 12 12 10
1 15 0 0 0 0 1 861 3 6 6 12
1 16 1 0 0 1 0 3000 1 12 12 6
1 17 1 1 1 0 0 711 1 6 6 12
1 18 0 1 0 0 0 3000 2 4 4 6
1 19 0 1 0 0 0 3000 2 9 9 4
1 20 1 1 1 0 0 371 1 4 4 9
1 21 0 1 0 0 0 3000 2 5 5 4
1 22 0 0 0 0 1 644 3 9 9 5
1 23 0 1 0 0 0 3000 3 15 15 9
1 24 0 1 0 0 0 3000 3 6 6 15
1 25 0 0 0 0 1 654 3 6 6 6
2 1 0 1 0 0 0 3000 1 2 2 6
2 2 0 1 0 0 0 3000 3 12 12 2
2 3 0 1 0 0 0 3000 3 7 7 12
2 4 0 1 0 0 0 3000 2 8 8 7
2 5 0 1 0 0 0 3000 3 11 11 8
2 6 0 1 0 0 0 3000 3 11 11 11
2 7 0 1 0 0 0 3000 2 12 12 11
2 8 0 1 0 0 0 3000 2 5 5 12
2 9 0 1 0 0 0 3000 2 4 4 5
2 10 1 1 1 0 0 478 1 5 5 4
2 11 1 0 0 1 0 3000 1 4 4 5
2 12 0 1 0 0 0 3000 3 12 12 4
2 13 1 0 0 1 0 3000 1 4 4 12
2 14 1 1 1 0 0 796 1 12 12 4
2 15 1 1 1 0 0 703 1 4 4 12
2 16 0 1 0 0 0 3000 3 2 2 4
2 17 0 1 0 0 0 3000 3 7 7 2
2 18 0 1 0 0 0 3000 2 5 5 7
2 19 0 1 0 0 0 3000 2 1 1 5
2 20 1 1 1 0 0 387 1 5 5 1
2 21 1 0 0 1 0 3000 1 1 1 5
2 22 0 1 0 0 0 3000 3 9 9 1
2 23 0 1 0 0 0 3000 2 6 6 9
2 24 1 1 1 0 0 420 1 9 9 6
2 25 1 0 0 1 0 3000 1 6 6 9
3 1 0 1 0 0 0 3000 2 11 11 6
3 2 0 1 0 0 0 3000 1 9 9 11
3 3 1 0 0 1 0 3000 1 11 11 9
3 4 1 1 1 0 0 486 1 9 9 11
3 5 1 1 1 0 0 824 1 11 11 9
3 6 0 1 0 0 0 3000 2 4 4 11
3 7 1 1 1 0 0 460 1 11 11 4
3 8 0 1 0 0 0 3000 2 14 14 11
3 9 1 1 1 0 0 404 1 11 11 14
3 10 0 1 0 0 0 3000 2 11 11 11
3 11 0 0 0 0 1 406 2 14 14 11
3 12 1 1 1 0 0 1410 1 11 11 14
3 13 1 1 1 0 0 900 1 14 14 11
3 14 0 1 0 0 0 3000 2 5 5 14
3 15 0 1 0 0 0 3000 2 12 12 5
3 16 0 1 0 0 0 3000 2 8 8 12
3 17 0 1 0 0 0 3000 3 2 2 8
3 18 1 1 1 0 0 414 1 8 8 2
3 19 0 1 0 0 0 3000 3 8 8 8
3 20 0 1 0 0 0 3000 3 4 4 8
3 21 1 1 1 0 0 416 1 8 8 4
3 22 0 1 0 0 0 3000 3 5 5 8
3 23 1 1 1 0 0 493 1 8 8 5
3 24 0 1 0 0 0 3000 3 9 9 8
3 25 0 1 0 0 0 3000 2 10 10 9
