1 1 0 1 0 0 0 3000 3 15 15 0
1 2 0 1 0 0 0 3000 1 10 10 15
1 3 1 1 1 0 0 557 1 15 15 10
1 4 1 1 1 0 0 1251 1 10 10 15
1 5 0 0 0 0 1 740 2 10 10 10
1 6 1 1 1 0 0 542 1 10 10 10
1 7 0 1 0 0 0 3000 2 11 11 10
1 8 0 1 0 0 0 3000 3 4 4 11
1 9 0 1 0 0 0 3000 2 12 12 4
1 10 1 1 1 0 0 401 1 4 4 12
1 11 0 0 0 0 1 866 3 4 4 4
1 12 1 1 1 0 0 613 1 4 4 4
1 13 0 1 0 0 0 3000 3 3 3 4
1 14 0 1 0 0 0 3000 2 8 8 3
1 15 0 1 0 0 0 3000 3 15 15 8
1 16 0 0 0 0 1 470 3 4 4 15
1 17 0 1 0 0 0 3000 3 7 7 4
1 18 0 1 0 0 0 3000 2 6 6 7
1 19 0 1 0 0 0 3000 3 14 14 6
1 20 1 1 1 0 0 365 1 6 6 14
1 21 0 1 0 0 0 3000 3 15 15 6
1 22 1 1 1 0 0 429 1 6 6 15
1 23 1 0 0 1 0 3000 1 15 15 6
1 24 0 1 0 0 0 3000 3 13 13 15
1 25 1 1 1 0 0 381 1 15 15 13
2 1 0 1 0 0 0 3000 3 1 1 15
2 2 0 1 0 0 0 3000 1 2 2 1
2 3 0 1 0 0 0 3000 2 12 12 2
2 4 1 1 1 0 0 505 1 2 2 12
2 5 0 1 0 0 0 3000 2 8 8 2
2 6 0 1 0 0 0 3000 2 10 10 8
2 7 0 1 0 0 0 3000 3 14 14 10
2 8 1 1 1 0 0 451 1 10 10 14
2 9 1 0 0 1 0 3000 1 14 14 10
2 10 0 1 0 0 0 3000 2 6 6 14
2 11 1 1 1 0 0 977 1 14 14 6
2 12 0 1 0 0 0 3000 2 13 13 14
2 13 0 1 0 0 0 3000 3 8 8 13
2 14 1 1 1 0 0 477 1 13 13 8
2 15 0 1 0 0 0 3000 3 6 6 13
2 16 0 1 0 0 0 3000 2 2 2 6
2 17 0 1 0 0 0 3000 2 11 11 2
2 18 1 1 1 0 0 573 1 2 2 11
2 19 0 1 0 0 0 3000 2 3 3 2
2 20 0 1 0 0 0 3000 3 13 13 3
2 21 0 1 0 0 0 3000 3 1 1 13
2 22 1 1 1 0 0 674 1 13 13 1
2 23 0 1 0 0 0 3000 3 8 8 13
2 24 0 1 0 0 0 3000 2 14 14 8
2 25 1 1 1 0 0 397 1 8 8 14
3 1 0 1 0 0 0 3000 2 5 5 8
3 2 0 1 0 0 0 3000 1 6 6 5
3 3 0 1 0 0 0 3000 3 8 8 6
3 4 0 1 0 0 0 3000 2 2 2 8
3 5 0 1 0 0 0 3000 3 3 3 2
3 6 0 1 0 0 0 3000 3 5 5 3
3 7 0 0 0 0 1 826 3 5 5 5
3 8 0 1 0 0 0 3000 2 12 12 5
3 9 0 1 0 0 0 3000 2 12 12 12
3 10 0 1 0 0 0 3000 2 9 9 12
3 11 0 1 0 0 0 3000 2 6 6 9
3 12 1 1 1 0 0 663 1 9 9 6
3 13 1 0 0 1 0 3000 1 6 6 9
3 14 0 1 0 0 0 3000 3 8 8 6
3 15 0 1 0 0 0 3000 2 11 11 8
3 16 0 1 0 0 0 3000 3 5 5 11
3 17 0 1 0 0 0 3000 2 14 14 5
3 18 1 0 0 1 0 3000 1 5 5 14
3 19 0 1 0 0 0 3000 2 10 10 5
3 20 0 1 0 0 0 3000 2 1 1 10
3 21 1 1 1 0 0 435 1 10 10 1
3 22 0 1 0 0 0 3000 3 8 8 10
3 23 1 0 0 1 0 3000 1 10 10 8
3 24 1 1 1 0 0 862 1 8 8 10
3 25 0 1 0 0 0 3000 2 7 7 8
