1 1 0 1 0 0 0 3000 1 2 2 0
1 2 0 1 0 0 0 3000 2 10 10 2
1 3 0 1 0 0 0 3000 2 1 1 10
1 4 0 1 0 0 0 3000 2 7 7 1
1 5 1 1 1 0 0 361 1 1 1 7
1 6 1 0 0 1 0 3000 1 7 7 1
1 7 0 1 0 0 0 3000 2 9 9 7
1 8 0 1 0 0 0 3000 3 3 3 9
1 9 0 1 0 0 0 3000 3 4 4 3
1 10 0 1 0 0 0 3000 3 4 4 4
1 11 0 1 0 0 0 3000 2 13 13 4
1 12 0 0 0 0 1 926 2 7 7 13
1 13 0 0 0 0 1 502 3 2 2 7
1 14 0 0 0 0 1 332 3 3 3 2
1 15 0 0 0 0 1 453 3 11 11 3
1 16 0 0 0 0 1 483 2 10 10 11
1 17 0 0 0 0 1 765 2 9 9 10
1 18 1 1 1 0 0 698 1 10 10 9
1 19 1 0 0 1 0 3000 1 9 9 10
1 20 0 1 0 0 0 3000 3 4 4 9
1 21 0 1 0 0 0 3000 3 2 2 4
1 22 0 1 0 0 0 3000 2 15 15 2
1 23 0 1 0 0 0 3000 2 12 12 15
1 24 1 1 1 0 0 435 1 15 15 12
1 25 0 1 0 0 0 3000 2 2 2 15
2 1 0 1 0 0 0 3000 2 3 3 2
2 2 0 1 0 0 0 3000 2 4 4 3
2 3 1 1 1 0 0 423 1 3 3 4
2 4 0 1 0 0 0 3000 3 5 5 3
2 5 0 1 0 0 0 3000 3 14 14 5
2 6 0 1 0 0 0 3000 2 6 6 14
2 7 0 1 0 0 0 3000 2 2 2 6
2 8 1 1 1 0 0 527 1 6 6 2
2 9 0 1 0 0 0 3000 3 5 5 6
2 10 0 1 0 0 0 3000 2 5 5 5
2 11 0 1 0 0 0 3000 3 12 12 5
2 12 1 1 1 0 0 404 1 5 5 12
2 13 0 1 0 0 0 3000 3 14 14 5
2 14 0 1 0 0 0 3000 3 9 9 14
2 15 1 1 1 0 0 416 1 14 14 9
2 16 1 0 0 1 0 3000 1 9 9 14
2 17 1 1 1 0 0 468 1 14 14 9
2 18 0 1 0 0 0 3000 3 4 4 14
2 19 1 1 1 0 0 623 1 14 14 4
2 20 0 1 0 0 0 3000 3 1 1 14
2 21 0 1 0 0 0 3000 2 15 15 1
2 22 1 1 1 0 0 309 1 1 1 15
2 23 0 1 0 0 0 3000 2 10 10 1
2 24 1 1 1 0 0 297 1 1 1 10
2 25 0 1 0 0 0 3000 2 1 1 1
3 1 0 1 0 0 0 3000 3 7 7 1
3 2 0 1 0 0 0 3000 1 12 12 7
3 3 1 1 1 0 0 358 1 7 7 12
3 4 1 0 0 1 0 3000 1 12 12 7
3 5 0 0 0 0 1 466 3 12 12 12
3 6 0 1 0 0 0 3000 3 1 1 12
3 7 0 1 0 0 0 3000 3 3 3 1
3 8 0 1 0 0 0 3000 2 8 8 3
3 9 1 1 1 0 0 387 1 3 3 8
3 10 1 0 0 1 0 3000 1 8 8 3
3 11 0 1 0 0 0 3000 2 4 4 8
3 12 1 1 1 0 0 382 1 8 8 4
3 13 1 1 1 0 0 955 1 4 4 8
3 14 1 1 1 0 0 504 1 8 8 4
3 15 1 1 1 0 0 322 1 4 4 8
3 16 0 1 0 0 0 3000 3 9 9 4
3 17 0 1 0 0 0 3000 3 11 11 9
3 18 0 1 0 0 0 3000 3 15 15 11
3 19 0 1 0 0 0 3000 2 2 2 15
3 20 1 1 1 0 0 1187 1 15 15 2
3 21 0 1 0 0 0 3000 2 8 8 15
3 22 0 0 0 0 1 703 2 12 12 8
3 23 0 1 0 0 0 3000 3 10 10 12
3 24 0 1 0 0 0 3000 3 4 4 10
3 25 1 1 1 0 0 370 1 10 10 4
