1 1 0 1 0 0 0 3000 1 3 3 0
1 2 0 1 0 0 0 3000 1 15 15 3
1 3 0 1 0 0 0 3000 3 13 13 15
1 4 1 1 1 0 0 1006 1 15 15 13
1 5 0 0 0 0 1 798 3 3 3 15
1 6 0 1 0 0 0 3000 3 14 14 3
1 7 0 0 0 0 1 634 2 15 15 14
1 8 0 1 0 0 0 3000 3 12 12 15
1 9 0 1 0 0 0 3000 2 12 12 12
1 10 1 1 1 0 0 484 1 12 12 12
1 11 0 1 0 0 0 3000 3 6 6 12
1 12 0 1 0 0 0 3000 2 1 1 6
1 13 0 1 0 0 0 3000 2 9 9 1
1 14 0 1 0 0 0 3000 3 2 2 9
1 15 0 1 0 0 0 3000 3 8 8 2
1 16 0 0 0 0 1 558 2 8 8 8
1 17 1 1 1 0 0 637 1 8 8 8
1 18 0 1 0 0 0 3000 3 7 7 8
1 19 0 1 0 0 0 3000 2 1 1 7
1 20 0 1 0 0 0 3000 3 9 9 1
1 21 0 1 0 0 0 3000 2 13 13 9
1 22 1 1 1 0 0 354 1 9 9 13
1 23 1 0 0 1 0 3000 1 13 13 9
1 24 0 1 0 0 0 3000 3 4 4 13
1 25 0 1 0 0 0 3000 3 11 11 4
2 1 0 1 0 0 0 3000 1 11 11 11
2 2 0 1 0 0 0 3000 2 5 5 11
2 3 1 1 1 0 0 346 1 11 11 5
2 4 1 1 1 0 0 445 1 5 5 11
2 5 1 0 0 1 0 3000 1 11 11 5
2 6 0 1 0 0 0 3000 2 7 7 11
2 7 0 1 0 0 0 3000 3 2 2 7
2 8 0 1 0 0 0 3000 2 5 5 2
2 9 1 1 1 0 0 451 1 2 2 5
2 10 0 1 0 0 0 3000 2 14 14 2
2 11 1 0 0 1 0 3000 1 2 2 14
2 12 1 1 1 0 0 334 1 14 14 2
2 13 0 1 0 0 0 3000 3 15 15 14
2 14 1 1 1 0 0 311 1 14 14 15
2 15 0 0 0 0 1 350 2 9 9 14
2 16 0 0 0 0 1 589 3 9 9 9
2 17 0 1 0 0 0 3000 2 10 10 9
2 18 1 1 1 0 0 1199 1 9 9 10
2 19 0 1 0 0 0 3000 2 11 11 9
2 20 1 1 1 0 0 539 1 9 9 11
2 21 1 1 1 0 0 644 1 11 11 9
2 22 0 1 0 0 0 3000 3 5 5 11
2 23 1 1 1 0 0 528 1 11 11 5
2 24 1 1 1 0 0 696 1 5 5 11
2 25 0 1 0 0 0 3000 2 9 9 5
3 1 0 1 0 0 0 3000 2 14 14 9
3 2 0 1 0 0 0 3000 2 7 7 14
3 3 1 1 1 0 0 348 1 14 14 7
3 4 1 1 1 0 0 344 1 7 7 14
3 5 0 1 0 0 0 3000 2 3 3 7
3 6 0 1 0 0 0 3000 2 5 5 3
3 7 0 1 0 0 0 3000 2 11 11 5
3 8 0 1 0 0 0 3000 2 6 6 11
3 9 1 0 0 1 0 3000 1 11 11 6
3 10 0 1 0 0 0 3000 3 15 15 11
3 11 0 1 0 0 0 3000 3 4 4 15
3 12 0 1 0 0 0 3000 2 2 2 4
3 13 0 1 0 0 0 3000 2 8 8 2
3 14 0 1 0 0 0 3000 3 10 10 8
3 15 1 1 1 0 0 355 1 8 8 10
3 16 0 1 0 0 0 3000 3 5 5 8
3 17 0 1 0 0 0 3000 3 12 12 5
3 18 0 0 0 0 1 823 2 12 12 12
3 19 0 0 0 0 1 1109 3 14 14 12
3 20 0 1 0 0 0 3000 3 2 2 14
3 21 0 1 0 0 0 3000 3 10 10 2
3 22 1 1 1 0 0 584 1 2 2 10
3 23 1 1 1 0 0 836 1 10 10 2
3 24 0 1 0 0 0 3000 3 6 6 10
3 25 0 1 0 0 0 3000 3 9 9 6
