1 1 0 1 0 0 0 3000 3 15 15 0
1 2 0 1 0 0 0 3000 2 15 15 15
1 3 0 1 0 0 0 3000 2 10 10 15
1 4 0 1 0 0 0 3000 2 10 10 10
1 5 0 1 0 0 0 3000 3 4 4 10
1 6 1 0 0 1 0 3000 1 10 10 4
1 7 0 0 0 0 1 1414 2 5 5 10
1 8 1 1 1 0 0 1339 1 10 10 5
1 9 1 1 1 0 0 770 1 5 5 10
1 10 0 1 0 0 0 3000 2 9 9 5
1 11 0 1 0 0 0 3000 2 8 8 9
1 12 0 1 0 0 0 3000 2 14 14 8
1 13 0 0 0 0 1 1003 3 14 14 14
1 14 0 0 0 0 1 654 3 9 9 14
1 15 1 0 0 1 0 3000 1 14 14 9
1 16 0 1 0 0 0 3000 2 2 2 14
1 17 0 1 0 0 0 3000 2 6 6 2
1 18 0 1 0 0 0 3000 3 12 12 6
1 19 0 1 0 0 0 3000 2 9 9 12
1 20 1 1 1 0 0 596 1 12 12 9
1 21 0 1 0 0 0 3000 3 1 1 12
1 22 0 1 0 0 0 3000 3 3 3 1
1 23 0 1 0 0 0 3000 2 10 10 3
1 24 1 0 0 1 0 3000 1 3 3 10
1 25 1 1 1 0 0 1274 1 10 10 3
2 1 0 1 0 0 0 3000 1 1 1 10
2 2 0 1 0 0 0 3000 2 1 1 1
2 3 0 1 0 0 0 3000 3 7 7 1
2 4 0 1 0 0 0 3000 2 13 13 7
2 5 0 0 0 0 1 1015 2 1 1 13
2 6 0 1 0 0 0 3000 2 14 14 1
2 7 0 1 0 0 0 3000 3 15 15 14
2 8 1 1 1 0 0 1003 1 14 14 15
2 9 0 1 0 0 0 3000 2 2 2 14
2 10 1 0 0 1 0 3000 1 14 14 2
2 11 0 0 0 0 1 2319 2 14 14 14
2 12 1 1 1 0 0 821 1 14 14 14
2 13 1 0 0 1 0 3000 1 14 14 14
2 14 1 1 1 0 0 668 1 14 14 14
2 15 0 1 0 0 0 3000 2 8 8 14
2 16 1 1 1 0 0 1051 1 14 14 8
2 17 0 1 0 0 0 3000 3 10 10 14
2 18 1 0 0 1 0 3000 1 14 14 10
2 19 0 1 0 0 0 3000 2 9 9 14
2 20 1 1 1 0 0 499 1 14 14 9
2 21 1 1 1 0 0 1547 1 9 9 14
2 22 0 1 0 0 0 3000 2 9 9 9
2 23 0 0 0 0 1 992 3 14 14 9
2 24 0 1 0 0 0 3000 3 11 11 14
2 25 1 1 1 0 0 510 1 14 14 11
3 1 0 1 0 0 0 3000 1 15 15 14
3 2 0 1 0 0 0 3000 1 13 13 15
3 3 0 1 0 0 0 3000 3 8 8 13
3 4 0 1 0 0 0 3000 3 5 5 8
3 5 1 1 1 0 0 1353 1 8 8 5
3 6 0 1 0 0 0 3000 2 13 13 8
3 7 0 1 0 0 0 3000 2 9 9 13
3 8 1 1 1 0 0 515 1 13 13 9
3 9 0 1 0 0 0 3000 2 1 1 13
3 10 0 1 0 0 0 3000 3 5 5 1
3 11 0 1 0 0 0 3000 2 7 7 5
3 12 0 1 0 0 0 3000 2 1 1 7
3 13 1 1 1 0 0 717 1 7 7 1
3 14 0 1 0 0 0 3000 2 10 10 7
3 15 0 1 0 0 0 3000 2 12 12 10
3 16 0 1 0 0 0 3000 2 7 7 12
3 17 0 1 0 0 0 3000 3 8 8 7
3 18 0 1 0 0 0 3000 3 5 5 8
3 19 0 1 0 0 0 3000 3 15 15 5
3 20 0 1 0 0 0 3000 2 1 1 15
3 21 1 1 1 0 0 325 1 15 15 1
3 22 0 1 0 0 0 3000 2 15 15 15
3 23 1 1 1 0 0 424 1 15 15 15
3 24 0 1 0 0 0 3000 3 8 8 15
3 25 1 1 1 0 0 1268 1 15 15 8
