1 1 0 1 0 0 0 3000 2 10 10 0
1 2 0 1 0 0 0 3000 3 14 14 10
1 3 0 1 0 0 0 3000 3 7 7 14
1 4 0 1 0 0 0 3000 2 1 1 7
1 5 0 1 0 0 0 3000 3 2 2 1
1 6 0 1 0 0 0 3000 2 6 6 2
1 7 0 1 0 0 0 3000 2 15 15 6
1 8 0 1 0 0 0 3000 2 7 7 15
1 9 0 1 0 0 0 3000 3 4 4 7
1 10 0 0 0 0 1 1010 2 4 4 4
1 11 1 0 0 1 0 3000 1 4 4 4
1 12 0 1 0 0 0 3000 3 11 11 4
1 13 1 0 0 1 0 3000 1 4 4 11
1 14 0 1 0 0 0 3000 2 14 14 4
1 15 1 1 1 0 0 429 1 4 4 14
1 16 0 1 0 0 0 3000 3 15 15 4
1 17 0 1 0 0 0 3000 2 7 7 15
1 18 0 1 0 0 0 3000 2 13 13 7
1 19 0 1 0 0 0 3000 2 9 9 13
1 20 0 1 0 0 0 3000 2 11 11 9
1 21 0 1 0 0 0 3000 3 12 12 11
1 22 0 1 0 0 0 3000 2 5 5 12
1 23 0 1 0 0 0 3000 3 13 13 5
1 24 0 1 0 0 0 3000 3 7 7 13
1 25 1 0 0 1 0 3000 1 13 13 7
2 1 0 1 0 0 0 3000 1 4 4 13
2 2 0 1 0 0 0 3000 2 9 9 4
2 3 1 1 1 0 0 477 1 4 4 9
2 4 0 1 0 0 0 3000 3 10 10 4
2 5 1 1 1 0 0 628 1 4 4 10
2 6 0 1 0 0 0 3000 2 1 1 4
2 7 0 1 0 0 0 3000 3 8 8 1
2 8 0 1 0 0 0 3000 3 11 11 8
2 9 1 1 1 0 0 387 1 8 8 11
2 10 1 1 1 0 0 683 1 11 11 8
2 11 1 1 1 0 0 417 1 8 8 11
2 12 1 1 1 0 0 1020 1 11 11 8
2 13 0 1 0 0 0 3000 3 11 11 11
2 14 0 1 0 0 0 3000 2 14 14 11
2 15 0 1 0 0 0 3000 2 3 3 14
2 16 0 1 0 0 0 3000 3 9 9 3
2 17 0 1 0 0 0 3000 3 6 6 9
2 18 0 1 0 0 0 3000 2 13 13 6
2 19 1 1 1 0 0 345 1 6 6 13
2 20 0 1 0 0 0 3000 2 14 14 6
2 21 1 0 0 1 0 3000 1 6 6 14
2 22 1 1 1 0 0 429 1 14 14 6
2 23 1 1 1 0 0 509 1 6 6 14
2 24 0 1 0 0 0 3000 2 6 6 6
2 25 0 1 0 0 0 3000 3 2 2 6
3 1 0 1 0 0 0 3000 1 3 3 2
3 2 0 1 0 0 0 3000 1 12 12 3
3 3 1 1 1 0 0 430 1 3 3 12
3 4 0 1 0 0 0 3000 2 5 5 3
3 5 0 1 0 0 0 3000 2 7 7 5
3 6 1 1 1 0 0 405 1 5 5 7
3 7 0 1 0 0 0 3000 3 5 5 5
3 8 1 1 1 0 0 478 1 5 5 5
3 9 0 1 0 0 0 3000 3 14 14 5
3 10 0 1 0 0 0 3000 3 1 1 14
3 11 1 1 1 0 0 379 1 14 14 1
3 12 0 1 0 0 0 3000 2 9 9 14
3 13 0 1 0 0 0 3000 3 6 6 9
3 14 1 1 1 0 0 477 1 9 9 6
3 15 0 1 0 0 0 3000 2 4 4 9
3 16 0 1 0 0 0 3000 2 12 12 4
3 17 0 1 0 0 0 3000 3 11 11 12
3 18 1 1 1 0 0 561 1 12 12 11
3 19 0 1 0 0 0 3000 3 13 13 12
3 20 0 1 0 0 0 3000 3 4 4 13
3 21 0 1 0 0 0 3000 3 14 14 4
3 22 0 1 0 0 0 3000 2 2 2 14
3 23 0 1 0 0 0 3000 2 8 8 2
3 24 0 1 0 0 0 3000 2 9 9 8
3 25 0 1 0 0 0 3000 3 1 1 9
