1 1 0 1 0 0 0 3000 2 6 6 0
1 2 0 1 0 0 0 3000 1 1 1 6
1 3 1 1 1 0 0 672 1 6 6 1
1 4 1 0 0 1 0 3000 1 1 1 6
1 5 0 1 0 0 0 3000 3 3 3 1
1 6 1 1 1 0 0 1199 1 1 1 3
1 7 0 1 0 0 0 3000 3 8 8 1
1 8 0 1 0 0 0 3000 2 15 15 8
1 9 1 1 1 0 0 436 1 8 8 15
1 10 0 1 0 0 0 3000 2 8 8 8
1 11 1 0 0 1 0 3000 1 8 8 8
1 12 0 1 0 0 0 3000 2 11 11 8
1 13 1 1 1 0 0 583 1 8 8 11
1 14 0 1 0 0 0 3000 2 13 13 8
1 15 0 1 0 0 0 3000 2 2 2 13
1 16 0 1 0 0 0 3000 3 2 2 2
1 17 1 1 1 0 0 848 1 2 2 2
1 18 0 1 0 0 0 3000 3 7 7 2
1 19 0 1 0 0 0 3000 2 3 3 7
1 20 1 1 1 0 0 644 1 7 7 3
1 21 1 0 0 1 0 3000 1 3 3 7
1 22 0 1 0 0 0 3000 3 8 8 3
1 23 1 1 1 0 0 386 1 3 3 8
1 24 0 1 0 0 0 3000 2 5 5 3
1 25 0 1 0 0 0 3000 2 10 10 5
2 1 0 1 0 0 0 3000 1 1 1 10
2 2 0 1 0 0 0 3000 3 8 8 1
2 3 0 1 0 0 0 3000 3 9 9 8
2 4 0 1 0 0 0 3000 2 10 10 9
2 5 0 1 0 0 0 3000 3 4 4 10
2 6 0 1 0 0 0 3000 2 4 4 4
2 7 0 1 0 0 0 3000 2 6 6 4
2 8 0 1 0 0 0 3000 3 10 10 6
2 9 1 1 1 0 0 648 1 6 6 10
2 10 1 0 0 1 0 3000 1 10 10 6
2 11 0 1 0 0 0 3000 2 1 1 10
2 12 0 1 0 0 0 3000 3 11 11 1
2 13 0 1 0 0 0 3000 2 15 15 11
2 14 0 1 0 0 0 3000 2 4 4 15
2 15 0 1 0 0 0 3000 3 13 13 4
2 16 0 1 0 0 0 3000 2 3 3 13
2 17 0 1 0 0 0 3000 2 3 3 3
2 18 0 0 0 0 1 456 2 13 13 3
2 19 1 0 0 1 0 3000 1 3 3 13
2 20 1 0 0 1 0 3000 1 13 13 3
2 21 0 1 0 0 0 3000 3 14 14 13
2 22 0 1 0 0 0 3000 3 3 3 14
2 23 0 1 0 0 0 3000 3 7 7 3
2 24 0 1 0 0 0 3000 2 7 7 7
2 25 0 1 0 0 0 3000 2 15 15 7
3 1 0 1 0 0 0 3000 3 13 13 15
3 2 0 1 0 0 0 3000 1 5 5 13
3 3 0 1 0 0 0 3000 3 6 6 5
3 4 0 1 0 0 0 3000 3 15 15 6
3 5 1 1 1 0 0 372 1 6 6 15
3 6 0 1 0 0 0 3000 3 7 7 6
3 7 1 0 0 1 0 3000 1 6 6 7
3 8 0 1 0 0 0 3000 2 4 4 6
3 9 0 1 0 0 0 3000 2 12 12 4
3 10 0 1 0 0 0 3000 3 11 11 12
3 11 0 1 0 0 0 3000 3 1 1 11
3 12 0 1 0 0 0 3000 2 13 13 1
3 13 0 1 0 0 0 3000 2 7 7 13
3 14 0 1 0 0 0 3000 3 11 11 7
3 15 1 1 1 0 0 347 1 7 7 11
3 16 0 1 0 0 0 3000 2 1 1 7
3 17 0 1 0 0 0 3000 2 1 1 1
3 18 0 1 0 0 0 3000 3 4 4 1
3 19 1 1 1 0 0 387 1 1 1 4
3 20 0 1 0 0 0 3000 2 15 15 1
3 21 0 1 0 0 0 3000 3 10 10 15
3 22 0 1 0 0 0 3000 3 1 1 10
3 23 1 1 1 0 0 601 1 10 10 1
3 24 1 1 1 0 0 897 1 1 1 10
3 25 0 1 0 0 0 3000 2 5 5 1
