1 1 0 1 0 0 0 3000 1 9 9 0
1 2 0 1 0 0 0 3000 1 2 2 9
1 3 0 1 0 0 0 3000 3 12 12 2
1 4 0 1 0 0 0 3000 3 7 7 12
1 5 0 1 0 0 0 3000 3 8 8 7
1 6 1 0 0 1 0 3000 1 7 7 8
1 7 1 1 1 0 0 613 1 8 8 7
1 8 0 1 0 0 0 3000 2 8 8 8
1 9 0 1 0 0 0 3000 2 5 5 8
1 10 1 1 1 0 0 431 1 8 8 5
1 11 1 0 0 1 0 3000 1 5 5 8
1 12 1 0 0 1 0 3000 1 8 8 5
1 13 0 1 0 0 0 3000 3 6 6 8
1 14 1 1 1 0 0 470 1 8 8 6
1 15 1 0 0 1 0 3000 1 6 6 8
1 16 1 0 0 1 0 3000 1 8 8 6
1 17 1 1 1 0 0 320 1 6 6 8
1 18 0 1 0 0 0 3000 3 10 10 6
1 19 0 1 0 0 0 3000 2 5 5 10
1 20 1 1 1 0 0 364 1 10 10 5
1 21 1 0 0 1 0 3000 1 5 5 10
1 22 0 1 0 0 0 3000 3 4 4 5
1 23 0 1 0 0 0 3000 2 3 3 4
1 24 0 1 0 0 0 3000 3 1 1 3
1 25 0 1 0 0 0 3000 2 11 11 1
2 1 0 1 0 0 0 3000 1 14 14 11
2 2 0 1 0 0 0 3000 3 2 2 14
2 3 1 1 1 0 0 385 1 14 14 2
2 4 0 1 0 0 0 3000 3 7 7 14
2 5 1 0 0 1 0 3000 1 14 14 7
2 6 0 1 0 0 0 3000 2 15 15 14
2 7 0 1 0 0 0 3000 2 2 2 15
2 8 1 1 1 0 0 539 1 15 15 2
2 9 0 1 0 0 0 3000 3 7 7 15
2 10 0 1 0 0 0 3000 3 5 5 7
2 11 1 1 1 0 0 344 1 7 7 5
2 12 0 1 0 0 0 3000 2 3 3 7
2 13 0 1 0 0 0 3000 2 12 12 3
2 14 0 1 0 0 0 3000 2 13 13 12
2 15 0 1 0 0 0 3000 3 8 8 13
2 16 0 1 0 0 0 3000 2 5 5 8
2 17 0 1 0 0 0 3000 3 7 7 5
2 18 0 1 0 0 0 3000 2 3 3 7
2 19 0 0 0 0 1 739 3 3 3 3
2 20 1 0 0 1 0 3000 1 3 3 3
2 21 0 1 0 0 0 3000 3 4 4 3
2 22 0 1 0 0 0 3000 3 10 10 4
2 23 0 1 0 0 0 3000 2 12 12 10
2 24 0 1 0 0 0 3000 2 11 11 12
2 25 1 1 1 0 0 349 1 12 12 11
3 1 0 1 0 0 0 3000 2 3 3 12
3 2 0 1 0 0 0 3000 3 11 11 3
3 3 0 1 0 0 0 3000 2 10 10 11
3 4 0 1 0 0 0 3000 2 13 13 10
3 5 1 1 1 0 0 345 1 10 10 13
3 6 1 0 0 1 0 3000 1 13 13 10
3 7 0 1 0 0 0 3000 3 9 9 13
3 8 0 1 0 0 0 3000 2 6 6 9
3 9 0 1 0 0 0 3000 3 1 1 6
3 10 0 1 0 0 0 3000 3 10 10 1
3 11 0 1 0 0 0 3000 3 11 11 10
3 12 1 1 1 0 0 370 1 10 10 11
3 13 0 1 0 0 0 3000 3 12 12 10
3 14 0 1 0 0 0 3000 3 12 12 12
3 15 0 1 0 0 0 3000 2 6 6 12
3 16 0 1 0 0 0 3000 2 3 3 6
3 17 0 1 0 0 0 3000 3 7 7 3
3 18 0 1 0 0 0 3000 3 5 5 7
3 19 0 1 0 0 0 3000 2 2 2 5
3 20 0 1 0 0 0 3000 3 1 1 2
3 21 0 1 0 0 0 3000 3 8 8 1
3 22 0 1 0 0 0 3000 2 6 6 8
3 23 1 1 1 0 0 361 1 8 8 6
3 24 0 1 0 0 0 3000 2 13 13 8
3 25 0 1 0 0 0 3000 2 13 13 13
