1 1 0 1 0 0 0 3000 2 2 2 0
1 2 0 1 0 0 0 3000 2 8 8 2
1 3 1 1 1 0 0 262 1 2 2 8
1 4 0 1 0 0 0 3000 2 3 3 2
1 5 0 1 0 0 0 3000 2 8 8 3
1 6 0 1 0 0 0 3000 3 1 1 8
1 7 0 1 0 0 0 3000 3 7 7 1
1 8 0 1 0 0 0 3000 3 3 3 7
1 9 0 1 0 0 0 3000 2 3 3 3
1 10 1 0 0 1 0 3000 1 3 3 3
1 11 1 0 0 1 0 3000 1 3 3 3
1 12 1 1 1 0 0 257 1 3 3 3
1 13 1 0 0 1 0 3000 1 3 3 3
1 14 0 1 0 0 0 3000 2 14 14 3
1 15 1 1 1 0 0 705 1 3 3 14
1 16 0 1 0 0 0 3000 2 7 7 3
1 17 0 1 0 0 0 3000 3 14 14 7
1 18 0 1 0 0 0 3000 3 13 13 14
1 19 0 1 0 0 0 3000 2 1 1 13
1 20 0 1 0 0 0 3000 2 8 8 1
1 21 1 1 1 0 0 278 1 1 1 8
1 22 0 1 0 0 0 3000 3 2 2 1
1 23 1 0 0 1 0 3000 1 1 1 2
1 24 1 1 1 0 0 381 1 2 2 1
1 25 0 1 0 0 0 3000 2 7 7 2
2 1 0 1 0 0 0 3000 1 4 4 7
2 2 0 1 0 0 0 3000 2 9 9 4
2 3 0 1 0 0 0 3000 2 6 6 9
2 4 0 1 0 0 0 3000 2 14 14 6
2 5 0 1 0 0 0 3000 3 5 5 14
2 6 1 1 1 0 0 241 1 14 14 5
2 7 0 1 0 0 0 3000 2 12 12 14
2 8 0 1 0 0 0 3000 2 3 3 12
2 9 0 1 0 0 0 3000 3 10 10 3
2 10 0 1 0 0 0 3000 2 5 5 10
2 11 0 1 0 0 0 3000 3 12 12 5
2 12 0 1 0 0 0 3000 2 8 8 12
2 13 0 1 0 0 0 3000 2 1 1 8
2 14 1 0 0 1 0 3000 1 8 8 1
2 15 0 1 0 0 0 3000 2 5 5 8
2 16 0 1 0 0 0 3000 3 13 13 5
2 17 0 1 0 0 0 3000 2 9 9 13
2 18 0 1 0 0 0 3000 3 7 7 9
2 19 1 0 0 1 0 3000 1 9 9 7
2 20 0 1 0 0 0 3000 2 2 2 9
2 21 1 1 1 0 0 336 1 9 9 2
2 22 0 1 0 0 0 3000 2 9 9 9
2 23 0 1 0 0 0 3000 3 4 4 9
2 24 1 1 1 0 0 362 1 9 9 4
2 25 1 0 0 1 0 3000 1 4 4 9
3 1 0 1 0 0 0 3000 2 13 13 4
3 2 0 1 0 0 0 3000 3 12 12 13
3 3 1 0 0 1 0 3000 1 13 13 12
3 4 1 1 1 0 0 262 1 12 12 13
3 5 1 0 0 1 0 3000 1 13 13 12
3 6 1 0 0 1 0 3000 1 12 12 13
3 7 0 0 0 0 1 315 2 8 8 12
3 8 1 0 0 1 0 3000 1 12 12 8
3 9 0 1 0 0 0 3000 2 5 5 12
3 10 0 1 0 0 0 3000 2 8 8 5
3 11 0 1 0 0 0 3000 2 10 10 8
3 12 1 0 0 1 0 3000 1 8 8 10
3 13 0 0 0 0 1 222 2 15 15 8
3 14 1 0 0 1 0 3000 1 8 8 15
3 15 1 0 0 1 0 3000 1 15 15 8
3 16 0 1 0 0 0 3000 2 6 6 15
3 17 0 1 0 0 0 3000 3 10 10 6
3 18 0 1 0 0 0 3000 3 12 12 10
3 19 1 1 1 0 0 549 1 10 10 12
3 20 0 1 0 0 0 3000 2 8 8 10
3 21 0 1 0 0 0 3000 3 1 1 8
3 22 0 1 0 0 0 3000 3 5 5 1
3 23 0 1 0 0 0 3000 3 12 12 5
3 24 0 1 0 0 0 3000 3 8 8 12
3 25 0 0 0 0 1 231 3 3 3 8
