1 1 0 1 0 0 0 3000 2 3 3 0
1 2 0 1 0 0 0 3000 2 12 12 3
1 3 1 0 0 1 0 3000 1 3 3 12
1 4 1 0 0 1 0 3000 1 12 12 3
1 5 0 1 0 0 0 3000 2 5 5 12
1 6 0 1 0 0 0 3000 2 2 2 5
1 7 0 1 0 0 0 3000 3 15 15 2
1 8 1 1 1 0 0 1134 1 2 2 15
1 9 0 1 0 0 0 3000 3 11 11 2
1 10 1 0 0 1 0 3000 1 2 2 11
1 11 0 1 0 0 0 3000 2 7 7 2
1 12 1 1 1 0 0 684 1 2 2 7
1 13 1 0 0 1 0 3000 1 7 7 2
1 14 0 1 0 0 0 3000 2 15 15 7
1 15 0 1 0 0 0 3000 3 10 10 15
1 16 1 1 1 0 0 666 1 15 15 10
1 17 0 1 0 0 0 3000 3 14 14 15
1 18 0 1 0 0 0 3000 3 14 14 14
1 19 0 0 0 0 1 773 3 5 5 14
1 20 1 1 1 0 0 1140 1 14 14 5
1 21 0 0 0 0 1 502 3 7 7 14
1 22 0 1 0 0 0 3000 2 9 9 7
1 23 0 1 0 0 0 3000 2 6 6 9
1 24 1 1 1 0 0 430 1 9 9 6
1 25 0 1 0 0 0 3000 2 7 7 9
2 1 0 1 0 0 0 3000 3 5 5 7
2 2 0 1 0 0 0 3000 1 8 8 5
2 3 0 1 0 0 0 3000 3 4 4 8
2 4 0 1 0 0 0 3000 2 5 5 4
2 5 0 1 0 0 0 3000 2 6 6 5
2 6 0 1 0 0 0 3000 3 3 3 6
2 7 0 1 0 0 0 3000 3 3 3 3
2 8 0 1 0 0 0 3000 2 7 7 3
2 9 1 1 1 0 0 392 1 3 3 7
2 10 1 0 0 1 0 3000 1 7 7 3
2 11 0 1 0 0 0 3000 2 10 10 7
2 12 0 1 0 0 0 3000 3 1 1 10
2 13 1 1 1 0 0 948 1 10 10 1
2 14 1 1 1 0 0 653 1 1 1 10
2 15 1 1 1 0 0 438 1 10 10 1
2 16 0 1 0 0 0 3000 2 6 6 10
2 17 0 0 0 0 1 519 2 6 6 6
2 18 0 1 0 0 0 3000 3 4 4 6
2 19 0 1 0 0 0 3000 3 1 1 4
2 20 0 1 0 0 0 3000 3 6 6 1
2 21 0 1 0 0 0 3000 3 11 11 6
2 22 0 1 0 0 0 3000 2 14 14 11
2 23 0 1 0 0 0 3000 2 10 10 14
2 24 0 1 0 0 0 3000 3 1 1 10
2 25 0 1 0 0 0 3000 2 1 1 1
3 1 0 1 0 0 0 3000 1 7 7 1
3 2 0 1 0 0 0 3000 1 3 3 7
3 3 0 1 0 0 0 3000 3 4 4 3
3 4 1 0 0 1 0 3000 1 3 3 4
3 5 0 0 0 0 1 542 3 14 14 3
3 6 0 1 0 0 0 3000 2 13 13 14
3 7 1 1 1 0 0 849 1 14 14 13
3 8 0 1 0 0 0 3000 2 11 11 14
3 9 1 1 1 0 0 433 1 14 14 11
3 10 0 0 0 0 1 717 2 13 13 14
3 11 0 1 0 0 0 3000 2 13 13 13
3 12 0 1 0 0 0 3000 2 12 12 13
3 13 0 1 0 0 0 3000 2 6 6 12
3 14 0 1 0 0 0 3000 2 2 2 6
3 15 0 1 0 0 0 3000 3 8 8 2
3 16 0 1 0 0 0 3000 2 14 14 8
3 17 1 1 1 0 0 394 1 8 8 14
3 18 0 1 0 0 0 3000 3 10 10 8
3 19 0 1 0 0 0 3000 3 2 2 10
3 20 0 1 0 0 0 3000 3 12 12 2
3 21 1 1 1 0 0 440 1 2 2 12
3 22 1 1 1 0 0 980 1 12 12 2
3 23 0 1 0 0 0 3000 3 10 10 12
3 24 0 1 0 0 0 3000 3 8 8 10
3 25 0 1 0 0 0 3000 3 9 9 8
