1 1 0 1 0 0 0 3000 3 11 11 0
1 2 0 1 0 0 0 3000 3 2 2 11
1 3 0 1 0 0 0 3000 2 2 2 2
1 4 0 1 0 0 0 3000 3 14 14 2
1 5 0 1 0 0 0 3000 3 3 3 14
1 6 0 1 0 0 0 3000 3 9 9 3
1 7 0 1 0 0 0 3000 2 10 10 9
1 8 0 1 0 0 0 3000 3 8 8 10
1 9 0 1 0 0 0 3000 2 13 13 8
1 10 0 1 0 0 0 3000 2 5 5 13
1 11 1 1 1 0 0 1814 1 13 13 5
1 12 0 1 0 0 0 3000 2 12 12 13
1 13 1 0 0 1 0 3000 1 13 13 12
1 14 0 1 0 0 0 3000 3 6 6 13
1 15 0 1 0 0 0 3000 3 9 9 6
1 16 0 1 0 0 0 3000 2 9 9 9
1 17 1 1 1 0 0 591 1 9 9 9
1 18 0 1 0 0 0 3000 2 7 7 9
1 19 0 1 0 0 0 3000 3 10 10 7
1 20 1 1 1 0 0 453 1 7 7 10
1 21 1 0 0 1 0 3000 1 10 10 7
1 22 0 1 0 0 0 3000 2 4 4 10
1 23 0 1 0 0 0 3000 2 2 2 4
1 24 0 1 0 0 0 3000 2 15 15 2
1 25 0 1 0 0 0 3000 3 11 11 15
2 1 0 1 0 0 0 3000 1 7 7 11
2 2 0 1 0 0 0 3000 1 6 6 7
2 3 0 1 0 0 0 3000 2 14 14 6
2 4 0 1 0 0 0 3000 3 3 3 14
2 5 0 0 0 0 1 809 2 3 3 3
2 6 0 1 0 0 0 3000 3 2 2 3
2 7 0 1 0 0 0 3000 3 1 1 2
2 8 1 1 1 0 0 445 1 2 2 1
2 9 0 1 0 0 0 3000 3 15 15 2
2 10 1 1 1 0 0 1406 1 2 2 15
2 11 0 1 0 0 0 3000 3 5 5 2
2 12 0 1 0 0 0 3000 3 1 1 5
2 13 0 1 0 0 0 3000 2 14 14 1
2 14 1 1 1 0 0 369 1 1 1 14
2 15 0 1 0 0 0 3000 2 8 8 1
2 16 0 1 0 0 0 3000 2 6 6 8
2 17 0 1 0 0 0 3000 2 7 7 6
2 18 0 1 0 0 0 3000 2 11 11 7
2 19 0 1 0 0 0 3000 3 11 11 11
2 20 0 1 0 0 0 3000 3 10 10 11
2 21 1 1 1 0 0 1080 1 11 11 10
2 22 0 1 0 0 0 3000 3 8 8 11
2 23 1 0 0 1 0 3000 1 11 11 8
2 24 0 1 0 0 0 3000 2 9 9 11
2 25 1 0 0 1 0 3000 1 11 11 9
3 1 0 1 0 0 0 3000 1 7 7 11
3 2 0 1 0 0 0 3000 3 5 5 7
3 3 0 1 0 0 0 3000 2 3 3 5
3 4 1 0 0 1 0 3000 1 5 5 3
3 5 0 1 0 0 0 3000 2 11 11 5
3 6 0 1 0 0 0 3000 2 4 4 11
3 7 0 1 0 0 0 3000 3 6 6 4
3 8 0 1 0 0 0 3000 3 5 5 6
3 9 1 1 1 0 0 954 1 6 6 5
3 10 1 0 0 1 0 3000 1 5 5 6
3 11 0 1 0 0 0 3000 3 10 10 5
3 12 0 1 0 0 0 3000 2 2 2 10
3 13 0 1 0 0 0 3000 2 2 2 2
3 14 1 1 1 0 0 417 1 2 2 2
3 15 0 1 0 0 0 3000 2 4 4 2
3 16 1 1 1 0 0 367 1 2 2 4
3 17 1 1 1 0 0 968 1 4 4 2
3 18 0 1 0 0 0 3000 3 13 13 4
3 19 1 1 1 0 0 275 1 4 4 13
3 20 0 1 0 0 0 3000 3 6 6 4
3 21 0 1 0 0 0 3000 3 8 8 6
3 22 1 1 1 0 0 312 1 6 6 8
3 23 0 1 0 0 0 3000 2 10 10 6
3 24 0 1 0 0 0 3000 2 14 14 10
3 25 1 1 1 0 0 400 1 10 10 14
