1 1 0 1 0 0 0 3000 3 1 1 0
1 2 0 1 0 0 0 3000 2 11 11 1
1 3 1 1 1 0 0 748 1 1 1 11
1 4 0 1 0 0 0 3000 3 13 13 1
1 5 0 1 0 0 0 3000 2 11 11 13
1 6 0 1 0 0 0 3000 2 14 14 11
1 7 0 1 0 0 0 3000 2 12 12 14
1 8 1 1 1 0 0 1803 1 14 14 12
1 9 0 1 0 0 0 3000 2 5 5 14
1 10 0 1 0 0 0 3000 3 5 5 5
1 11 1 1 1 0 0 395 1 5 5 5
1 12 0 1 0 0 0 3000 3 15 15 5
1 13 1 1 1 0 0 978 1 5 5 15
1 14 1 1 1 0 0 1414 1 15 15 5
1 15 0 1 0 0 0 3000 2 2 2 15
1 16 1 1 1 0 0 412 1 15 15 2
1 17 0 1 0 0 0 3000 3 15 15 15
1 18 0 1 0 0 0 3000 3 12 12 15
1 19 0 1 0 0 0 3000 3 13 13 12
1 20 1 1 1 0 0 365 1 12 12 13
1 21 0 1 0 0 0 3000 2 12 12 12
1 22 1 1 1 0 0 494 1 12 12 12
1 23 0 1 0 0 0 3000 2 6 6 12
1 24 0 1 0 0 0 3000 3 5 5 6
1 25 0 1 0 0 0 3000 3 4 4 5
2 1 0 1 0 0 0 3000 2 4 4 4
2 2 0 1 0 0 0 3000 1 14 14 4
2 3 0 1 0 0 0 3000 3 6 6 14
2 4 0 1 0 0 0 3000 3 5 5 6
2 5 0 1 0 0 0 3000 3 7 7 5
2 6 0 1 0 0 0 3000 2 3 3 7
2 7 0 1 0 0 0 3000 3 10 10 3
2 8 1 1 1 0 0 450 1 3 3 10
2 9 0 1 0 0 0 3000 3 15 15 3
2 10 0 1 0 0 0 3000 2 15 15 15
2 11 0 1 0 0 0 3000 3 12 12 15
2 12 1 1 1 0 0 441 1 15 15 12
2 13 0 1 0 0 0 3000 3 13 13 15
2 14 1 1 1 0 0 504 1 15 15 13
2 15 1 1 1 0 0 472 1 13 13 15
2 16 0 1 0 0 0 3000 2 4 4 13
2 17 0 1 0 0 0 3000 2 1 1 4
2 18 0 1 0 0 0 3000 2 5 5 1
2 19 0 1 0 0 0 3000 3 11 11 5
2 20 0 1 0 0 0 3000 2 6 6 11
2 21 0 0 0 0 1 1142 3 5 5 6
2 22 0 1 0 0 0 3000 3 4 4 5
2 23 0 1 0 0 0 3000 2 14 14 4
2 24 0 1 0 0 0 3000 3 15 15 14
2 25 0 1 0 0 0 3000 2 3 3 15
3 1 0 1 0 0 0 3000 3 11 11 3
3 2 0 1 0 0 0 3000 1 9 9 11
3 3 0 1 0 0 0 3000 2 4 4 9
3 4 0 1 0 0 0 3000 2 14 14 4
3 5 1 1 1 0 0 391 1 4 4 14
3 6 0 1 0 0 0 3000 2 10 10 4
3 7 0 1 0 0 0 3000 2 11 11 10
3 8 0 1 0 0 0 3000 2 6 6 11
3 9 0 1 0 0 0 3000 2 8 8 6
3 10 0 1 0 0 0 3000 2 11 11 8
3 11 0 1 0 0 0 3000 2 15 15 11
3 12 1 1 1 0 0 316 1 11 11 15
3 13 0 1 0 0 0 3000 2 14 14 11
3 14 0 1 0 0 0 3000 3 4 4 14
3 15 1 1 1 0 0 365 1 14 14 4
3 16 1 1 1 0 0 1059 1 4 4 14
3 17 0 1 0 0 0 3000 2 8 8 4
3 18 1 1 1 0 0 1128 1 4 4 8
3 19 0 1 0 0 0 3000 3 6 6 4
3 20 0 1 0 0 0 3000 2 7 7 6
3 21 0 1 0 0 0 3000 2 10 10 7
3 22 1 1 1 0 0 345 1 7 7 10
3 23 1 1 1 0 0 658 1 10 10 7
3 24 0 1 0 0 0 3000 2 11 11 10
3 25 0 1 0 0 0 3000 2 1 1 11
