1 1 0 1 0 0 0 3000 2 4 4 0
1 2 0 0 0 0 1 762 3 4 4 4
1 3 0 1 0 0 0 3000 3 12 12 4
1 4 0 0 0 0 1 341 3 12 12 12
1 5 0 1 0 0 0 3000 3 1 1 12
1 6 0 1 0 0 0 3000 2 7 7 1
1 7 1 1 1 0 0 473 1 1 1 7
1 8 1 0 0 1 0 3000 1 7 7 1
1 9 0 1 0 0 0 3000 3 5 5 7
1 10 1 1 1 0 0 291 1 7 7 5
1 11 0 1 0 0 0 3000 3 6 6 7
1 12 0 1 0 0 0 3000 3 8 8 6
1 13 1 1 1 0 0 303 1 6 6 8
1 14 0 1 0 0 0 3000 3 13 13 6
1 15 1 0 0 1 0 3000 1 6 6 13
1 16 1 1 1 0 0 370 1 13 13 6
1 17 1 0 0 1 0 3000 1 6 6 13
1 18 0 1 0 0 0 3000 3 8 8 6
1 19 1 1 1 0 0 339 1 6 6 8
1 20 0 1 0 0 0 3000 3 13 13 6
1 21 1 0 0 1 0 3000 1 6 6 13
1 22 0 1 0 0 0 3000 2 5 5 6
1 23 0 1 0 0 0 3000 3 9 9 5
1 24 1 0 0 1 0 3000 1 5 5 9
1 25 1 0 0 1 0 3000 1 9 9 5
2 1 0 1 0 0 0 3000 3 8 8 9
2 2 0 1 0 0 0 3000 3 2 2 8
2 3 1 1 1 0 0 426 1 8 8 2
2 4 0 1 0 0 0 3000 2 12 12 8
2 5 0 1 0 0 0 3000 3 11 11 12
2 6 1 1 1 0 0 405 1 12 12 11
2 7 0 1 0 0 0 3000 2 3 3 12
2 8 1 0 0 1 0 3000 1 12 12 3
2 9 1 1 1 0 0 666 1 3 3 12
2 10 0 1 0 0 0 3000 2 10 10 3
2 11 0 1 0 0 0 3000 2 9 9 10
2 12 0 1 0 0 0 3000 2 15 15 9
2 13 0 1 0 0 0 3000 3 11 11 15
2 14 0 1 0 0 0 3000 3 3 3 11
2 15 0 1 0 0 0 3000 2 15 15 3
2 16 1 0 0 1 0 3000 1 3 3 15
2 17 1 0 0 1 0 3000 1 15 15 3
2 18 0 1 0 0 0 3000 2 4 4 15
2 19 0 1 0 0 0 3000 2 4 4 4
2 20 0 1 0 0 0 3000 3 15 15 4
2 21 0 1 0 0 0 3000 2 5 5 15
2 22 1 0 0 1 0 3000 1 15 15 5
2 23 1 0 0 1 0 3000 1 5 5 15
2 24 0 1 0 0 0 3000 3 6 6 5
2 25 1 0 0 1 0 3000 1 5 5 6
3 1 0 1 0 0 0 3000 1 14 14 5
3 2 0 1 0 0 0 3000 1 9 9 14
3 3 0 1 0 0 0 3000 3 10 10 9
3 4 0 1 0 0 0 3000 2 12 12 10
3 5 0 1 0 0 0 3000 2 13 13 12
3 6 1 0 0 1 0 3000 1 12 12 13
3 7 0 1 0 0 0 3000 3 3 3 12
3 8 1 0 0 1 0 3000 1 12 12 3
3 9 0 1 0 0 0 3000 3 5 5 12
3 10 0 1 0 0 0 3000 2 15 15 5
3 11 0 1 0 0 0 3000 3 9 9 15
3 12 0 1 0 0 0 3000 3 10 10 9
3 13 0 1 0 0 0 3000 3 2 2 10
3 14 0 1 0 0 0 3000 3 5 5 2
3 15 1 0 0 1 0 3000 1 2 2 5
3 16 0 1 0 0 0 3000 3 3 3 2
3 17 0 1 0 0 0 3000 3 15 15 3
3 18 0 1 0 0 0 3000 2 9 9 15
3 19 0 1 0 0 0 3000 2 13 13 9
3 20 0 1 0 0 0 3000 3 3 3 13
3 21 0 1 0 0 0 3000 2 7 7 3
3 22 0 1 0 0 0 3000 3 7 7 7
3 23 1 0 0 1 0 3000 1 7 7 7
3 24 0 1 0 0 0 3000 3 12 12 7
3 25 1 0 0 1 0 3000 1 7 7 12
