1 1 0 1 0 0 0 3000 1 12 12 0
1 2 0 1 0 0 0 3000 2 7 7 12
1 3 0 1 0 0 0 3000 3 8 8 7
1 4 1 1 1 0 0 289 1 7 7 8
1 5 0 1 0 0 0 3000 3 2 2 7
1 6 0 1 0 0 0 3000 2 5 5 2
1 7 0 0 0 0 1 281 3 13 13 5
1 8 0 1 0 0 0 3000 2 6 6 13
1 9 0 1 0 0 0 3000 2 12 12 6
1 10 1 0 0 1 0 3000 1 6 6 12
1 11 0 1 0 0 0 3000 3 1 1 6
1 12 0 0 0 0 1 623 2 1 1 1
1 13 0 1 0 0 0 3000 3 12 12 1
1 14 0 1 0 0 0 3000 3 7 7 12
1 15 0 1 0 0 0 3000 3 13 13 7
1 16 1 1 1 0 0 320 1 7 7 13
1 17 0 0 0 0 1 972 3 7 7 7
1 18 1 0 0 1 0 3000 1 7 7 7
1 19 1 1 1 0 0 993 1 7 7 7
1 20 1 1 1 0 0 1310 1 7 7 7
1 21 0 1 0 0 0 3000 2 11 11 7
1 22 0 1 0 0 0 3000 3 8 8 11
1 23 0 1 0 0 0 3000 2 15 15 8
1 24 0 1 0 0 0 3000 2 7 7 15
1 25 0 1 0 0 0 3000 3 1 1 7
2 1 0 1 0 0 0 3000 2 4 4 1
2 2 0 1 0 0 0 3000 1 13 13 4
2 3 1 1 1 0 0 335 1 4 4 13
2 4 0 1 0 0 0 3000 2 1 1 4
2 5 0 1 0 0 0 3000 2 5 5 1
2 6 0 1 0 0 0 3000 2 6 6 5
2 7 0 1 0 0 0 3000 2 10 10 6
2 8 0 1 0 0 0 3000 3 7 7 10
2 9 1 1 1 0 0 434 1 10 10 7
2 10 1 1 1 0 0 395 1 7 7 10
2 11 1 1 1 0 0 336 1 10 10 7
2 12 0 1 0 0 0 3000 2 11 11 10
2 13 0 1 0 0 0 3000 3 15 15 11
2 14 0 1 0 0 0 3000 2 14 14 15
2 15 1 1 1 0 0 424 1 15 15 14
2 16 1 1 1 0 0 409 1 14 14 15
2 17 0 1 0 0 0 3000 2 1 1 14
2 18 0 1 0 0 0 3000 3 11 11 1
2 19 0 1 0 0 0 3000 3 10 10 11
2 20 0 1 0 0 0 3000 3 4 4 10
2 21 1 1 1 0 0 471 1 10 10 4
2 22 0 1 0 0 0 3000 2 13 13 10
2 23 1 1 1 0 0 319 1 10 10 13
2 24 0 1 0 0 0 3000 2 8 8 10
2 25 0 1 0 0 0 3000 2 13 13 8
3 1 0 1 0 0 0 3000 3 9 9 13
3 2 0 1 0 0 0 3000 2 12 12 9
3 3 0 1 0 0 0 3000 3 5 5 12
3 4 0 1 0 0 0 3000 2 8 8 5
3 5 0 1 0 0 0 3000 2 9 9 8
3 6 1 1 1 0 0 548 1 8 8 9
3 7 0 1 0 0 0 3000 3 10 10 8
3 8 0 1 0 0 0 3000 2 6 6 10
3 9 1 1 1 0 0 333 1 10 10 6
3 10 1 1 1 0 0 1032 1 6 6 10
3 11 0 1 0 0 0 3000 2 7 7 6
3 12 0 1 0 0 0 3000 3 9 9 7
3 13 0 1 0 0 0 3000 2 2 2 9
3 14 0 1 0 0 0 3000 2 6 6 2
3 15 0 0 0 0 1 433 2 6 6 6
3 16 0 1 0 0 0 3000 2 12 12 6
3 17 0 1 0 0 0 3000 3 4 4 12
3 18 0 1 0 0 0 3000 3 8 8 4
3 19 0 1 0 0 0 3000 2 3 3 8
3 20 1 1 1 0 0 372 1 8 8 3
3 21 1 1 1 0 0 497 1 3 3 8
3 22 0 1 0 0 0 3000 2 10 10 3
3 23 0 1 0 0 0 3000 3 2 2 10
3 24 0 1 0 0 0 3000 3 3 3 2
3 25 1 1 1 0 0 518 1 2 2 3
