1 1 0 1 0 0 0 3000 3 14 14 0
1 2 0 1 0 0 0 3000 3 5 5 14
1 3 0 1 0 0 0 3000 2 5 5 5
1 4 1 1 1 0 0 415 1 5 5 5
1 5 0 1 0 0 0 3000 2 10 10 5
1 6 0 1 0 0 0 3000 2 4 4 10
1 7 0 1 0 0 0 3000 2 8 8 4
1 8 0 1 0 0 0 3000 3 15 15 8
1 9 1 0 0 1 0 3000 1 8 8 15
1 10 0 0 0 0 1 546 3 8 8 8
1 11 1 0 0 1 0 3000 1 8 8 8
1 12 1 1 1 0 0 384 1 8 8 8
1 13 0 1 0 0 0 3000 2 14 14 8
1 14 0 1 0 0 0 3000 3 2 2 14
1 15 0 1 0 0 0 3000 2 10 10 2
1 16 0 1 0 0 0 3000 3 7 7 10
1 17 1 1 1 0 0 456 1 10 10 7
1 18 1 0 0 1 0 3000 1 7 7 10
1 19 0 1 0 0 0 3000 2 9 9 7
1 20 0 0 0 0 1 393 3 12 12 9
1 21 0 1 0 0 0 3000 2 15 15 12
1 22 0 1 0 0 0 3000 2 5 5 15
1 23 1 1 1 0 0 289 1 15 15 5
1 24 0 1 0 0 0 3000 3 12 12 15
1 25 0 0 0 0 1 511 3 9 9 12
2 1 0 1 0 0 0 3000 2 2 2 9
2 2 0 1 0 0 0 3000 2 5 5 2
2 3 0 1 0 0 0 3000 3 4 4 5
2 4 0 1 0 0 0 3000 3 8 8 4
2 5 1 1 1 0 0 289 1 4 4 8
2 6 0 1 0 0 0 3000 3 13 13 4
2 7 0 1 0 0 0 3000 3 12 12 13
2 8 0 1 0 0 0 3000 3 2 2 12
2 9 1 1 1 0 0 360 1 12 12 2
2 10 0 1 0 0 0 3000 2 13 13 12
2 11 0 1 0 0 0 3000 2 7 7 13
2 12 0 1 0 0 0 3000 2 8 8 7
2 13 0 1 0 0 0 3000 2 10 10 8
2 14 0 1 0 0 0 3000 3 1 1 10
2 15 0 0 0 0 1 527 2 2 2 1
2 16 1 0 0 1 0 3000 1 1 1 2
2 17 0 1 0 0 0 3000 3 10 10 1
2 18 0 1 0 0 0 3000 3 13 13 10
2 19 0 0 0 0 1 578 2 2 2 13
2 20 1 0 0 1 0 3000 1 13 13 2
2 21 1 1 1 0 0 529 1 2 2 13
2 22 0 1 0 0 0 3000 3 2 2 2
2 23 0 1 0 0 0 3000 2 10 10 2
2 24 0 1 0 0 0 3000 3 15 15 10
2 25 0 1 0 0 0 3000 3 8 8 15
3 1 0 1 0 0 0 3000 2 4 4 8
3 2 0 1 0 0 0 3000 1 2 2 4
3 3 1 1 1 0 0 341 1 4 4 2
3 4 1 1 1 0 0 732 1 2 2 4
3 5 0 1 0 0 0 3000 3 9 9 2
3 6 0 1 0 0 0 3000 3 13 13 9
3 7 0 1 0 0 0 3000 2 5 5 13
3 8 1 1 1 0 0 427 1 13 13 5
3 9 0 1 0 0 0 3000 2 11 11 13
3 10 1 0 0 1 0 3000 1 13 13 11
3 11 0 1 0 0 0 3000 3 9 9 13
3 12 0 0 0 0 1 494 3 12 12 9
3 13 1 1 1 0 0 655 1 9 9 12
3 14 1 0 0 1 0 3000 1 12 12 9
3 15 0 1 0 0 0 3000 2 12 12 12
3 16 0 1 0 0 0 3000 3 7 7 12
3 17 0 1 0 0 0 3000 3 5 5 7
3 18 0 1 0 0 0 3000 2 6 6 5
3 19 1 1 1 0 0 645 1 5 5 6
3 20 0 0 0 0 1 513 3 14 14 5
3 21 1 1 1 0 0 511 1 5 5 14
3 22 0 0 0 0 1 552 3 5 5 5
3 23 1 1 1 0 0 998 1 5 5 5
3 24 1 0 0 1 0 3000 1 5 5 5
3 25 0 1 0 0 0 3000 2 1 1 5
