1 1 0 1 0 0 0 3000 1 4 4 0
1 2 0 1 0 0 0 3000 3 11 11 4
1 3 0 1 0 0 0 3000 3 8 8 11
1 4 0 0 0 0 1 379 3 4 4 8
1 5 1 0 0 1 0 3000 1 8 8 4
1 6 0 1 0 0 0 3000 2 7 7 8
1 7 1 0 0 1 0 3000 1 8 8 7
1 8 1 1 1 0 0 507 1 7 7 8
1 9 1 0 0 1 0 3000 1 8 8 7
1 10 0 1 0 0 0 3000 2 9 9 8
1 11 0 1 0 0 0 3000 2 7 7 9
1 12 0 1 0 0 0 3000 2 13 13 7
1 13 1 0 0 1 0 3000 1 7 7 13
1 14 0 0 0 0 1 370 2 10 10 7
1 15 0 1 0 0 0 3000 2 10 10 10
1 16 0 1 0 0 0 3000 2 9 9 10
1 17 0 1 0 0 0 3000 3 1 1 9
1 18 1 1 1 0 0 861 1 9 9 1
1 19 1 0 0 1 0 3000 1 1 1 9
1 20 0 1 0 0 0 3000 2 1 1 1
1 21 0 1 0 0 0 3000 3 11 11 1
1 22 0 1 0 0 0 3000 2 4 4 11
1 23 0 0 0 0 1 588 3 4 4 4
1 24 0 1 0 0 0 3000 3 14 14 4
1 25 0 1 0 0 0 3000 3 15 15 14
2 1 0 1 0 0 0 3000 1 15 15 15
2 2 0 1 0 0 0 3000 2 9 9 15
2 3 0 1 0 0 0 3000 2 3 3 9
2 4 0 1 0 0 0 3000 3 12 12 3
2 5 1 1 1 0 0 529 1 3 3 12
2 6 0 1 0 0 0 3000 3 2 2 3
2 7 0 1 0 0 0 3000 3 14 14 2
2 8 1 1 1 0 0 1551 1 2 2 14
2 9 0 1 0 0 0 3000 2 4 4 2
2 10 0 1 0 0 0 3000 2 9 9 4
2 11 1 1 1 0 0 514 1 4 4 9
2 12 0 1 0 0 0 3000 3 13 13 4
2 13 0 1 0 0 0 3000 2 13 13 13
2 14 0 1 0 0 0 3000 2 6 6 13
2 15 0 1 0 0 0 3000 2 9 9 6
2 16 0 1 0 0 0 3000 2 5 5 9
2 17 1 1 1 0 0 478 1 9 9 5
2 18 0 1 0 0 0 3000 2 7 7 9
2 19 0 1 0 0 0 3000 3 10 10 7
2 20 0 1 0 0 0 3000 3 6 6 10
2 21 0 1 0 0 0 3000 3 5 5 6
2 22 1 1 1 0 0 524 1 6 6 5
2 23 1 0 0 1 0 3000 1 5 5 6
2 24 0 1 0 0 0 3000 3 2 2 5
2 25 0 1 0 0 0 3000 2 3 3 2
3 1 0 0 0 0 1 1622 3 5 5 3
3 2 0 1 0 0 0 3000 3 6 6 5
3 3 0 0 0 0 1 374 2 15 15 6
3 4 0 1 0 0 0 3000 3 12 12 15
3 5 0 1 0 0 0 3000 2 1 1 12
3 6 0 1 0 0 0 3000 2 13 13 1
3 7 1 1 1 0 0 353 1 1 1 13
3 8 1 0 0 1 0 3000 1 13 13 1
3 9 1 0 0 1 0 3000 1 1 1 13
3 10 0 0 0 0 1 508 3 1 1 1
3 11 0 0 0 0 1 11 2 5 5 1
3 12 0 1 0 0 0 3000 3 2 2 5
3 13 1 1 1 0 0 1615 1 5 5 2
3 14 0 0 0 0 1 598 2 15 15 5
3 15 1 0 0 1 0 3000 1 5 5 15
3 16 1 1 1 0 0 188 1 15 15 5
3 17 1 0 0 1 0 3000 1 5 5 15
3 18 0 0 0 0 1 580 3 13 13 5
3 19 1 1 1 0 0 1313 1 5 5 13
3 20 0 1 0 0 0 3000 2 5 5 5
3 21 0 1 0 0 0 3000 2 13 13 5
3 22 1 1 1 0 0 1426 1 5 5 13
3 23 0 0 0 0 1 1970 2 4 4 5
3 24 0 0 0 0 1 1338 3 9 9 4
3 25 0 1 0 0 0 3000 2 9 9 9
