1 1 0 1 0 0 0 3000 2 4 4 0
1 2 0 0 0 0 1 2431 1 4 4 4
1 3 1 0 0 1 0 3000 1 4 4 4
1 4 0 1 0 0 0 3000 3 12 12 4
1 5 0 1 0 0 0 3000 2 15 15 12
1 6 0 1 0 0 0 3000 3 3 3 15
1 7 1 1 1 0 0 412 1 15 15 3
1 8 1 0 0 1 0 3000 1 3 3 15
1 9 0 1 0 0 0 3000 2 1 1 3
1 10 1 1 1 0 0 396 1 3 3 1
1 11 0 1 0 0 0 3000 2 9 9 3
1 12 0 1 0 0 0 3000 3 5 5 9
1 13 1 1 1 0 0 506 1 9 9 5
1 14 0 1 0 0 0 3000 3 3 3 9
1 15 0 1 0 0 0 3000 3 11 11 3
1 16 0 1 0 0 0 3000 3 9 9 11
1 17 0 1 0 0 0 3000 2 7 7 9
1 18 0 1 0 0 0 3000 2 2 2 7
1 19 0 1 0 0 0 3000 3 6 6 2
1 20 1 1 1 0 0 397 1 2 2 6
1 21 0 1 0 0 0 3000 3 10 10 2
1 22 0 1 0 0 0 3000 3 13 13 10
1 23 0 1 0 0 0 3000 2 4 4 13
1 24 1 0 0 1 0 3000 1 13 13 4
1 25 0 1 0 0 0 3000 2 3 3 13
2 1 0 1 0 0 0 3000 1 6 6 3
2 2 0 1 0 0 0 3000 3 11 11 6
2 3 0 1 0 0 0 3000 3 4 4 11
2 4 0 1 0 0 0 3000 2 14 14 4
2 5 1 1 1 0 0 336 1 4 4 14
2 6 0 1 0 0 0 3000 2 2 2 4
2 7 0 1 0 0 0 3000 3 3 3 2
2 8 1 1 1 0 0 426 1 2 2 3
2 9 1 0 0 1 0 3000 1 3 3 2
2 10 0 1 0 0 0 3000 2 9 9 3
2 11 0 1 0 0 0 3000 2 9 9 9
2 12 0 1 0 0 0 3000 2 7 7 9
2 13 0 1 0 0 0 3000 3 15 15 7
2 14 1 0 0 1 0 3000 1 7 7 15
2 15 1 1 1 0 0 363 1 15 15 7
2 16 1 0 0 1 0 3000 1 7 7 15
2 17 0 1 0 0 0 3000 3 1 1 7
2 18 0 1 0 0 0 3000 3 3 3 1
2 19 0 1 0 0 0 3000 3 7 7 3
2 20 1 1 1 0 0 405 1 3 3 7
2 21 0 1 0 0 0 3000 2 10 10 3
2 22 0 1 0 0 0 3000 2 13 13 10
2 23 0 1 0 0 0 3000 3 1 1 13
2 24 1 0 0 1 0 3000 1 13 13 1
2 25 0 1 0 0 0 3000 2 5 5 13
3 1 0 1 0 0 0 3000 1 8 8 5
3 2 0 1 0 0 0 3000 1 12 12 8
3 3 1 1 1 0 0 451 1 8 8 12
3 4 1 0 0 1 0 3000 1 12 12 8
3 5 0 1 0 0 0 3000 3 4 4 12
3 6 1 1 1 0 0 418 1 12 12 4
3 7 1 0 0 1 0 3000 1 4 4 12
3 8 0 1 0 0 0 3000 2 10 10 4
3 9 1 1 1 0 0 402 1 4 4 10
3 10 0 1 0 0 0 3000 2 5 5 4
3 11 1 0 0 1 0 3000 1 4 4 5
3 12 0 1 0 0 0 3000 2 10 10 4
3 13 0 1 0 0 0 3000 3 3 3 10
3 14 0 1 0 0 0 3000 2 7 7 3
3 15 0 1 0 0 0 3000 2 2 2 7
3 16 1 1 1 0 0 427 1 7 7 2
3 17 0 1 0 0 0 3000 3 14 14 7
3 18 0 1 0 0 0 3000 3 9 9 14
3 19 0 1 0 0 0 3000 2 11 11 9
3 20 0 1 0 0 0 3000 3 12 12 11
3 21 0 1 0 0 0 3000 2 2 2 12
3 22 1 0 0 1 0 3000 1 12 12 2
3 23 0 1 0 0 0 3000 3 11 11 12
3 24 0 1 0 0 0 3000 2 7 7 11
3 25 0 1 0 0 0 3000 2 10 10 7
