1 1 0 1 0 0 0 3000 3 10 10 0
1 2 0 1 0 0 0 3000 3 8 8 10
1 3 1 1 1 0 0 518 1 10 10 8
1 4 0 1 0 0 0 3000 3 14 14 10
1 5 0 1 0 0 0 3000 2 2 2 14
1 6 1 1 1 0 0 427 1 14 14 2
1 7 0 1 0 0 0 3000 2 13 13 14
1 8 0 1 0 0 0 3000 2 13 13 13
1 9 0 1 0 0 0 3000 2 4 4 13
1 10 0 1 0 0 0 3000 2 5 5 4
1 11 1 1 1 0 0 343 1 4 4 5
1 12 0 1 0 0 0 3000 3 15 15 4
1 13 1 1 1 0 0 683 1 4 4 15
1 14 0 1 0 0 0 3000 2 9 9 4
1 15 0 1 0 0 0 3000 3 13 13 9
1 16 0 1 0 0 0 3000 2 7 7 13
1 17 0 1 0 0 0 3000 2 4 4 7
1 18 0 1 0 0 0 3000 2 9 9 4
1 19 0 1 0 0 0 3000 3 10 10 9
1 20 0 1 0 0 0 3000 2 11 11 10
1 21 0 1 0 0 0 3000 3 13 13 11
1 22 0 1 0 0 0 3000 2 1 1 13
1 23 1 1 1 0 0 457 1 13 13 1
1 24 1 1 1 0 0 1002 1 1 1 13
1 25 1 1 1 0 0 578 1 13 13 1
2 1 0 1 0 0 0 3000 1 5 5 13
2 2 0 1 0 0 0 3000 1 6 6 5
2 3 1 1 1 0 0 457 1 5 5 6
2 4 1 1 1 0 0 721 1 6 6 5
2 5 1 1 1 0 0 498 1 5 5 6
2 6 1 1 1 0 0 368 1 6 6 5
2 7 1 1 1 0 0 306 1 5 5 6
2 8 0 1 0 0 0 3000 2 11 11 5
2 9 1 1 1 0 0 403 1 5 5 11
2 10 1 1 1 0 0 278 1 11 11 5
2 11 1 1 1 0 0 336 1 5 5 11
2 12 0 1 0 0 0 3000 2 2 2 5
2 13 0 1 0 0 0 3000 3 9 9 2
2 14 1 1 1 0 0 312 1 2 2 9
2 15 0 1 0 0 0 3000 2 15 15 2
2 16 1 1 1 0 0 358 1 2 2 15
2 17 0 1 0 0 0 3000 3 1 1 2
2 18 0 1 0 0 0 3000 2 3 3 1
2 19 0 1 0 0 0 3000 2 10 10 3
2 20 0 1 0 0 0 3000 3 8 8 10
2 21 0 1 0 0 0 3000 3 12 12 8
2 22 0 1 0 0 0 3000 3 3 3 12
2 23 0 1 0 0 0 3000 3 9 9 3
2 24 0 1 0 0 0 3000 3 4 4 9
2 25 1 0 0 1 0 3000 1 9 9 4
3 1 0 1 0 0 0 3000 3 1 1 9
3 2 0 1 0 0 0 3000 3 3 3 1
3 3 1 1 1 0 0 356 1 1 1 3
3 4 0 0 0 0 1 344 2 2 2 1
3 5 0 1 0 0 0 3000 2 7 7 2
3 6 1 1 1 0 0 541 1 2 2 7
3 7 1 1 1 0 0 334 1 7 7 2
3 8 0 1 0 0 0 3000 2 12 12 7
3 9 0 1 0 0 0 3000 2 15 15 12
3 10 0 1 0 0 0 3000 3 8 8 15
3 11 0 1 0 0 0 3000 3 1 1 8
3 12 1 1 1 0 0 1655 1 8 8 1
3 13 1 1 1 0 0 581 1 1 1 8
3 14 0 1 0 0 0 3000 2 6 6 1
3 15 0 0 0 0 1 1002 2 8 8 6
3 16 1 0 0 1 0 3000 1 6 6 8
3 17 1 1 1 0 0 824 1 8 8 6
3 18 0 0 0 0 1 409 2 5 5 8
3 19 0 1 0 0 0 3000 2 14 14 5
3 20 1 1 1 0 0 474 1 5 5 14
3 21 0 1 0 0 0 3000 3 3 3 5
3 22 0 1 0 0 0 3000 2 15 15 3
3 23 1 1 1 0 0 431 1 3 3 15
3 24 0 1 0 0 0 3000 2 11 11 3
3 25 0 1 0 0 0 3000 3 15 15 11
