1 1 0 1 0 0 0 3000 1 5 5 0
1 2 0 1 0 0 0 3000 3 9 9 5
1 3 1 1 1 0 0 462 1 5 5 9
1 4 0 1 0 0 0 3000 2 15 15 5
1 5 0 1 0 0 0 3000 2 13 13 15
1 6 0 1 0 0 0 3000 2 3 3 13
1 7 1 1 1 0 0 1005 1 13 13 3
1 8 0 1 0 0 0 3000 3 14 14 13
1 9 0 1 0 0 0 3000 2 6 6 14
1 10 1 1 1 0 0 651 1 14 14 6
1 11 0 1 0 0 0 3000 2 13 13 14
1 12 0 1 0 0 0 3000 3 11 11 13
1 13 1 1 1 0 0 869 1 13 13 11
1 14 1 1 1 0 0 774 1 11 11 13
1 15 1 0 0 1 0 3000 1 13 13 11
1 16 1 1 1 0 0 654 1 11 11 13
1 17 1 1 1 0 0 303 1 13 13 11
1 18 0 1 0 0 0 3000 3 9 9 13
1 19 1 1 1 0 0 1116 1 13 13 9
1 20 0 1 0 0 0 3000 3 13 13 13
1 21 1 1 1 0 0 487 1 13 13 13
1 22 0 1 0 0 0 3000 2 9 9 13
1 23 0 0 0 0 1 533 3 6 6 9
1 24 1 1 1 0 0 552 1 9 9 6
1 25 1 0 0 1 0 3000 1 6 6 9
2 1 0 1 0 0 0 3000 1 4 4 6
2 2 0 1 0 0 0 3000 1 12 12 4
2 3 1 1 1 0 0 539 1 4 4 12
2 4 0 1 0 0 0 3000 2 8 8 4
2 5 0 1 0 0 0 3000 3 3 3 8
2 6 1 1 1 0 0 972 1 8 8 3
2 7 1 1 1 0 0 660 1 3 3 8
2 8 0 1 0 0 0 3000 2 7 7 3
2 9 1 1 1 0 0 564 1 3 3 7
2 10 1 1 1 0 0 712 1 7 7 3
2 11 0 1 0 0 0 3000 3 10 10 7
2 12 1 1 1 0 0 604 1 7 7 10
2 13 0 1 0 0 0 3000 3 11 11 7
2 14 0 1 0 0 0 3000 2 9 9 11
2 15 0 1 0 0 0 3000 3 2 2 9
2 16 0 1 0 0 0 3000 3 1 1 2
2 17 1 0 0 1 0 3000 1 2 2 1
2 18 0 1 0 0 0 3000 3 4 4 2
2 19 1 1 1 0 0 552 1 2 2 4
2 20 0 0 0 0 1 691 2 9 9 2
2 21 1 0 0 1 0 3000 1 2 2 9
2 22 0 0 0 0 1 708 2 7 7 2
2 23 0 1 0 0 0 3000 2 12 12 7
2 24 1 0 0 1 0 3000 1 7 7 12
2 25 0 1 0 0 0 3000 2 14 14 7
3 1 0 1 0 0 0 3000 2 4 4 14
3 2 0 1 0 0 0 3000 1 7 7 4
3 3 0 1 0 0 0 3000 3 13 13 7
3 4 1 1 1 0 0 650 1 7 7 13
3 5 0 1 0 0 0 3000 2 3 3 7
3 6 1 0 0 1 0 3000 1 7 7 3
3 7 1 1 1 0 0 473 1 3 3 7
3 8 0 1 0 0 0 3000 3 14 14 3
3 9 1 1 1 0 0 535 1 3 3 14
3 10 1 1 1 0 0 733 1 14 14 3
3 11 1 1 1 0 0 1765 1 3 3 14
3 12 0 1 0 0 0 3000 2 12 12 3
3 13 0 1 0 0 0 3000 2 8 8 12
3 14 0 1 0 0 0 3000 3 15 15 8
3 15 0 1 0 0 0 3000 2 3 3 15
3 16 0 0 0 0 1 645 2 12 12 3
3 17 1 1 1 0 0 2807 1 3 3 12
3 18 0 1 0 0 0 3000 3 10 10 3
3 19 0 0 0 0 1 665 3 8 8 10
3 20 0 1 0 0 0 3000 2 6 6 8
3 21 0 1 0 0 0 3000 2 5 5 6
3 22 0 0 0 0 1 552 2 2 2 5
3 23 0 1 0 0 0 3000 2 11 11 2
3 24 0 1 0 0 0 3000 3 15 15 11
3 25 0 0 0 0 1 565 3 2 2 15
