1 1 0 1 0 0 0 3000 2 9 9 0
1 2 0 1 0 0 0 3000 1 2 2 9
1 3 0 1 0 0 0 3000 2 7 7 2
1 4 0 1 0 0 0 3000 2 8 8 7
1 5 1 1 1 0 0 1556 1 7 7 8
1 6 0 1 0 0 0 3000 2 5 5 7
1 7 0 1 0 0 0 3000 2 14 14 5
1 8 0 1 0 0 0 3000 3 11 11 14
1 9 0 1 0 0 0 3000 2 7 7 11
1 10 1 1 1 0 0 1329 1 11 11 7
1 11 1 0 0 1 0 3000 1 7 7 11
1 12 1 0 0 1 0 3000 1 11 11 7
1 13 1 1 1 0 0 1181 1 7 7 11
1 14 0 1 0 0 0 3000 2 15 15 7
1 15 0 1 0 0 0 3000 2 5 5 15
1 16 0 1 0 0 0 3000 3 4 4 5
1 17 0 1 0 0 0 3000 3 4 4 4
1 18 1 1 1 0 0 1690 1 4 4 4
1 19 1 0 0 1 0 3000 1 4 4 4
1 20 0 1 0 0 0 3000 2 6 6 4
1 21 0 1 0 0 0 3000 2 14 14 6
1 22 0 1 0 0 0 3000 2 4 4 14
1 23 0 1 0 0 0 3000 2 3 3 4
1 24 1 1 1 0 0 1797 1 4 4 3
1 25 1 0 0 1 0 3000 1 3 3 4
2 1 0 1 0 0 0 3000 2 11 11 3
2 2 0 1 0 0 0 3000 1 5 5 11
2 3 0 1 0 0 0 3000 2 5 5 5
2 4 0 1 0 0 0 3000 3 11 11 5
2 5 0 1 0 0 0 3000 3 8 8 11
2 6 0 1 0 0 0 3000 2 13 13 8
2 7 0 0 0 0 1 1349 3 11 11 13
2 8 0 0 0 0 1 931 2 6 6 11
2 9 1 0 0 1 0 3000 1 11 11 6
2 10 1 1 1 0 0 822 1 6 6 11
2 11 1 1 1 0 0 1931 1 11 11 6
2 12 1 1 1 0 0 1695 1 6 6 11
2 13 0 1 0 0 0 3000 2 13 13 6
2 14 0 1 0 0 0 3000 3 5 5 13
2 15 0 1 0 0 0 3000 2 4 4 5
2 16 1 1 1 0 0 1048 1 5 5 4
2 17 1 1 1 0 0 2446 1 4 4 5
2 18 0 1 0 0 0 3000 3 9 9 4
2 19 0 1 0 0 0 3000 2 8 8 9
2 20 1 0 0 1 0 3000 1 9 9 8
2 21 0 1 0 0 0 3000 2 14 14 9
2 22 0 1 0 0 0 3000 2 6 6 14
2 23 0 1 0 0 0 3000 3 11 11 6
2 24 1 0 0 1 0 3000 1 6 6 11
2 25 0 1 0 0 0 3000 3 9 9 6
3 1 0 1 0 0 0 3000 2 3 3 9
3 2 0 1 0 0 0 3000 2 15 15 3
3 3 0 1 0 0 0 3000 3 13 13 15
3 4 0 1 0 0 0 3000 2 14 14 13
3 5 0 1 0 0 0 3000 2 2 2 14
3 6 0 0 0 0 1 456 2 13 13 2
3 7 1 1 1 0 0 766 1 2 2 13
3 8 0 1 0 0 0 3000 2 7 7 2
3 9 0 1 0 0 0 3000 3 7 7 7
3 10 0 0 0 0 1 1750 3 2 2 7
3 11 0 1 0 0 0 3000 2 1 1 2
3 12 0 1 0 0 0 3000 3 6 6 1
3 13 1 1 1 0 0 563 1 1 1 6
3 14 1 1 1 0 0 1148 1 6 6 1
3 15 0 1 0 0 0 3000 3 2 2 6
3 16 0 1 0 0 0 3000 2 13 13 2
3 17 1 1 1 0 0 566 1 2 2 13
3 18 1 1 1 0 0 585 1 13 13 2
3 19 0 1 0 0 0 3000 2 8 8 13
3 20 0 1 0 0 0 3000 2 10 10 8
3 21 0 1 0 0 0 3000 3 5 5 10
3 22 1 1 1 0 0 423 1 10 10 5
3 23 0 1 0 0 0 3000 2 2 2 10
3 24 1 1 1 0 0 537 1 10 10 2
3 25 0 1 0 0 0 3000 3 3 3 10
