1 1 0 1 0 0 0 3000 3 15 15 0
1 2 0 0 0 0 1 896 2 15 15 15
1 3 1 1 1 0 0 418 1 15 15 15
1 4 0 1 0 0 0 3000 3 6 6 15
1 5 1 1 1 0 0 484 1 15 15 6
1 6 0 1 0 0 0 3000 2 3 3 15
1 7 0 1 0 0 0 3000 3 13 13 3
1 8 0 0 0 0 1 344 2 13 13 13
1 9 0 1 0 0 0 3000 3 1 1 13
1 10 1 1 1 0 0 676 1 13 13 1
1 11 0 1 0 0 0 3000 3 11 11 13
1 12 1 1 1 0 0 492 1 13 13 11
1 13 1 1 1 0 0 536 1 11 11 13
1 14 0 1 0 0 0 3000 2 10 10 11
1 15 1 1 1 0 0 347 1 11 11 10
1 16 0 1 0 0 0 3000 3 2 2 11
1 17 1 1 1 0 0 452 1 11 11 2
1 18 1 0 0 1 0 3000 1 2 2 11
1 19 0 1 0 0 0 3000 2 6 6 2
1 20 1 1 1 0 0 415 1 2 2 6
1 21 0 1 0 0 0 3000 2 11 11 2
1 22 0 1 0 0 0 3000 3 8 8 11
1 23 0 1 0 0 0 3000 2 5 5 8
1 24 0 1 0 0 0 3000 2 10 10 5
1 25 0 1 0 0 0 3000 2 1 1 10
2 1 0 1 0 0 0 3000 3 4 4 1
2 2 0 1 0 0 0 3000 3 4 4 4
2 3 1 1 1 0 0 338 1 4 4 4
2 4 1 1 1 0 0 512 1 4 4 4
2 5 0 1 0 0 0 3000 2 12 12 4
2 6 0 1 0 0 0 3000 3 6 6 12
2 7 0 1 0 0 0 3000 2 15 15 6
2 8 0 1 0 0 0 3000 2 5 5 15
2 9 0 1 0 0 0 3000 2 4 4 5
2 10 0 1 0 0 0 3000 3 7 7 4
2 11 0 1 0 0 0 3000 2 14 14 7
2 12 0 1 0 0 0 3000 3 13 13 14
2 13 1 0 0 1 0 3000 1 14 14 13
2 14 0 1 0 0 0 3000 3 11 11 14
2 15 0 0 0 0 1 1135 2 12 12 11
2 16 0 1 0 0 0 3000 3 4 4 12
2 17 0 1 0 0 0 3000 3 1 1 4
2 18 0 0 0 0 1 526 3 15 15 1
2 19 1 1 1 0 0 562 1 1 1 15
2 20 1 1 1 0 0 601 1 15 15 1
2 21 1 1 1 0 0 403 1 1 1 15
2 22 0 1 0 0 0 3000 2 2 2 1
2 23 0 0 0 0 1 2387 2 12 12 2
2 24 0 1 0 0 0 3000 3 7 7 12
2 25 1 1 1 0 0 694 1 12 12 7
3 1 0 1 0 0 0 3000 1 9 9 12
3 2 0 1 0 0 0 3000 2 3 3 9
3 3 0 0 0 0 1 508 2 3 3 3
3 4 1 1 1 0 0 457 1 3 3 3
3 5 0 1 0 0 0 3000 2 5 5 3
3 6 1 1 1 0 0 383 1 3 3 5
3 7 0 1 0 0 0 3000 2 1 1 3
3 8 0 1 0 0 0 3000 2 14 14 1
3 9 0 1 0 0 0 3000 2 7 7 14
3 10 1 1 1 0 0 524 1 14 14 7
3 11 1 1 1 0 0 633 1 7 7 14
3 12 0 1 0 0 0 3000 2 12 12 7
3 13 0 0 0 0 1 490 2 12 12 12
3 14 0 1 0 0 0 3000 2 4 4 12
3 15 0 0 0 0 1 641 2 14 14 4
3 16 0 0 0 0 1 404 2 5 5 14
3 17 0 1 0 0 0 3000 2 8 8 5
3 18 0 1 0 0 0 3000 2 11 11 8
3 19 0 1 0 0 0 3000 3 6 6 11
3 20 0 1 0 0 0 3000 3 1 1 6
3 21 0 1 0 0 0 3000 3 3 3 1
3 22 0 1 0 0 0 3000 2 4 4 3
3 23 0 1 0 0 0 3000 2 2 2 4
3 24 0 0 0 0 1 504 3 2 2 2
3 25 0 0 0 0 1 320 3 4 4 2
