1 1 0 1 0 0 0 3000 1 12 12 0
1 2 0 1 0 0 0 3000 3 10 10 12
1 3 1 1 1 0 0 470 1 12 12 10
1 4 0 1 0 0 0 3000 3 3 3 12
1 5 1 1 1 0 0 619 1 12 12 3
1 6 0 1 0 0 0 3000 3 5 5 12
1 7 0 1 0 0 0 3000 3 9 9 5
1 8 0 1 0 0 0 3000 2 2 2 9
1 9 0 0 0 0 1 306 2 7 7 2
1 10 0 1 0 0 0 3000 2 13 13 7
1 11 0 1 0 0 0 3000 3 1 1 13
1 12 0 1 0 0 0 3000 2 9 9 1
1 13 1 1 1 0 0 511 1 1 1 9
1 14 0 1 0 0 0 3000 2 5 5 1
1 15 0 1 0 0 0 3000 3 6 6 5
1 16 0 1 0 0 0 3000 2 12 12 6
1 17 0 1 0 0 0 3000 3 10 10 12
1 18 0 1 0 0 0 3000 3 1 1 10
1 19 0 1 0 0 0 3000 3 3 3 1
1 20 0 1 0 0 0 3000 2 14 14 3
1 21 0 1 0 0 0 3000 2 8 8 14
1 22 0 1 0 0 0 3000 2 10 10 8
1 23 0 1 0 0 0 3000 3 6 6 10
1 24 1 1 1 0 0 514 1 10 10 6
1 25 0 1 0 0 0 3000 3 2 2 10
2 1 0 1 0 0 0 3000 3 15 15 2
2 2 0 1 0 0 0 3000 2 10 10 15
2 3 0 1 0 0 0 3000 3 1 1 10
2 4 0 1 0 0 0 3000 2 8 8 1
2 5 1 1 1 0 0 411 1 1 1 8
2 6 1 1 1 0 0 582 1 8 8 1
2 7 1 1 1 0 0 343 1 1 1 8
2 8 0 1 0 0 0 3000 3 1 1 1
2 9 1 0 0 1 0 3000 1 1 1 1
2 10 0 1 0 0 0 3000 2 5 5 1
2 11 0 1 0 0 0 3000 2 4 4 5
2 12 0 0 0 0 1 457 3 1 1 4
2 13 0 1 0 0 0 3000 3 7 7 1
2 14 0 1 0 0 0 3000 3 11 11 7
2 15 0 1 0 0 0 3000 3 5 5 11
2 16 0 1 0 0 0 3000 3 9 9 5
2 17 0 1 0 0 0 3000 2 6 6 9
2 18 0 1 0 0 0 3000 3 2 2 6
2 19 0 1 0 0 0 3000 2 15 15 2
2 20 0 1 0 0 0 3000 3 4 4 15
2 21 0 1 0 0 0 3000 2 11 11 4
2 22 1 1 1 0 0 398 1 4 4 11
2 23 1 1 1 0 0 403 1 11 11 4
2 24 0 1 0 0 0 3000 2 1 1 11
2 25 0 1 0 0 0 3000 3 10 10 1
3 1 0 1 0 0 0 3000 1 14 14 10
3 2 0 1 0 0 0 3000 2 15 15 14
3 3 0 1 0 0 0 3000 3 12 12 15
3 4 0 1 0 0 0 3000 3 7 7 12
3 5 0 1 0 0 0 3000 2 2 2 7
3 6 1 1 1 0 0 503 1 7 7 2
3 7 0 1 0 0 0 3000 3 12 12 7
3 8 0 1 0 0 0 3000 2 8 8 12
3 9 0 1 0 0 0 3000 3 9 9 8
3 10 0 1 0 0 0 3000 3 3 3 9
3 11 1 1 1 0 0 495 1 9 9 3
3 12 1 1 1 0 0 390 1 3 3 9
3 13 0 1 0 0 0 3000 2 15 15 3
3 14 0 1 0 0 0 3000 2 2 2 15
3 15 0 1 0 0 0 3000 2 12 12 2
3 16 0 1 0 0 0 3000 2 4 4 12
3 17 1 1 1 0 0 454 1 12 12 4
3 18 0 1 0 0 0 3000 2 15 15 12
3 19 0 1 0 0 0 3000 2 14 14 15
3 20 1 1 1 0 0 438 1 15 15 14
3 21 0 1 0 0 0 3000 3 2 2 15
3 22 0 1 0 0 0 3000 2 2 2 2
3 23 0 1 0 0 0 3000 2 5 5 2
3 24 1 1 1 0 0 494 1 2 2 5
3 25 1 1 1 0 0 538 1 5 5 2
