1 1 0 1 0 0 0 3000 3 6 6 0
1 2 0 1 0 0 0 3000 3 8 8 6
1 3 0 1 0 0 0 3000 3 1 1 8
1 4 1 1 1 0 0 411 1 8 8 1
1 5 1 1 1 0 0 431 1 1 1 8
1 6 0 1 0 0 0 3000 3 7 7 1
1 7 0 1 0 0 0 3000 3 15 15 7
1 8 0 1 0 0 0 3000 2 15 15 15
1 9 0 1 0 0 0 3000 3 8 8 15
1 10 0 1 0 0 0 3000 2 5 5 8
1 11 1 1 1 0 0 529 1 8 8 5
1 12 0 1 0 0 0 3000 3 14 14 8
1 13 1 1 1 0 0 408 1 8 8 14
1 14 1 1 1 0 0 692 1 14 14 8
1 15 0 1 0 0 0 3000 3 9 9 14
1 16 0 1 0 0 0 3000 2 2 2 9
1 17 0 1 0 0 0 3000 2 12 12 2
1 18 1 0 0 1 0 3000 1 2 2 12
1 19 0 1 0 0 0 3000 3 4 4 2
1 20 0 1 0 0 0 3000 3 14 14 4
1 21 0 1 0 0 0 3000 2 2 2 14
1 22 0 1 0 0 0 3000 2 5 5 2
1 23 0 1 0 0 0 3000 2 9 9 5
1 24 1 1 1 0 0 371 1 5 5 9
1 25 0 1 0 0 0 3000 3 1 1 5
2 1 0 1 0 0 0 3000 3 15 15 1
2 2 0 1 0 0 0 3000 3 12 12 15
2 3 1 1 1 0 0 392 1 15 15 12
2 4 0 1 0 0 0 3000 3 2 2 15
2 5 1 1 1 0 0 362 1 15 15 2
2 6 0 1 0 0 0 3000 3 8 8 15
2 7 0 1 0 0 0 3000 2 4 4 8
2 8 0 1 0 0 0 3000 3 6 6 4
2 9 0 1 0 0 0 3000 3 14 14 6
2 10 0 1 0 0 0 3000 2 13 13 14
2 11 0 1 0 0 0 3000 2 3 3 13
2 12 0 1 0 0 0 3000 3 14 14 3
2 13 1 0 0 1 0 3000 1 3 3 14
2 14 1 1 1 0 0 356 1 14 14 3
2 15 0 1 0 0 0 3000 3 10 10 14
2 16 0 1 0 0 0 3000 3 15 15 10
2 17 0 1 0 0 0 3000 3 1 1 15
2 18 1 1 1 0 0 353 1 15 15 1
2 19 0 1 0 0 0 3000 2 5 5 15
2 20 0 1 0 0 0 3000 2 1 1 5
2 21 0 1 0 0 0 3000 2 15 15 1
2 22 0 1 0 0 0 3000 3 3 3 15
2 23 0 1 0 0 0 3000 2 8 8 3
2 24 1 1 1 0 0 327 1 3 3 8
2 25 1 0 0 1 0 3000 1 8 8 3
3 1 0 1 0 0 0 3000 2 13 13 8
3 2 0 1 0 0 0 3000 1 7 7 13
3 3 0 1 0 0 0 3000 2 7 7 7
3 4 0 1 0 0 0 3000 3 3 3 7
3 5 1 1 1 0 0 383 1 7 7 3
3 6 1 1 1 0 0 1184 1 3 3 7
3 7 0 1 0 0 0 3000 3 6 6 3
3 8 1 0 0 1 0 3000 1 3 3 6
3 9 1 1 1 0 0 636 1 6 6 3
3 10 1 1 1 0 0 590 1 3 3 6
3 11 1 0 0 1 0 3000 1 6 6 3
3 12 1 1 1 0 0 543 1 3 3 6
3 13 0 1 0 0 0 3000 3 10 10 3
3 14 0 1 0 0 0 3000 2 14 14 10
3 15 0 1 0 0 0 3000 3 2 2 14
3 16 0 1 0 0 0 3000 2 1 1 2
3 17 1 1 1 0 0 370 1 2 2 1
3 18 1 1 1 0 0 478 1 1 1 2
3 19 0 1 0 0 0 3000 2 9 9 1
3 20 1 1 1 0 0 318 1 1 1 9
3 21 1 1 1 0 0 406 1 9 9 1
3 22 0 1 0 0 0 3000 2 14 14 9
3 23 0 1 0 0 0 3000 2 11 11 14
3 24 0 1 0 0 0 3000 2 6 6 11
3 25 0 1 0 0 0 3000 3 2 2 6
