1 1 0 1 0 0 0 3000 2 7 7 0
1 2 0 1 0 0 0 3000 2 2 2 7
1 3 0 1 0 0 0 3000 3 6 6 2
1 4 0 1 0 0 0 3000 3 11 11 6
1 5 1 1 1 0 0 507 1 6 6 11
1 6 0 1 0 0 0 3000 2 7 7 6
1 7 1 0 0 1 0 3000 1 6 6 7
1 8 0 1 0 0 0 3000 3 2 2 6
1 9 0 1 0 0 0 3000 2 11 11 2
1 10 0 1 0 0 0 3000 3 4 4 11
1 11 1 1 1 0 0 289 1 11 11 4
1 12 0 1 0 0 0 3000 2 13 13 11
1 13 0 1 0 0 0 3000 2 3 3 13
1 14 0 1 0 0 0 3000 3 12 12 3
1 15 1 1 1 0 0 329 1 3 3 12
1 16 0 1 0 0 0 3000 2 4 4 3
1 17 0 1 0 0 0 3000 2 7 7 4
1 18 0 1 0 0 0 3000 2 6 6 7
1 19 1 1 1 0 0 473 1 7 7 6
1 20 0 1 0 0 0 3000 2 10 10 7
1 21 0 1 0 0 0 3000 3 1 1 10
1 22 1 1 1 0 0 1549 1 10 10 1
1 23 1 0 0 1 0 3000 1 1 1 10
1 24 0 1 0 0 0 3000 3 8 8 1
1 25 0 1 0 0 0 3000 3 12 12 8
2 1 0 1 0 0 0 3000 3 5 5 12
2 2 0 1 0 0 0 3000 2 14 14 5
2 3 0 1 0 0 0 3000 3 12 12 14
2 4 0 1 0 0 0 3000 3 10 10 12
2 5 1 1 1 0 0 583 1 12 12 10
2 6 1 0 0 1 0 3000 1 10 10 12
2 7 1 0 0 1 0 3000 1 12 12 10
2 8 0 1 0 0 0 3000 3 1 1 12
2 9 1 1 1 0 0 338 1 12 12 1
2 10 0 1 0 0 0 3000 3 15 15 12
2 11 1 0 0 1 0 3000 1 12 12 15
2 12 0 1 0 0 0 3000 2 13 13 12
2 13 1 1 1 0 0 305 1 12 12 13
2 14 1 0 0 1 0 3000 1 13 13 12
2 15 0 1 0 0 0 3000 2 10 10 13
2 16 1 1 1 0 0 368 1 13 13 10
2 17 0 1 0 0 0 3000 2 5 5 13
2 18 0 1 0 0 0 3000 2 3 3 5
2 19 0 1 0 0 0 3000 2 8 8 3
2 20 0 1 0 0 0 3000 2 7 7 8
2 21 0 1 0 0 0 3000 3 15 15 7
2 22 1 1 1 0 0 378 1 7 7 15
2 23 1 0 0 1 0 3000 1 15 15 7
2 24 0 1 0 0 0 3000 2 8 8 15
2 25 0 1 0 0 0 3000 3 14 14 8
3 1 0 1 0 0 0 3000 2 1 1 14
3 2 0 1 0 0 0 3000 1 4 4 1
3 3 1 1 1 0 0 453 1 1 1 4
3 4 0 1 0 0 0 3000 3 3 3 1
3 5 0 1 0 0 0 3000 3 3 3 3
3 6 0 1 0 0 0 3000 2 5 5 3
3 7 0 1 0 0 0 3000 2 13 13 5
3 8 1 1 1 0 0 356 1 5 5 13
3 9 1 0 0 1 0 3000 1 13 13 5
3 10 0 1 0 0 0 3000 3 13 13 13
3 11 0 1 0 0 0 3000 2 9 9 13
3 12 0 1 0 0 0 3000 2 15 15 9
3 13 0 0 0 0 1 307 2 12 12 15
3 14 1 0 0 1 0 3000 1 15 15 12
3 15 0 1 0 0 0 3000 2 11 11 15
3 16 1 1 1 0 0 1003 1 15 15 11
3 17 0 1 0 0 0 3000 2 2 2 15
3 18 1 0 0 1 0 3000 1 15 15 2
3 19 0 1 0 0 0 3000 3 11 11 15
3 20 0 1 0 0 0 3000 3 10 10 11
3 21 0 1 0 0 0 3000 3 15 15 10
3 22 0 1 0 0 0 3000 3 7 7 15
3 23 1 1 1 0 0 596 1 15 15 7
3 24 1 0 0 1 0 3000 1 7 7 15
3 25 0 1 0 0 0 3000 2 7 7 7
