1 1 0 1 0 0 0 3000 2 1 1 0
1 2 0 1 0 0 0 3000 3 12 12 1
1 3 0 1 0 0 0 3000 3 3 3 12
1 4 1 1 1 0 0 642 1 12 12 3
1 5 0 1 0 0 0 3000 2 4 4 12
1 6 1 1 1 0 0 650 1 12 12 4
1 7 0 1 0 0 0 3000 3 5 5 12
1 8 0 0 0 0 1 1152 3 5 5 5
1 9 0 1 0 0 0 3000 3 11 11 5
1 10 0 1 0 0 0 3000 3 10 10 11
1 11 0 1 0 0 0 3000 3 14 14 10
1 12 0 1 0 0 0 3000 3 2 2 14
1 13 0 1 0 0 0 3000 3 12 12 2
1 14 0 1 0 0 0 3000 3 1 1 12
1 15 0 1 0 0 0 3000 2 5 5 1
1 16 0 1 0 0 0 3000 2 15 15 5
1 17 1 1 1 0 0 677 1 5 5 15
1 18 0 1 0 0 0 3000 3 1 1 5
1 19 1 1 1 0 0 401 1 5 5 1
1 20 1 1 1 0 0 472 1 1 1 5
1 21 0 1 0 0 0 3000 3 4 4 1
1 22 0 1 0 0 0 3000 3 7 7 4
1 23 0 1 0 0 0 3000 3 11 11 7
1 24 1 1 1 0 0 388 1 7 7 11
1 25 0 1 0 0 0 3000 2 13 13 7
2 1 0 1 0 0 0 3000 3 15 15 13
2 2 0 1 0 0 0 3000 3 3 3 15
2 3 0 1 0 0 0 3000 2 9 9 3
2 4 0 1 0 0 0 3000 3 9 9 9
2 5 1 1 1 0 0 442 1 9 9 9
2 6 1 1 1 0 0 525 1 9 9 9
2 7 0 1 0 0 0 3000 2 12 12 9
2 8 0 1 0 0 0 3000 2 6 6 12
2 9 1 1 1 0 0 412 1 12 12 6
2 10 0 1 0 0 0 3000 3 13 13 12
2 11 0 1 0 0 0 3000 2 10 10 13
2 12 1 1 1 0 0 680 1 13 13 10
2 13 0 1 0 0 0 3000 3 11 11 13
2 14 1 1 1 0 0 1674 1 13 13 11
2 15 1 1 1 0 0 838 1 11 11 13
2 16 1 0 0 1 0 3000 1 13 13 11
2 17 0 1 0 0 0 3000 3 14 14 13
2 18 0 1 0 0 0 3000 3 4 4 14
2 19 0 1 0 0 0 3000 2 10 10 4
2 20 0 1 0 0 0 3000 3 9 9 10
2 21 1 1 1 0 0 590 1 10 10 9
2 22 1 1 1 0 0 606 1 9 9 10
2 23 0 1 0 0 0 3000 3 14 14 9
2 24 0 1 0 0 0 3000 2 5 5 14
2 25 0 1 0 0 0 3000 2 1 1 5
3 1 0 1 0 0 0 3000 3 11 11 1
3 2 0 1 0 0 0 3000 2 10 10 11
3 3 1 1 1 0 0 364 1 11 11 10
3 4 0 1 0 0 0 3000 3 8 8 11
3 5 0 1 0 0 0 3000 2 6 6 8
3 6 0 1 0 0 0 3000 2 12 12 6
3 7 1 1 1 0 0 437 1 6 6 12
3 8 1 1 1 0 0 417 1 12 12 6
3 9 1 1 1 0 0 447 1 6 6 12
3 10 1 1 1 0 0 485 1 12 12 6
3 11 0 1 0 0 0 3000 2 3 3 12
3 12 0 1 0 0 0 3000 2 7 7 3
3 13 0 1 0 0 0 3000 2 15 15 7
3 14 1 1 1 0 0 383 1 7 7 15
3 15 0 1 0 0 0 3000 3 4 4 7
3 16 0 1 0 0 0 3000 3 11 11 4
3 17 0 1 0 0 0 3000 2 2 2 11
3 18 0 1 0 0 0 3000 2 5 5 2
3 19 0 1 0 0 0 3000 3 14 14 5
3 20 0 1 0 0 0 3000 2 11 11 14
3 21 0 1 0 0 0 3000 3 4 4 11
3 22 1 1 1 0 0 459 1 11 11 4
3 23 1 1 1 0 0 736 1 4 4 11
3 24 1 1 1 0 0 517 1 11 11 4
3 25 0 1 0 0 0 3000 2 12 12 11
