1 1 0 1 0 0 0 3000 1 14 14 0
1 2 0 1 0 0 0 3000 3 9 9 14
1 3 0 1 0 0 0 3000 2 4 4 9
1 4 0 1 0 0 0 3000 3 15 15 4
1 5 0 1 0 0 0 3000 2 7 7 15
1 6 0 1 0 0 0 3000 3 5 5 7
1 7 1 1 1 0 0 458 1 7 7 5
1 8 0 1 0 0 0 3000 2 12 12 7
1 9 0 1 0 0 0 3000 2 6 6 12
1 10 0 1 0 0 0 3000 2 13 13 6
1 11 0 1 0 0 0 3000 3 8 8 13
1 12 1 1 1 0 0 533 1 13 13 8
1 13 1 0 0 1 0 3000 1 8 8 13
1 14 0 1 0 0 0 3000 2 3 3 8
1 15 1 1 1 0 0 436 1 8 8 3
1 16 0 1 0 0 0 3000 2 13 13 8
1 17 0 1 0 0 0 3000 3 1 1 13
1 18 0 1 0 0 0 3000 2 6 6 1
1 19 0 1 0 0 0 3000 2 14 14 6
1 20 1 0 0 1 0 3000 1 6 6 14
1 21 0 1 0 0 0 3000 3 15 15 6
1 22 0 1 0 0 0 3000 2 14 14 15
1 23 0 1 0 0 0 3000 3 6 6 14
1 24 1 1 1 0 0 389 1 14 14 6
1 25 0 1 0 0 0 3000 3 10 10 14
2 1 0 1 0 0 0 3000 1 5 5 10
2 2 0 1 0 0 0 3000 3 8 8 5
2 3 0 1 0 0 0 3000 2 12 12 8
2 4 0 1 0 0 0 3000 2 7 7 12
2 5 0 1 0 0 0 3000 3 5 5 7
2 6 1 1 1 0 0 504 1 7 7 5
2 7 0 1 0 0 0 3000 3 7 7 7
2 8 0 1 0 0 0 3000 3 15 15 7
2 9 0 1 0 0 0 3000 3 10 10 15
2 10 0 1 0 0 0 3000 2 9 9 10
2 11 0 1 0 0 0 3000 3 13 13 9
2 12 1 1 1 0 0 380 1 9 9 13
2 13 0 1 0 0 0 3000 2 3 3 9
2 14 0 1 0 0 0 3000 3 3 3 3
2 15 1 1 1 0 0 575 1 3 3 3
2 16 0 1 0 0 0 3000 3 14 14 3
2 17 0 1 0 0 0 3000 3 9 9 14
2 18 0 1 0 0 0 3000 2 2 2 9
2 19 0 1 0 0 0 3000 3 3 3 2
2 20 1 1 1 0 0 388 1 2 2 3
2 21 1 0 0 1 0 3000 1 3 3 2
2 22 0 1 0 0 0 3000 3 8 8 3
2 23 0 1 0 0 0 3000 2 2 2 8
2 24 1 1 1 0 0 377 1 8 8 2
2 25 0 1 0 0 0 3000 2 11 11 8
3 1 0 1 0 0 0 3000 2 10 10 11
3 2 0 1 0 0 0 3000 1 2 2 10
3 3 0 1 0 0 0 3000 3 12 12 2
3 4 0 1 0 0 0 3000 3 8 8 12
3 5 1 0 0 1 0 3000 1 12 12 8
3 6 0 1 0 0 0 3000 2 6 6 12
3 7 0 1 0 0 0 3000 2 7 7 6
3 8 0 1 0 0 0 3000 2 12 12 7
3 9 0 1 0 0 0 3000 2 6 6 12
3 10 1 1 1 0 0 380 1 12 12 6
3 11 0 1 0 0 0 3000 2 4 4 12
3 12 0 1 0 0 0 3000 2 9 9 4
3 13 0 1 0 0 0 3000 2 9 9 9
3 14 0 1 0 0 0 3000 3 3 3 9
3 15 0 1 0 0 0 3000 2 5 5 3
3 16 0 0 0 0 1 423 3 9 9 5
3 17 0 1 0 0 0 3000 3 7 7 9
3 18 1 0 0 1 0 3000 1 9 9 7
3 19 0 1 0 0 0 3000 3 12 12 9
3 20 0 1 0 0 0 3000 3 1 1 12
3 21 0 1 0 0 0 3000 2 1 1 1
3 22 0 1 0 0 0 3000 2 5 5 1
3 23 1 1 1 0 0 375 1 1 1 5
3 24 0 1 0 0 0 3000 3 10 10 1
3 25 1 0 0 1 0 3000 1 1 1 10
