1 1 0 1 0 0 0 3000 3 11 11 0
1 2 0 1 0 0 0 3000 2 2 2 11
1 3 1 1 1 0 0 511 1 11 11 2
1 4 0 1 0 0 0 3000 3 9 9 11
1 5 0 1 0 0 0 3000 2 7 7 9
1 6 0 1 0 0 0 3000 2 3 3 7
1 7 0 1 0 0 0 3000 2 9 9 3
1 8 0 1 0 0 0 3000 2 6 6 9
1 9 0 1 0 0 0 3000 2 7 7 6
1 10 0 0 0 0 1 400 2 1 1 7
1 11 0 1 0 0 0 3000 2 14 14 1
1 12 0 1 0 0 0 3000 3 4 4 14
1 13 0 1 0 0 0 3000 2 4 4 4
1 14 0 1 0 0 0 3000 3 7 7 4
1 15 0 1 0 0 0 3000 3 6 6 7
1 16 1 0 0 1 0 3000 1 7 7 6
1 17 0 1 0 0 0 3000 2 14 14 7
1 18 0 1 0 0 0 3000 2 4 4 14
1 19 1 1 1 0 0 377 1 14 14 4
1 20 1 0 0 1 0 3000 1 4 4 14
1 21 0 1 0 0 0 3000 2 4 4 4
1 22 0 1 0 0 0 3000 3 1 1 4
1 23 1 0 0 1 0 3000 1 4 4 1
1 24 0 1 0 0 0 3000 3 8 8 4
1 25 0 1 0 0 0 3000 3 12 12 8
2 1 0 1 0 0 0 3000 3 6 6 12
2 2 0 1 0 0 0 3000 1 11 11 6
2 3 1 1 1 0 0 385 1 6 6 11
2 4 0 1 0 0 0 3000 2 10 10 6
2 5 1 1 1 0 0 633 1 6 6 10
2 6 1 0 0 1 0 3000 1 10 10 6
2 7 1 1 1 0 0 396 1 6 6 10
2 8 0 1 0 0 0 3000 2 4 4 6
2 9 0 1 0 0 0 3000 2 8 8 4
2 10 1 0 0 1 0 3000 1 4 4 8
2 11 0 1 0 0 0 3000 2 7 7 4
2 12 1 0 0 1 0 3000 1 4 4 7
2 13 0 1 0 0 0 3000 3 13 13 4
2 14 0 1 0 0 0 3000 2 6 6 13
2 15 1 1 1 0 0 333 1 13 13 6
2 16 0 1 0 0 0 3000 2 11 11 13
2 17 0 1 0 0 0 3000 3 6 6 11
2 18 1 0 0 1 0 3000 1 11 11 6
2 19 1 1 1 0 0 356 1 6 6 11
2 20 0 1 0 0 0 3000 3 12 12 6
2 21 0 1 0 0 0 3000 2 9 9 12
2 22 0 1 0 0 0 3000 2 14 14 9
2 23 0 1 0 0 0 3000 2 3 3 14
2 24 0 1 0 0 0 3000 3 8 8 3
2 25 1 1 1 0 0 328 1 3 3 8
3 1 0 1 0 0 0 3000 1 5 5 3
3 2 0 1 0 0 0 3000 2 2 2 5
3 3 1 1 1 0 0 335 1 5 5 2
3 4 0 1 0 0 0 3000 3 8 8 5
3 5 0 1 0 0 0 3000 2 3 3 8
3 6 0 1 0 0 0 3000 3 15 15 3
3 7 1 1 1 0 0 289 1 3 3 15
3 8 0 1 0 0 0 3000 2 6 6 3
3 9 1 1 1 0 0 356 1 3 3 6
3 10 0 1 0 0 0 3000 3 12 12 3
3 11 0 1 0 0 0 3000 3 6 6 12
3 12 1 0 0 1 0 3000 1 12 12 6
3 13 0 1 0 0 0 3000 2 9 9 12
3 14 1 0 0 1 0 3000 1 12 12 9
3 15 0 1 0 0 0 3000 3 7 7 12
3 16 0 1 0 0 0 3000 3 8 8 7
3 17 0 1 0 0 0 3000 3 10 10 8
3 18 1 0 0 1 0 3000 1 8 8 10
3 19 0 1 0 0 0 3000 3 4 4 8
3 20 0 1 0 0 0 3000 2 13 13 4
3 21 0 1 0 0 0 3000 3 1 1 13
3 22 1 0 0 1 0 3000 1 13 13 1
3 23 0 1 0 0 0 3000 2 10 10 13
3 24 0 1 0 0 0 3000 2 7 7 10
3 25 1 1 1 0 0 491 1 10 10 7
