1 1 0 1 0 0 0 3000 3 6 6 0
1 2 0 1 0 0 0 3000 2 13 13 6
1 3 1 1 1 0 0 1005 1 6 6 13
1 4 1 1 1 0 0 481 1 13 13 6
1 5 0 1 0 0 0 3000 3 8 8 13
1 6 0 1 0 0 0 3000 2 9 9 8
1 7 1 1 1 0 0 716 1 8 8 9
1 8 0 1 0 0 0 3000 3 12 12 8
1 9 0 1 0 0 0 3000 3 10 10 12
1 10 1 1 1 0 0 531 1 12 12 10
1 11 0 1 0 0 0 3000 2 14 14 12
1 12 1 0 0 1 0 3000 1 12 12 14
1 13 0 1 0 0 0 3000 2 13 13 12
1 14 0 1 0 0 0 3000 2 9 9 13
1 15 1 1 1 0 0 500 1 13 13 9
1 16 0 1 0 0 0 3000 3 1 1 13
1 17 0 1 0 0 0 3000 2 15 15 1
1 18 0 1 0 0 0 3000 3 10 10 15
1 19 1 1 1 0 0 605 1 15 15 10
1 20 1 0 0 1 0 3000 1 10 10 15
1 21 1 1 1 0 0 460 1 15 15 10
1 22 0 1 0 0 0 3000 2 11 11 15
1 23 0 1 0 0 0 3000 2 9 9 11
1 24 1 1 1 0 0 851 1 11 11 9
1 25 0 1 0 0 0 3000 3 8 8 11
2 1 0 1 0 0 0 3000 3 2 2 8
2 2 0 1 0 0 0 3000 1 4 4 2
2 3 0 1 0 0 0 3000 2 10 10 4
2 4 1 1 1 0 0 373 1 4 4 10
2 5 0 1 0 0 0 3000 2 12 12 4
2 6 0 1 0 0 0 3000 3 3 3 12
2 7 0 1 0 0 0 3000 3 4 4 3
2 8 0 1 0 0 0 3000 2 6 6 4
2 9 0 1 0 0 0 3000 2 7 7 6
2 10 1 1 1 0 0 650 1 6 6 7
2 11 0 0 0 0 1 869 3 4 4 6
2 12 0 1 0 0 0 3000 2 7 7 4
2 13 0 1 0 0 0 3000 2 2 2 7
2 14 0 0 0 0 1 511 3 2 2 2
2 15 1 1 1 0 0 887 1 2 2 2
2 16 1 1 1 0 0 1068 1 2 2 2
2 17 0 1 0 0 0 3000 3 3 3 2
2 18 0 1 0 0 0 3000 2 15 15 3
2 19 0 1 0 0 0 3000 2 9 9 15
2 20 1 1 1 0 0 643 1 15 15 9
2 21 0 1 0 0 0 3000 2 3 3 15
2 22 1 0 0 1 0 3000 1 15 15 3
2 23 0 1 0 0 0 3000 3 9 9 15
2 24 1 1 1 0 0 611 1 15 15 9
2 25 0 1 0 0 0 3000 3 14 14 15
3 1 0 1 0 0 0 3000 2 6 6 14
3 2 0 1 0 0 0 3000 2 3 3 6
3 3 0 1 0 0 0 3000 3 12 12 3
3 4 1 1 1 0 0 466 1 3 3 12
3 5 0 1 0 0 0 3000 3 4 4 3
3 6 0 0 0 0 1 948 2 2 2 4
3 7 0 1 0 0 0 3000 2 9 9 2
3 8 1 1 1 0 0 757 1 2 2 9
3 9 0 1 0 0 0 3000 3 2 2 2
3 10 1 0 0 1 0 3000 1 2 2 2
3 11 0 1 0 0 0 3000 2 9 9 2
3 12 0 0 0 0 1 594 2 4 4 9
3 13 1 0 0 1 0 3000 1 9 9 4
3 14 0 1 0 0 0 3000 3 2 2 9
3 15 0 1 0 0 0 3000 2 6 6 2
3 16 0 1 0 0 0 3000 3 8 8 6
3 17 1 1 1 0 0 470 1 6 6 8
3 18 0 1 0 0 0 3000 2 6 6 6
3 19 1 1 1 0 0 666 1 6 6 6
3 20 0 1 0 0 0 3000 2 8 8 6
3 21 0 1 0 0 0 3000 3 3 3 8
3 22 0 1 0 0 0 3000 2 5 5 3
3 23 0 1 0 0 0 3000 3 7 7 5
3 24 0 1 0 0 0 3000 2 15 15 7
3 25 0 1 0 0 0 3000 3 9 9 15
