1 1 0 1 0 0 0 3000 3 7 7 0
1 2 0 1 0 0 0 3000 1 9 9 7
1 3 1 1 1 0 0 536 1 7 7 9
1 4 0 1 0 0 0 3000 2 6 6 7
1 5 0 1 0 0 0 3000 3 2 2 6
1 6 0 1 0 0 0 3000 2 5 5 2
1 7 0 1 0 0 0 3000 2 15 15 5
1 8 0 1 0 0 0 3000 3 11 11 15
1 9 0 0 0 0 1 614 3 13 13 11
1 10 0 1 0 0 0 3000 2 14 14 13
1 11 1 1 1 0 0 617 1 13 13 14
1 12 0 1 0 0 0 3000 3 7 7 13
1 13 0 1 0 0 0 3000 3 7 7 7
1 14 1 1 1 0 0 360 1 7 7 7
1 15 0 1 0 0 0 3000 2 6 6 7
1 16 0 1 0 0 0 3000 3 12 12 6
1 17 0 1 0 0 0 3000 3 11 11 12
1 18 0 1 0 0 0 3000 3 5 5 11
1 19 1 1 1 0 0 685 1 11 11 5
1 20 0 1 0 0 0 3000 2 14 14 11
1 21 0 1 0 0 0 3000 3 4 4 14
1 22 0 0 0 0 1 817 3 11 11 4
1 23 0 1 0 0 0 3000 2 14 14 11
1 24 0 1 0 0 0 3000 3 12 12 14
1 25 1 1 1 0 0 547 1 14 14 12
2 1 0 1 0 0 0 3000 1 3 3 14
2 2 0 1 0 0 0 3000 3 1 1 3
2 3 0 1 0 0 0 3000 2 2 2 1
2 4 0 1 0 0 0 3000 2 8 8 2
2 5 1 1 1 0 0 622 1 2 2 8
2 6 0 1 0 0 0 3000 2 5 5 2
2 7 0 1 0 0 0 3000 2 12 12 5
2 8 1 1 1 0 0 691 1 5 5 12
2 9 0 1 0 0 0 3000 2 3 3 5
2 10 0 1 0 0 0 3000 3 10 10 3
2 11 1 1 1 0 0 429 1 3 3 10
2 12 1 0 0 1 0 3000 1 10 10 3
2 13 1 0 0 1 0 3000 1 3 3 10
2 14 0 1 0 0 0 3000 3 7 7 3
2 15 0 1 0 0 0 3000 3 5 5 7
2 16 0 1 0 0 0 3000 3 15 15 5
2 17 0 1 0 0 0 3000 3 11 11 15
2 18 0 1 0 0 0 3000 3 8 8 11
2 19 0 1 0 0 0 3000 3 1 1 8
2 20 0 0 0 0 1 709 2 12 12 1
2 21 1 1 1 0 0 756 1 1 1 12
2 22 0 1 0 0 0 3000 2 4 4 1
2 23 1 1 1 0 0 534 1 1 1 4
2 24 1 1 1 0 0 955 1 4 4 1
2 25 0 1 0 0 0 3000 2 4 4 4
3 1 0 1 0 0 0 3000 3 13 13 4
3 2 0 1 0 0 0 3000 1 11 11 13
3 3 0 1 0 0 0 3000 3 10 10 11
3 4 0 0 0 0 1 383 2 13 13 10
3 5 0 1 0 0 0 3000 3 4 4 13
3 6 1 1 1 0 0 609 1 13 13 4
3 7 1 0 0 1 0 3000 1 4 4 13
3 8 0 1 0 0 0 3000 3 8 8 4
3 9 1 0 0 1 0 3000 1 4 4 8
3 10 0 1 0 0 0 3000 2 1 1 4
3 11 1 1 1 0 0 505 1 4 4 1
3 12 0 1 0 0 0 3000 2 2 2 4
3 13 1 0 0 1 0 3000 1 4 4 2
3 14 0 1 0 0 0 3000 3 9 9 4
3 15 0 1 0 0 0 3000 3 8 8 9
3 16 0 1 0 0 0 3000 3 12 12 8
3 17 0 1 0 0 0 3000 2 11 11 12
3 18 0 0 0 0 1 619 2 10 10 11
3 19 0 0 0 0 1 2334 2 12 12 10
3 20 1 1 1 0 0 500 1 10 10 12
3 21 0 1 0 0 0 3000 3 9 9 10
3 22 1 1 1 0 0 1172 1 10 10 9
3 23 0 1 0 0 0 3000 2 6 6 10
3 24 1 1 1 0 0 556 1 10 10 6
3 25 1 0 0 1 0 3000 1 6 6 10
