1 1 0 1 0 0 0 3000 3 5 5 0
1 2 0 1 0 0 0 3000 2 13 13 5
1 3 0 1 0 0 0 3000 3 12 12 13
1 4 0 1 0 0 0 3000 2 10 10 12
1 5 0 1 0 0 0 3000 2 7 7 10
1 6 1 0 0 1 0 3000 1 10 10 7
1 7 0 1 0 0 0 3000 2 8 8 10
1 8 1 1 1 0 0 798 1 10 10 8
1 9 1 1 1 0 0 1519 1 8 8 10
1 10 0 0 0 0 1 758 3 8 8 8
1 11 1 1 1 0 0 950 1 8 8 8
1 12 0 0 0 0 1 750 3 5 5 8
1 13 0 1 0 0 0 3000 3 5 5 5
1 14 0 0 0 0 1 816 3 8 8 5
1 15 1 1 1 0 0 1039 1 5 5 8
1 16 0 1 0 0 0 3000 3 11 11 5
1 17 0 0 0 0 1 922 2 8 8 11
1 18 0 1 0 0 0 3000 2 12 12 8
1 19 0 1 0 0 0 3000 2 6 6 12
1 20 0 1 0 0 0 3000 3 6 6 6
1 21 1 0 0 1 0 3000 1 6 6 6
1 22 0 1 0 0 0 3000 3 1 1 6
1 23 1 1 1 0 0 815 1 6 6 1
1 24 0 1 0 0 0 3000 2 8 8 6
1 25 1 1 1 0 0 492 1 6 6 8
2 1 0 1 0 0 0 3000 1 15 15 6
2 2 0 1 0 0 0 3000 1 3 3 15
2 3 1 0 0 1 0 3000 1 15 15 3
2 4 1 0 0 1 0 3000 1 3 3 15
2 5 1 0 0 1 0 3000 1 15 15 3
2 6 0 1 0 0 0 3000 2 12 12 15
2 7 1 1 1 0 0 1222 1 15 15 12
2 8 0 1 0 0 0 3000 2 14 14 15
2 9 0 1 0 0 0 3000 3 13 13 14
2 10 0 1 0 0 0 3000 2 5 5 13
2 11 0 0 0 0 1 1151 3 12 12 5
2 12 0 1 0 0 0 3000 3 11 11 12
2 13 1 1 1 0 0 871 1 12 12 11
2 14 0 1 0 0 0 3000 3 8 8 12
2 15 1 1 1 0 0 776 1 12 12 8
2 16 0 1 0 0 0 3000 2 11 11 12
2 17 1 1 1 0 0 889 1 12 12 11
2 18 0 1 0 0 0 3000 3 12 12 12
2 19 1 1 1 0 0 721 1 12 12 12
2 20 0 1 0 0 0 3000 2 5 5 12
2 21 0 1 0 0 0 3000 2 7 7 5
2 22 0 1 0 0 0 3000 3 3 3 7
2 23 0 1 0 0 0 3000 3 10 10 3
2 24 0 1 0 0 0 3000 3 4 4 10
2 25 0 1 0 0 0 3000 3 9 9 4
3 1 0 1 0 0 0 3000 2 11 11 9
3 2 0 1 0 0 0 3000 3 6 6 11
3 3 0 1 0 0 0 3000 2 7 7 6
3 4 0 1 0 0 0 3000 3 8 8 7
3 5 1 1 1 0 0 759 1 7 7 8
3 6 0 1 0 0 0 3000 2 14 14 7
3 7 0 1 0 0 0 3000 2 8 8 14
3 8 0 1 0 0 0 3000 2 8 8 8
3 9 1 1 1 0 0 489 1 8 8 8
3 10 1 1 1 0 0 827 1 8 8 8
3 11 0 1 0 0 0 3000 2 2 2 8
3 12 1 1 1 0 0 764 1 8 8 2
3 13 0 1 0 0 0 3000 2 12 12 8
3 14 1 1 1 0 0 502 1 8 8 12
3 15 0 1 0 0 0 3000 3 2 2 8
3 16 0 1 0 0 0 3000 2 1 1 2
3 17 1 1 1 0 0 798 1 2 2 1
3 18 0 0 0 0 1 750 3 8 8 2
3 19 0 1 0 0 0 3000 2 5 5 8
3 20 0 1 0 0 0 3000 3 3 3 5
3 21 0 1 0 0 0 3000 2 10 10 3
3 22 1 1 1 0 0 780 1 3 3 10
3 23 0 1 0 0 0 3000 2 7 7 3
3 24 1 1 1 0 0 419 1 3 3 7
3 25 0 0 0 0 1 887 2 3 3 3
