1 1 0 1 0 0 0 3000 3 10 10 0
1 2 0 1 0 0 0 3000 3 11 11 10
1 3 0 1 0 0 0 3000 2 14 14 11
1 4 0 1 0 0 0 3000 3 4 4 14
1 5 0 1 0 0 0 3000 3 1 1 4
1 6 0 1 0 0 0 3000 3 2 2 1
1 7 1 1 1 0 0 496 1 1 1 2
1 8 0 1 0 0 0 3000 2 10 10 1
1 9 0 0 0 0 1 691 3 4 4 10
1 10 0 1 0 0 0 3000 3 2 2 4
1 11 1 0 0 1 0 3000 1 4 4 2
1 12 0 1 0 0 0 3000 3 13 13 4
1 13 0 1 0 0 0 3000 2 14 14 13
1 14 0 1 0 0 0 3000 3 11 11 14
1 15 0 1 0 0 0 3000 3 10 10 11
1 16 0 1 0 0 0 3000 2 13 13 10
1 17 1 1 1 0 0 464 1 10 10 13
1 18 0 1 0 0 0 3000 2 14 14 10
1 19 0 0 0 0 1 572 3 13 13 14
1 20 0 1 0 0 0 3000 3 1 1 13
1 21 1 0 0 1 0 3000 1 13 13 1
1 22 0 1 0 0 0 3000 3 14 14 13
1 23 0 1 0 0 0 3000 2 4 4 14
1 24 0 1 0 0 0 3000 3 12 12 4
1 25 0 1 0 0 0 3000 3 3 3 12
2 1 0 1 0 0 0 3000 1 10 10 3
2 2 0 1 0 0 0 3000 3 7 7 10
2 3 1 1 1 0 0 628 1 10 10 7
2 4 1 1 1 0 0 384 1 7 7 10
2 5 0 0 0 0 1 465 3 7 7 7
2 6 0 1 0 0 0 3000 3 10 10 7
2 7 0 1 0 0 0 3000 3 6 6 10
2 8 0 1 0 0 0 3000 2 14 14 6
2 9 0 1 0 0 0 3000 3 15 15 14
2 10 0 1 0 0 0 3000 2 1 1 15
2 11 0 1 0 0 0 3000 2 12 12 1
2 12 0 1 0 0 0 3000 2 5 5 12
2 13 0 1 0 0 0 3000 2 1 1 5
2 14 0 1 0 0 0 3000 2 2 2 1
2 15 1 1 1 0 0 485 1 1 1 2
2 16 0 1 0 0 0 3000 3 8 8 1
2 17 0 1 0 0 0 3000 3 15 15 8
2 18 0 1 0 0 0 3000 3 7 7 15
2 19 0 1 0 0 0 3000 3 3 3 7
2 20 0 1 0 0 0 3000 2 8 8 3
2 21 0 1 0 0 0 3000 2 4 4 8
2 22 1 1 1 0 0 585 1 8 8 4
2 23 0 1 0 0 0 3000 2 7 7 8
2 24 0 1 0 0 0 3000 2 15 15 7
2 25 1 1 1 0 0 385 1 7 7 15
3 1 0 1 0 0 0 3000 1 12 12 7
3 2 0 1 0 0 0 3000 2 9 9 12
3 3 0 1 0 0 0 3000 2 11 11 9
3 4 0 1 0 0 0 3000 2 11 11 11
3 5 1 1 1 0 0 513 1 11 11 11
3 6 1 1 1 0 0 540 1 11 11 11
3 7 0 1 0 0 0 3000 2 1 1 11
3 8 0 1 0 0 0 3000 2 10 10 1
3 9 0 1 0 0 0 3000 3 7 7 10
3 10 0 1 0 0 0 3000 3 5 5 7
3 11 0 1 0 0 0 3000 3 5 5 5
3 12 0 1 0 0 0 3000 2 11 11 5
3 13 1 1 1 0 0 378 1 5 5 11
3 14 0 1 0 0 0 3000 3 15 15 5
3 15 0 1 0 0 0 3000 2 10 10 15
3 16 0 1 0 0 0 3000 3 2 2 10
3 17 1 1 1 0 0 393 1 10 10 2
3 18 0 1 0 0 0 3000 3 11 11 10
3 19 0 1 0 0 0 3000 3 2 2 11
3 20 1 1 1 0 0 413 1 11 11 2
3 21 1 1 1 0 0 455 1 2 2 11
3 22 1 1 1 0 0 481 1 11 11 2
3 23 1 0 0 1 0 3000 1 2 2 11
3 24 1 1 1 0 0 399 1 11 11 2
3 25 1 1 1 0 0 351 1 2 2 11
