1 1 0 1 0 0 0 3000 3 5 5 0
1 2 0 1 0 0 0 3000 3 11 11 5
1 3 1 1 1 0 0 306 1 5 5 11
1 4 0 1 0 0 0 3000 3 14 14 5
1 5 1 0 0 1 0 3000 1 5 5 14
1 6 1 1 1 0 0 345 1 14 14 5
1 7 1 0 0 1 0 3000 1 5 5 14
1 8 0 1 0 0 0 3000 2 2 2 5
1 9 0 1 0 0 0 3000 3 12 12 2
1 10 0 1 0 0 0 3000 2 1 1 12
1 11 0 1 0 0 0 3000 3 7 7 1
1 12 0 1 0 0 0 3000 3 2 2 7
1 13 0 1 0 0 0 3000 2 12 12 2
1 14 0 1 0 0 0 3000 3 10 10 12
1 15 1 1 1 0 0 315 1 12 12 10
1 16 0 1 0 0 0 3000 3 1 1 12
1 17 0 1 0 0 0 3000 3 10 10 1
1 18 1 1 1 0 0 266 1 1 1 10
1 19 0 1 0 0 0 3000 3 6 6 1
1 20 0 1 0 0 0 3000 2 3 3 6
1 21 0 1 0 0 0 3000 2 10 10 3
1 22 0 1 0 0 0 3000 3 13 13 10
1 23 0 1 0 0 0 3000 3 13 13 13
1 24 1 1 1 0 0 321 1 13 13 13
1 25 1 0 0 1 0 3000 1 13 13 13
2 1 0 1 0 0 0 3000 1 2 2 13
2 2 0 1 0 0 0 3000 3 4 4 2
2 3 0 1 0 0 0 3000 2 3 3 4
2 4 0 1 0 0 0 3000 2 13 13 3
2 5 0 1 0 0 0 3000 3 5 5 13
2 6 1 1 1 0 0 300 1 13 13 5
2 7 1 0 0 1 0 3000 1 5 5 13
2 8 1 0 0 1 0 3000 1 13 13 5
2 9 0 1 0 0 0 3000 3 7 7 13
2 10 1 0 0 1 0 3000 1 13 13 7
2 11 1 0 0 1 0 3000 1 7 7 13
2 12 0 0 0 0 1 319 2 12 12 7
2 13 0 1 0 0 0 3000 3 3 3 12
2 14 0 1 0 0 0 3000 3 3 3 3
2 15 0 1 0 0 0 3000 2 8 8 3
2 16 1 0 0 1 0 3000 1 3 3 8
2 17 0 1 0 0 0 3000 3 12 12 3
2 18 0 1 0 0 0 3000 3 5 5 12
2 19 0 1 0 0 0 3000 2 10 10 5
2 20 1 1 1 0 0 359 1 5 5 10
2 21 0 1 0 0 0 3000 3 15 15 5
2 22 0 1 0 0 0 3000 2 14 14 15
2 23 0 1 0 0 0 3000 2 10 10 14
2 24 1 1 1 0 0 433 1 14 14 10
2 25 0 1 0 0 0 3000 2 4 4 14
3 1 0 1 0 0 0 3000 3 8 8 4
3 2 0 1 0 0 0 3000 1 2 2 8
3 3 0 1 0 0 0 3000 2 15 15 2
3 4 0 1 0 0 0 3000 2 1 1 15
3 5 1 1 1 0 0 394 1 15 15 1
3 6 0 1 0 0 0 3000 3 13 13 15
3 7 0 1 0 0 0 3000 3 3 3 13
3 8 1 1 1 0 0 393 1 13 13 3
3 9 0 1 0 0 0 3000 2 1 1 13
3 10 0 1 0 0 0 3000 3 10 10 1
3 11 1 1 1 0 0 359 1 1 1 10
3 12 1 1 1 0 0 594 1 10 10 1
3 13 1 1 1 0 0 430 1 1 1 10
3 14 0 1 0 0 0 3000 3 9 9 1
3 15 0 1 0 0 0 3000 2 7 7 9
3 16 1 1 1 0 0 368 1 9 9 7
3 17 0 1 0 0 0 3000 2 10 10 9
3 18 1 1 1 0 0 519 1 9 9 10
3 19 0 1 0 0 0 3000 2 4 4 9
3 20 1 1 1 0 0 348 1 9 9 4
3 21 0 1 0 0 0 3000 2 14 14 9
3 22 1 1 1 0 0 388 1 9 9 14
3 23 1 0 0 1 0 3000 1 14 14 9
3 24 1 1 1 0 0 383 1 9 9 14
3 25 0 1 0 0 0 3000 2 13 13 9
