1 1 0 1 0 0 0 3000 3 14 14 0
1 2 0 1 0 0 0 3000 1 10 10 14
1 3 1 1 1 0 0 596 1 14 14 10
1 4 0 1 0 0 0 3000 2 4 4 14
1 5 1 0 0 1 0 3000 1 14 14 4
1 6 0 1 0 0 0 3000 3 1 1 14
1 7 1 1 1 0 0 1001 1 14 14 1
1 8 0 1 0 0 0 3000 3 2 2 14
1 9 1 0 0 1 0 3000 1 14 14 2
1 10 0 1 0 0 0 3000 3 12 12 14
1 11 0 1 0 0 0 3000 3 9 9 12
1 12 0 1 0 0 0 3000 3 15 15 9
1 13 0 1 0 0 0 3000 2 4 4 15
1 14 1 1 1 0 0 1221 1 15 15 4
1 15 0 1 0 0 0 3000 3 14 14 15
1 16 1 0 0 1 0 3000 1 15 15 14
1 17 0 1 0 0 0 3000 3 15 15 15
1 18 0 1 0 0 0 3000 2 7 7 15
1 19 0 1 0 0 0 3000 3 3 3 7
1 20 0 1 0 0 0 3000 3 3 3 3
1 21 0 1 0 0 0 3000 2 4 4 3
1 22 0 1 0 0 0 3000 3 8 8 4
1 23 0 1 0 0 0 3000 3 14 14 8
1 24 0 0 0 0 1 1254 2 14 14 14
1 25 0 1 0 0 0 3000 3 7 7 14
2 1 0 1 0 0 0 3000 3 7 7 7
2 2 0 1 0 0 0 3000 3 3 3 7
2 3 0 1 0 0 0 3000 3 12 12 3
2 4 0 1 0 0 0 3000 2 6 6 12
2 5 0 1 0 0 0 3000 2 15 15 6
2 6 0 1 0 0 0 3000 3 5 5 15
2 7 0 1 0 0 0 3000 3 9 9 5
2 8 1 1 1 0 0 1049 1 5 5 9
2 9 0 1 0 0 0 3000 2 15 15 5
2 10 0 1 0 0 0 3000 2 4 4 15
2 11 1 1 1 0 0 853 1 15 15 4
2 12 0 1 0 0 0 3000 3 3 3 15
2 13 1 0 0 1 0 3000 1 15 15 3
2 14 0 1 0 0 0 3000 2 11 11 15
2 15 0 1 0 0 0 3000 2 12 12 11
2 16 0 1 0 0 0 3000 3 1 1 12
2 17 0 1 0 0 0 3000 2 11 11 1
2 18 1 1 1 0 0 760 1 1 1 11
2 19 1 0 0 1 0 3000 1 11 11 1
2 20 0 1 0 0 0 3000 3 3 3 11
2 21 0 1 0 0 0 3000 3 1 1 3
2 22 1 1 1 0 0 820 1 3 3 1
2 23 0 1 0 0 0 3000 2 13 13 3
2 24 0 1 0 0 0 3000 2 7 7 13
2 25 1 1 1 0 0 873 1 13 13 7
3 1 0 1 0 0 0 3000 2 13 13 13
3 2 0 1 0 0 0 3000 3 9 9 13
3 3 0 1 0 0 0 3000 3 3 3 9
3 4 0 1 0 0 0 3000 3 8 8 3
3 5 0 1 0 0 0 3000 2 13 13 8
3 6 0 1 0 0 0 3000 3 9 9 13
3 7 1 1 1 0 0 734 1 13 13 9
3 8 1 0 0 1 0 3000 1 9 9 13
3 9 1 0 0 1 0 3000 1 13 13 9
3 10 0 1 0 0 0 3000 2 5 5 13
3 11 1 1 1 0 0 466 1 13 13 5
3 12 1 0 0 1 0 3000 1 5 5 13
3 13 0 1 0 0 0 3000 2 14 14 5
3 14 0 1 0 0 0 3000 3 9 9 14
3 15 0 1 0 0 0 3000 2 8 8 9
3 16 1 1 1 0 0 725 1 9 9 8
3 17 0 1 0 0 0 3000 2 5 5 9
3 18 0 1 0 0 0 3000 2 1 1 5
3 19 1 1 1 0 0 627 1 5 5 1
3 20 1 0 0 1 0 3000 1 1 1 5
3 21 1 0 0 1 0 3000 1 5 5 1
3 22 1 1 1 0 0 934 1 1 1 5
3 23 0 1 0 0 0 3000 3 1 1 1
3 24 1 0 0 1 0 3000 1 1 1 1
3 25 0 1 0 0 0 3000 2 3 3 1
