1 1 0 1 0 0 0 3000 2 9 9 0
1 2 0 1 0 0 0 3000 3 13 13 9
1 3 1 1 1 0 0 363 1 9 9 13
1 4 0 1 0 0 0 3000 3 7 7 9
1 5 1 1 1 0 0 535 1 9 9 7
1 6 0 1 0 0 0 3000 2 13 13 9
1 7 0 1 0 0 0 3000 2 4 4 13
1 8 1 1 1 0 0 1701 1 13 13 4
1 9 0 1 0 0 0 3000 3 2 2 13
1 10 0 1 0 0 0 3000 3 4 4 2
1 11 0 1 0 0 0 3000 3 9 9 4
1 12 0 1 0 0 0 3000 3 1 1 9
1 13 0 0 0 0 1 367 3 4 4 1
1 14 0 1 0 0 0 3000 3 2 2 4
1 15 0 1 0 0 0 3000 3 6 6 2
1 16 0 1 0 0 0 3000 2 11 11 6
1 17 1 1 1 0 0 589 1 6 6 11
1 18 1 0 0 1 0 3000 1 11 11 6
1 19 0 1 0 0 0 3000 3 2 2 11
1 20 1 1 1 0 0 333 1 11 11 2
1 21 1 0 0 1 0 3000 1 2 2 11
1 22 0 1 0 0 0 3000 3 9 9 2
1 23 0 1 0 0 0 3000 2 10 10 9
1 24 1 1 1 0 0 601 1 9 9 10
1 25 0 1 0 0 0 3000 3 14 14 9
2 1 0 1 0 0 0 3000 1 6 6 14
2 2 0 1 0 0 0 3000 1 15 15 6
2 3 1 1 1 0 0 392 1 6 6 15
2 4 0 1 0 0 0 3000 2 10 10 6
2 5 1 1 1 0 0 585 1 6 6 10
2 6 0 1 0 0 0 3000 2 9 9 6
2 7 0 1 0 0 0 3000 2 7 7 9
2 8 1 0 0 1 0 3000 1 9 9 7
2 9 0 0 0 0 1 367 3 5 5 9
2 10 0 1 0 0 0 3000 3 8 8 5
2 11 1 1 1 0 0 357 1 5 5 8
2 12 0 1 0 0 0 3000 3 11 11 5
2 13 0 1 0 0 0 3000 3 10 10 11
2 14 0 1 0 0 0 3000 3 10 10 10
2 15 0 0 0 0 1 1042 2 6 6 10
2 16 1 1 1 0 0 925 1 10 10 6
2 17 0 0 0 0 1 2483 3 1 1 10
2 18 0 0 0 0 1 675 3 12 12 1
2 19 0 1 0 0 0 3000 2 9 9 12
2 20 0 0 0 0 1 381 3 10 10 9
2 21 0 1 0 0 0 3000 2 3 3 10
2 22 0 1 0 0 0 3000 3 2 2 3
2 23 1 1 1 0 0 396 1 3 3 2
2 24 1 1 1 0 0 410 1 2 2 3
2 25 0 1 0 0 0 3000 3 13 13 2
3 1 0 1 0 0 0 3000 1 15 15 13
3 2 0 1 0 0 0 3000 1 11 11 15
3 3 0 1 0 0 0 3000 3 10 10 11
3 4 0 1 0 0 0 3000 2 2 2 10
3 5 0 1 0 0 0 3000 3 8 8 2
3 6 0 1 0 0 0 3000 2 7 7 8
3 7 0 1 0 0 0 3000 2 15 15 7
3 8 0 1 0 0 0 3000 3 10 10 15
3 9 1 1 1 0 0 686 1 15 15 10
3 10 0 1 0 0 0 3000 2 5 5 15
3 11 0 0 0 0 1 305 3 7 7 5
3 12 1 1 1 0 0 1000 1 5 5 7
3 13 0 1 0 0 0 3000 3 3 3 5
3 14 1 1 1 0 0 549 1 5 5 3
3 15 0 1 0 0 0 3000 3 13 13 5
3 16 0 1 0 0 0 3000 3 9 9 13
3 17 0 0 0 0 1 797 2 15 15 9
3 18 0 0 0 0 1 802 3 5 5 15
3 19 0 1 0 0 0 3000 3 8 8 5
3 20 0 1 0 0 0 3000 2 8 8 8
3 21 1 1 1 0 0 653 1 8 8 8
3 22 1 1 1 0 0 504 1 8 8 8
3 23 0 1 0 0 0 3000 3 3 3 8
3 24 1 1 1 0 0 346 1 8 8 3
3 25 0 1 0 0 0 3000 3 6 6 8
