1 1 0 1 0 0 0 3000 3 10 10 0
1 2 0 1 0 0 0 3000 2 4 4 10
1 3 0 1 0 0 0 3000 3 1 1 4
1 4 0 1 0 0 0 3000 2 1 1 1
1 5 0 1 0 0 0 3000 2 8 8 1
1 6 0 1 0 0 0 3000 3 13 13 8
1 7 0 1 0 0 0 3000 2 1 1 13
1 8 0 1 0 0 0 3000 2 8 8 1
1 9 0 1 0 0 0 3000 3 15 15 8
1 10 1 1 1 0 0 1383 1 8 8 15
1 11 1 1 1 0 0 1047 1 15 15 8
1 12 0 1 0 0 0 3000 3 13 13 15
1 13 1 1 1 0 0 1799 1 15 15 13
1 14 1 1 1 0 0 964 1 13 13 15
1 15 0 1 0 0 0 3000 3 3 3 13
1 16 1 1 1 0 0 1114 1 13 13 3
1 17 1 1 1 0 0 892 1 3 3 13
1 18 0 1 0 0 0 3000 2 11 11 3
1 19 1 1 1 0 0 830 1 3 3 11
1 20 0 1 0 0 0 3000 3 12 12 3
1 21 1 1 1 0 0 548 1 3 3 12
1 22 1 1 1 0 0 712 1 12 12 3
1 23 1 1 1 0 0 690 1 3 3 12
1 24 0 1 0 0 0 3000 2 11 11 3
1 25 1 1 1 0 0 1606 1 3 3 11
2 1 0 1 0 0 0 3000 1 13 13 3
2 2 0 1 0 0 0 3000 2 4 4 13
2 3 1 1 1 0 0 486 1 13 13 4
2 4 0 1 0 0 0 3000 3 11 11 13
2 5 0 1 0 0 0 3000 2 11 11 11
2 6 0 1 0 0 0 3000 2 1 1 11
2 7 0 1 0 0 0 3000 3 7 7 1
2 8 0 1 0 0 0 3000 3 3 3 7
2 9 0 1 0 0 0 3000 3 3 3 3
2 10 0 1 0 0 0 3000 3 8 8 3
2 11 1 1 1 0 0 778 1 3 3 8
2 12 0 1 0 0 0 3000 3 2 2 3
2 13 0 1 0 0 0 3000 3 14 14 2
2 14 0 1 0 0 0 3000 2 3 3 14
2 15 1 1 1 0 0 654 1 14 14 3
2 16 0 1 0 0 0 3000 2 8 8 14
2 17 0 1 0 0 0 3000 3 9 9 8
2 18 0 1 0 0 0 3000 2 5 5 9
2 19 0 1 0 0 0 3000 3 4 4 5
2 20 0 1 0 0 0 3000 2 8 8 4
2 21 0 1 0 0 0 3000 3 1 1 8
2 22 0 1 0 0 0 3000 2 6 6 1
2 23 0 1 0 0 0 3000 3 12 12 6
2 24 1 1 1 0 0 428 1 6 6 12
2 25 0 1 0 0 0 3000 3 15 15 6
3 1 0 1 0 0 0 3000 1 4 4 15
3 2 0 1 0 0 0 3000 2 5 5 4
3 3 0 1 0 0 0 3000 2 9 9 5
3 4 1 1 1 0 0 709 1 5 5 9
3 5 1 1 1 0 0 634 1 9 9 5
3 6 1 1 1 0 0 504 1 5 5 9
3 7 0 1 0 0 0 3000 2 7 7 5
3 8 0 0 0 0 1 620 2 7 7 7
3 9 0 1 0 0 0 3000 2 12 12 7
3 10 0 1 0 0 0 3000 3 1 1 12
3 11 0 1 0 0 0 3000 3 4 4 1
3 12 1 1 1 0 0 555 1 1 1 4
3 13 0 1 0 0 0 3000 3 7 7 1
3 14 0 1 0 0 0 3000 3 12 12 7
3 15 1 1 1 0 0 882 1 7 7 12
3 16 0 1 0 0 0 3000 2 4 4 7
3 17 1 1 1 0 0 809 1 7 7 4
3 18 0 1 0 0 0 3000 3 8 8 7
3 19 0 1 0 0 0 3000 2 15 15 8
3 20 1 1 1 0 0 699 1 8 8 15
3 21 0 1 0 0 0 3000 3 1 1 8
3 22 0 1 0 0 0 3000 2 1 1 1
3 23 0 1 0 0 0 3000 3 14 14 1
3 24 0 1 0 0 0 3000 2 7 7 14
3 25 0 1 0 0 0 3000 2 5 5 7
