1 1 0 1 0 0 0 3000 3 11 11 0
1 2 0 1 0 0 0 3000 1 1 1 11
1 3 0 1 0 0 0 3000 2 5 5 1
1 4 0 1 0 0 0 3000 2 4 4 5
1 5 1 1 1 0 0 774 1 5 5 4
1 6 1 1 1 0 0 754 1 4 4 5
1 7 0 1 0 0 0 3000 2 2 2 4
1 8 0 1 0 0 0 3000 2 10 10 2
1 9 0 1 0 0 0 3000 3 9 9 10
1 10 0 1 0 0 0 3000 2 12 12 9
1 11 0 1 0 0 0 3000 3 6 6 12
1 12 0 1 0 0 0 3000 3 14 14 6
1 13 1 1 1 0 0 443 1 6 6 14
1 14 0 1 0 0 0 3000 2 13 13 6
1 15 0 1 0 0 0 3000 3 12 12 13
1 16 0 1 0 0 0 3000 3 3 3 12
1 17 0 1 0 0 0 3000 2 8 8 3
1 18 1 1 1 0 0 289 1 3 3 8
1 19 0 1 0 0 0 3000 2 2 2 3
1 20 1 1 1 0 0 420 1 3 3 2
1 21 1 1 1 0 0 800 1 2 2 3
1 22 0 1 0 0 0 3000 2 8 8 2
1 23 0 1 0 0 0 3000 2 7 7 8
1 24 0 1 0 0 0 3000 3 14 14 7
1 25 1 0 0 1 0 3000 1 7 7 14
2 1 0 1 0 0 0 3000 1 5 5 7
2 2 0 1 0 0 0 3000 1 12 12 5
2 3 1 1 1 0 0 459 1 5 5 12
2 4 0 1 0 0 0 3000 3 3 3 5
2 5 1 1 1 0 0 1622 1 5 5 3
2 6 0 1 0 0 0 3000 2 9 9 5
2 7 0 1 0 0 0 3000 2 6 6 9
2 8 1 1 1 0 0 352 1 9 9 6
2 9 1 1 1 0 0 807 1 6 6 9
2 10 1 1 1 0 0 700 1 9 9 6
2 11 1 1 1 0 0 479 1 6 6 9
2 12 0 1 0 0 0 3000 3 5 5 6
2 13 0 1 0 0 0 3000 2 1 1 5
2 14 0 1 0 0 0 3000 3 6 6 1
2 15 1 1 1 0 0 664 1 1 1 6
2 16 0 1 0 0 0 3000 2 9 9 1
2 17 1 1 1 0 0 338 1 1 1 9
2 18 0 0 0 0 1 856 2 1 1 1
2 19 0 1 0 0 0 3000 3 8 8 1
2 20 0 1 0 0 0 3000 2 11 11 8
2 21 1 1 1 0 0 474 1 8 8 11
2 22 1 1 1 0 0 507 1 11 11 8
2 23 0 1 0 0 0 3000 2 10 10 11
2 24 0 1 0 0 0 3000 3 12 12 10
2 25 0 1 0 0 0 3000 3 4 4 12
3 1 0 1 0 0 0 3000 2 2 2 4
3 2 0 1 0 0 0 3000 3 15 15 2
3 3 0 1 0 0 0 3000 2 9 9 15
3 4 1 1 1 0 0 695 1 15 15 9
3 5 1 1 1 0 0 462 1 9 9 15
3 6 0 1 0 0 0 3000 2 5 5 9
3 7 1 1 1 0 0 474 1 9 9 5
3 8 0 1 0 0 0 3000 2 11 11 9
3 9 0 1 0 0 0 3000 2 4 4 11
3 10 1 1 1 0 0 335 1 11 11 4
3 11 0 1 0 0 0 3000 3 9 9 11
3 12 0 1 0 0 0 3000 3 8 8 9
3 13 0 1 0 0 0 3000 3 4 4 8
3 14 0 1 0 0 0 3000 3 12 12 4
3 15 0 1 0 0 0 3000 3 2 2 12
3 16 0 1 0 0 0 3000 2 11 11 2
3 17 0 1 0 0 0 3000 3 15 15 11
3 18 0 0 0 0 1 515 3 15 15 15
3 19 0 1 0 0 0 3000 3 8 8 15
3 20 1 1 1 0 0 788 1 15 15 8
3 21 1 1 1 0 0 1343 1 8 8 15
3 22 0 1 0 0 0 3000 2 3 3 8
3 23 0 1 0 0 0 3000 3 12 12 3
3 24 0 1 0 0 0 3000 3 5 5 12
3 25 0 1 0 0 0 3000 2 9 9 5
