1 1 0 1 0 0 0 3000 3 12 12 0
1 2 0 1 0 0 0 3000 1 12 12 12
1 3 1 1 1 0 0 393 1 12 12 12
1 4 0 1 0 0 0 3000 2 11 11 12
1 5 1 1 1 0 0 386 1 12 12 11
1 6 0 1 0 0 0 3000 3 9 9 12
1 7 0 1 0 0 0 3000 3 6 6 9
1 8 0 1 0 0 0 3000 3 5 5 6
1 9 0 1 0 0 0 3000 2 15 15 5
1 10 0 1 0 0 0 3000 2 12 12 15
1 11 0 1 0 0 0 3000 2 8 8 12
1 12 0 0 0 0 1 514 3 11 11 8
1 13 0 1 0 0 0 3000 2 2 2 11
1 14 0 0 0 0 1 1097 2 12 12 2
1 15 1 1 1 0 0 746 1 2 2 12
1 16 1 1 1 0 0 696 1 12 12 2
1 17 0 1 0 0 0 3000 3 1 1 12
1 18 0 1 0 0 0 3000 2 7 7 1
1 19 0 1 0 0 0 3000 2 7 7 7
1 20 0 1 0 0 0 3000 3 10 10 7
1 21 0 1 0 0 0 3000 3 9 9 10
1 22 0 1 0 0 0 3000 2 4 4 9
1 23 1 1 1 0 0 370 1 9 9 4
1 24 0 1 0 0 0 3000 3 15 15 9
1 25 0 1 0 0 0 3000 2 3 3 15
2 1 0 1 0 0 0 3000 1 7 7 3
2 2 0 1 0 0 0 3000 1 9 9 7
2 3 0 1 0 0 0 3000 2 2 2 9
2 4 0 1 0 0 0 3000 3 10 10 2
2 5 0 1 0 0 0 3000 2 3 3 10
2 6 0 1 0 0 0 3000 3 5 5 3
2 7 0 1 0 0 0 3000 2 7 7 5
2 8 0 1 0 0 0 3000 2 9 9 7
2 9 0 0 0 0 1 475 2 3 3 9
2 10 1 1 1 0 0 554 1 9 9 3
2 11 0 1 0 0 0 3000 2 6 6 9
2 12 0 0 0 0 1 525 3 2 2 6
2 13 0 1 0 0 0 3000 3 9 9 2
2 14 0 0 0 0 1 550 3 3 3 9
2 15 0 1 0 0 0 3000 2 3 3 3
2 16 1 1 1 0 0 335 1 3 3 3
2 17 0 1 0 0 0 3000 2 13 13 3
2 18 1 1 1 0 0 354 1 3 3 13
2 19 1 1 1 0 0 322 1 13 13 3
2 20 0 1 0 0 0 3000 2 4 4 13
2 21 0 1 0 0 0 3000 3 5 5 4
2 22 0 1 0 0 0 3000 3 3 3 5
2 23 1 1 1 0 0 515 1 5 5 3
2 24 0 1 0 0 0 3000 3 15 15 5
2 25 0 0 0 0 1 514 2 13 13 15
3 1 0 1 0 0 0 3000 3 13 13 13
3 2 0 1 0 0 0 3000 3 12 12 13
3 3 1 1 1 0 0 372 1 13 13 12
3 4 1 1 1 0 0 351 1 12 12 13
3 5 0 1 0 0 0 3000 2 10 10 12
3 6 0 1 0 0 0 3000 2 1 1 10
3 7 0 0 0 0 1 484 3 1 1 1
3 8 1 1 1 0 0 692 1 1 1 1
3 9 1 1 1 0 0 380 1 1 1 1
3 10 0 1 0 0 0 3000 3 9 9 1
3 11 0 1 0 0 0 3000 3 9 9 9
3 12 0 1 0 0 0 3000 2 7 7 9
3 13 0 1 0 0 0 3000 3 3 3 7
3 14 0 0 0 0 1 341 2 3 3 3
3 15 0 1 0 0 0 3000 2 14 14 3
3 16 0 0 0 0 1 623 2 7 7 14
3 17 0 1 0 0 0 3000 3 7 7 7
3 18 0 1 0 0 0 3000 2 11 11 7
3 19 0 1 0 0 0 3000 2 9 9 11
3 20 0 0 0 0 1 543 2 9 9 9
3 21 0 1 0 0 0 3000 2 4 4 9
3 22 0 1 0 0 0 3000 3 8 8 4
3 23 0 1 0 0 0 3000 2 1 1 8
3 24 0 1 0 0 0 3000 2 3 3 1
3 25 0 1 0 0 0 3000 2 2 2 3
