1 1 0 1 0 0 0 3000 3 11 11 0
1 2 0 1 0 0 0 3000 2 3 3 11
1 3 0 1 0 0 0 3000 2 5 5 3
1 4 1 0 0 1 0 3000 1 3 3 5
1 5 0 1 0 0 0 3000 2 7 7 3
1 6 0 1 0 0 0 3000 2 6 6 7
1 7 1 1 1 0 0 391 1 7 7 6
1 8 0 1 0 0 0 3000 2 1 1 7
1 9 0 1 0 0 0 3000 2 1 1 1
1 10 1 0 0 1 0 3000 1 1 1 1
1 11 0 1 0 0 0 3000 2 14 14 1
1 12 0 1 0 0 0 3000 3 8 8 14
1 13 0 1 0 0 0 3000 3 8 8 8
1 14 1 1 1 0 0 433 1 8 8 8
1 15 1 0 0 1 0 3000 1 8 8 8
1 16 0 1 0 0 0 3000 3 5 5 8
1 17 1 0 0 1 0 3000 1 8 8 5
1 18 0 1 0 0 0 3000 3 9 9 8
1 19 0 1 0 0 0 3000 3 4 4 9
1 20 0 1 0 0 0 3000 3 10 10 4
1 21 1 0 0 1 0 3000 1 4 4 10
1 22 0 1 0 0 0 3000 3 1 1 4
1 23 0 1 0 0 0 3000 2 1 1 1
1 24 0 1 0 0 0 3000 2 9 9 1
1 25 0 1 0 0 0 3000 3 2 2 9
2 1 0 1 0 0 0 3000 1 3 3 2
2 2 0 1 0 0 0 3000 3 3 3 3
2 3 0 1 0 0 0 3000 2 5 5 3
2 4 0 1 0 0 0 3000 2 6 6 5
2 5 0 1 0 0 0 3000 2 2 2 6
2 6 0 1 0 0 0 3000 2 4 4 2
2 7 1 1 1 0 0 365 1 2 2 4
2 8 0 1 0 0 0 3000 3 12 12 2
2 9 1 0 0 1 0 3000 1 2 2 12
2 10 0 1 0 0 0 3000 3 4 4 2
2 11 0 1 0 0 0 3000 2 8 8 4
2 12 0 1 0 0 0 3000 3 1 1 8
2 13 1 0 0 1 0 3000 1 8 8 1
2 14 0 1 0 0 0 3000 3 4 4 8
2 15 0 1 0 0 0 3000 3 5 5 4
2 16 0 1 0 0 0 3000 2 10 10 5
2 17 0 1 0 0 0 3000 2 3 3 10
2 18 0 1 0 0 0 3000 2 7 7 3
2 19 0 1 0 0 0 3000 3 12 12 7
2 20 0 1 0 0 0 3000 3 8 8 12
2 21 0 1 0 0 0 3000 3 15 15 8
2 22 0 1 0 0 0 3000 3 14 14 15
2 23 0 1 0 0 0 3000 2 2 2 14
2 24 1 1 1 0 0 391 1 14 14 2
2 25 0 1 0 0 0 3000 2 8 8 14
3 1 0 1 0 0 0 3000 2 1 1 8
3 2 0 1 0 0 0 3000 1 7 7 1
3 3 1 1 1 0 0 552 1 1 1 7
3 4 1 1 1 0 0 374 1 7 7 1
3 5 0 1 0 0 0 3000 3 13 13 7
3 6 1 0 0 1 0 3000 1 7 7 13
3 7 0 1 0 0 0 3000 3 2 2 7
3 8 0 0 0 0 1 335 2 13 13 2
3 9 0 1 0 0 0 3000 2 14 14 13
3 10 0 0 0 0 1 542 2 2 2 14
3 11 1 1 1 0 0 395 1 14 14 2
3 12 0 1 0 0 0 3000 3 7 7 14
3 13 0 1 0 0 0 3000 2 5 5 7
3 14 0 1 0 0 0 3000 2 12 12 5
3 15 1 1 1 0 0 374 1 5 5 12
3 16 1 1 1 0 0 378 1 12 12 5
3 17 0 1 0 0 0 3000 3 15 15 12
3 18 0 1 0 0 0 3000 2 1 1 15
3 19 1 1 1 0 0 335 1 15 15 1
3 20 0 1 0 0 0 3000 3 13 13 15
3 21 1 0 0 1 0 3000 1 15 15 13
3 22 0 1 0 0 0 3000 3 8 8 15
3 23 0 1 0 0 0 3000 2 9 9 8
3 24 1 1 1 0 0 899 1 8 8 9
3 25 1 1 1 0 0 413 1 9 9 8
