1 1 0 1 0 0 0 3000 1 11 11 0
1 2 0 1 0 0 0 3000 1 12 12 11
1 3 0 1 0 0 0 3000 2 5 5 12
1 4 0 1 0 0 0 3000 3 2 2 5
1 5 1 0 0 1 0 3000 1 5 5 2
1 6 0 1 0 0 0 3000 3 1 1 5
1 7 1 0 0 1 0 3000 1 5 5 1
1 8 0 1 0 0 0 3000 3 10 10 5
1 9 0 1 0 0 0 3000 2 14 14 10
1 10 0 1 0 0 0 3000 3 3 3 14
1 11 0 1 0 0 0 3000 3 3 3 3
1 12 0 1 0 0 0 3000 3 9 9 3
1 13 0 1 0 0 0 3000 3 7 7 9
1 14 0 1 0 0 0 3000 2 8 8 7
1 15 0 1 0 0 0 3000 3 11 11 8
1 16 0 1 0 0 0 3000 2 4 4 11
1 17 1 0 0 1 0 3000 1 11 11 4
1 18 1 0 0 1 0 3000 1 4 4 11
1 19 1 0 0 1 0 3000 1 11 11 4
1 20 1 0 0 1 0 3000 1 4 4 11
1 21 0 1 0 0 0 3000 2 12 12 4
1 22 0 1 0 0 0 3000 3 14 14 12
1 23 1 0 0 1 0 3000 1 12 12 14
1 24 0 1 0 0 0 3000 2 5 5 12
1 25 0 1 0 0 0 3000 2 13 13 5
2 1 0 1 0 0 0 3000 1 8 8 13
2 2 0 1 0 0 0 3000 2 1 1 8
2 3 0 1 0 0 0 3000 2 13 13 1
2 4 1 0 0 1 0 3000 1 1 1 13
2 5 1 0 0 1 0 3000 1 13 13 1
2 6 0 1 0 0 0 3000 2 14 14 13
2 7 0 1 0 0 0 3000 3 2 2 14
2 8 0 1 0 0 0 3000 2 11 11 2
2 9 0 1 0 0 0 3000 2 4 4 11
2 10 0 1 0 0 0 3000 3 5 5 4
2 11 0 1 0 0 0 3000 3 6 6 5
2 12 1 0 0 1 0 3000 1 5 5 6
2 13 0 1 0 0 0 3000 3 3 3 5
2 14 0 1 0 0 0 3000 2 2 2 3
2 15 0 1 0 0 0 3000 2 6 6 2
2 16 1 0 0 1 0 3000 1 2 2 6
2 17 1 0 0 1 0 3000 1 6 6 2
2 18 1 0 0 1 0 3000 1 2 2 6
2 19 0 1 0 0 0 3000 2 5 5 2
2 20 0 1 0 0 0 3000 3 11 11 5
2 21 0 1 0 0 0 3000 2 2 2 11
2 22 0 1 0 0 0 3000 3 2 2 2
2 23 0 1 0 0 0 3000 3 9 9 2
2 24 0 1 0 0 0 3000 3 8 8 9
2 25 0 1 0 0 0 3000 2 6 6 8
3 1 0 1 0 0 0 3000 1 2 2 6
3 2 0 1 0 0 0 3000 1 5 5 2
3 3 0 1 0 0 0 3000 2 9 9 5
3 4 1 0 0 1 0 3000 1 5 5 9
3 5 1 0 0 1 0 3000 1 9 9 5
3 6 1 0 0 1 0 3000 1 5 5 9
3 7 1 0 0 1 0 3000 1 9 9 5
3 8 0 1 0 0 0 3000 2 7 7 9
3 9 0 1 0 0 0 3000 3 15 15 7
3 10 0 1 0 0 0 3000 3 11 11 15
3 11 0 1 0 0 0 3000 2 5 5 11
3 12 0 1 0 0 0 3000 3 6 6 5
3 13 1 0 0 1 0 3000 1 5 5 6
3 14 0 1 0 0 0 3000 3 7 7 5
3 15 0 1 0 0 0 3000 2 10 10 7
3 16 0 1 0 0 0 3000 3 9 9 10
3 17 0 1 0 0 0 3000 2 3 3 9
3 18 1 0 0 1 0 3000 1 9 9 3
3 19 1 0 0 1 0 3000 1 3 3 9
3 20 0 1 0 0 0 3000 3 15 15 3
3 21 1 0 0 1 0 3000 1 3 3 15
3 22 0 1 0 0 0 3000 2 2 2 3
3 23 0 1 0 0 0 3000 2 15 15 2
3 24 1 0 0 1 0 3000 1 2 2 15
3 25 0 1 0 0 0 3000 3 4 4 2
