1 1 0 1 0 0 0 3000 2 7 7 0
1 2 0 1 0 0 0 3000 1 4 4 7
1 3 0 1 0 0 0 3000 3 14 14 4
1 4 1 0 0 1 0 3000 1 4 4 14
1 5 0 1 0 0 0 3000 3 5 5 4
1 6 1 1 1 0 0 638 1 4 4 5
1 7 0 1 0 0 0 3000 2 10 10 4
1 8 0 1 0 0 0 3000 2 11 11 10
1 9 1 1 1 0 0 523 1 10 10 11
1 10 1 0 0 1 0 3000 1 11 11 10
1 11 0 1 0 0 0 3000 3 4 4 11
1 12 1 1 1 0 0 402 1 11 11 4
1 13 0 1 0 0 0 3000 2 11 11 11
1 14 1 1 1 0 0 716 1 11 11 11
1 15 0 1 0 0 0 3000 2 1 1 11
1 16 0 1 0 0 0 3000 2 6 6 1
1 17 0 1 0 0 0 3000 2 3 3 6
1 18 0 1 0 0 0 3000 2 12 12 3
1 19 0 1 0 0 0 3000 2 1 1 12
1 20 0 1 0 0 0 3000 3 6 6 1
1 21 0 1 0 0 0 3000 3 4 4 6
1 22 0 1 0 0 0 3000 3 10 10 4
1 23 0 1 0 0 0 3000 2 12 12 10
1 24 0 1 0 0 0 3000 2 3 3 12
1 25 0 1 0 0 0 3000 3 2 2 3
2 1 0 1 0 0 0 3000 1 14 14 2
2 2 0 1 0 0 0 3000 2 6 6 14
2 3 1 1 1 0 0 408 1 14 14 6
2 4 0 1 0 0 0 3000 3 9 9 14
2 5 1 0 0 1 0 3000 1 14 14 9
2 6 1 1 1 0 0 372 1 9 9 14
2 7 1 0 0 1 0 3000 1 14 14 9
2 8 0 1 0 0 0 3000 3 5 5 14
2 9 0 1 0 0 0 3000 3 8 8 5
2 10 0 1 0 0 0 3000 3 12 12 8
2 11 1 1 1 0 0 377 1 8 8 12
2 12 1 0 0 1 0 3000 1 12 12 8
2 13 0 1 0 0 0 3000 3 6 6 12
2 14 0 1 0 0 0 3000 3 6 6 6
2 15 1 1 1 0 0 491 1 6 6 6
2 16 1 0 0 1 0 3000 1 6 6 6
2 17 0 1 0 0 0 3000 2 13 13 6
2 18 0 1 0 0 0 3000 2 4 4 13
2 19 1 1 1 0 0 405 1 13 13 4
2 20 1 0 0 1 0 3000 1 4 4 13
2 21 0 1 0 0 0 3000 2 3 3 4
2 22 0 1 0 0 0 3000 2 11 11 3
2 23 0 1 0 0 0 3000 3 7 7 11
2 24 0 1 0 0 0 3000 3 3 3 7
2 25 0 1 0 0 0 3000 3 8 8 3
3 1 0 1 0 0 0 3000 2 15 15 8
3 2 0 1 0 0 0 3000 2 15 15 15
3 3 0 1 0 0 0 3000 3 12 12 15
3 4 0 1 0 0 0 3000 3 7 7 12
3 5 1 1 1 0 0 417 1 12 12 7
3 6 1 0 0 1 0 3000 1 7 7 12
3 7 1 0 0 1 0 3000 1 12 12 7
3 8 0 1 0 0 0 3000 2 13 13 12
3 9 0 1 0 0 0 3000 2 2 2 13
3 10 0 1 0 0 0 3000 2 11 11 2
3 11 0 1 0 0 0 3000 2 9 9 11
3 12 0 1 0 0 0 3000 3 13 13 9
3 13 0 1 0 0 0 3000 3 1 1 13
3 14 0 1 0 0 0 3000 3 15 15 1
3 15 0 1 0 0 0 3000 2 6 6 15
3 16 0 1 0 0 0 3000 2 12 12 6
3 17 0 1 0 0 0 3000 2 8 8 12
3 18 0 1 0 0 0 3000 3 10 10 8
3 19 1 1 1 0 0 391 1 8 8 10
3 20 0 1 0 0 0 3000 3 8 8 8
3 21 1 0 0 1 0 3000 1 8 8 8
3 22 1 1 1 0 0 474 1 8 8 8
3 23 0 1 0 0 0 3000 3 9 9 8
3 24 0 1 0 0 0 3000 2 9 9 9
3 25 0 1 0 0 0 3000 2 11 11 9
