1 1 0 1 0 0 0 3000 3 1 1 0
1 2 0 1 0 0 0 3000 2 14 14 1
1 3 1 1 1 0 0 706 1 1 1 14
1 4 0 1 0 0 0 3000 3 12 12 1
1 5 0 1 0 0 0 3000 2 2 2 12
1 6 1 1 1 0 0 549 1 12 12 2
1 7 1 0 0 1 0 3000 1 2 2 12
1 8 0 1 0 0 0 3000 2 9 9 2
1 9 0 1 0 0 0 3000 3 1 1 9
1 10 1 0 0 1 0 3000 1 9 9 1
1 11 1 0 0 1 0 3000 1 1 1 9
1 12 1 1 1 0 0 1290 1 9 9 1
1 13 0 1 0 0 0 3000 2 10 10 9
1 14 1 0 0 1 0 3000 1 9 9 10
1 15 0 1 0 0 0 3000 2 14 14 9
1 16 0 1 0 0 0 3000 3 12 12 14
1 17 0 1 0 0 0 3000 3 1 1 12
1 18 1 0 0 1 0 3000 1 12 12 1
1 19 0 1 0 0 0 3000 3 6 6 12
1 20 0 1 0 0 0 3000 2 1 1 6
1 21 0 1 0 0 0 3000 2 5 5 1
1 22 1 0 0 1 0 3000 1 1 1 5
1 23 1 0 0 1 0 3000 1 5 5 1
1 24 0 1 0 0 0 3000 3 13 13 5
1 25 0 1 0 0 0 3000 3 3 3 13
2 1 0 1 0 0 0 3000 3 12 12 3
2 2 0 1 0 0 0 3000 3 14 14 12
2 3 0 1 0 0 0 3000 3 9 9 14
2 4 0 1 0 0 0 3000 2 3 3 9
2 5 0 1 0 0 0 3000 2 6 6 3
2 6 0 1 0 0 0 3000 2 14 14 6
2 7 0 1 0 0 0 3000 2 11 11 14
2 8 1 0 0 1 0 3000 1 14 14 11
2 9 0 1 0 0 0 3000 3 5 5 14
2 10 0 1 0 0 0 3000 2 4 4 5
2 11 1 0 0 1 0 3000 1 5 5 4
2 12 0 1 0 0 0 3000 2 13 13 5
2 13 0 1 0 0 0 3000 3 10 10 13
2 14 0 1 0 0 0 3000 2 2 2 10
2 15 0 1 0 0 0 3000 3 12 12 2
2 16 1 0 0 1 0 3000 1 2 2 12
2 17 0 1 0 0 0 3000 3 11 11 2
2 18 0 1 0 0 0 3000 2 1 1 11
2 19 0 1 0 0 0 3000 2 15 15 1
2 20 0 1 0 0 0 3000 2 2 2 15
2 21 1 1 1 0 0 414 1 15 15 2
2 22 1 0 0 1 0 3000 1 2 2 15
2 23 1 0 0 1 0 3000 1 15 15 2
2 24 0 1 0 0 0 3000 2 10 10 15
2 25 1 0 0 1 0 3000 1 15 15 10
3 1 0 1 0 0 0 3000 1 8 8 15
3 2 0 1 0 0 0 3000 2 11 11 8
3 3 0 1 0 0 0 3000 3 14 14 11
3 4 0 1 0 0 0 3000 3 9 9 14
3 5 1 0 0 1 0 3000 1 14 14 9
3 6 0 1 0 0 0 3000 3 1 1 14
3 7 1 0 0 1 0 3000 1 14 14 1
3 8 0 1 0 0 0 3000 3 15 15 14
3 9 1 1 1 0 0 1141 1 14 14 15
3 10 1 0 0 1 0 3000 1 15 15 14
3 11 0 1 0 0 0 3000 2 10 10 15
3 12 0 1 0 0 0 3000 2 4 4 10
3 13 0 1 0 0 0 3000 2 14 14 4
3 14 0 1 0 0 0 3000 3 15 15 14
3 15 1 1 1 0 0 659 1 14 14 15
3 16 0 1 0 0 0 3000 3 14 14 14
3 17 0 1 0 0 0 3000 3 9 9 14
3 18 0 1 0 0 0 3000 2 3 3 9
3 19 1 0 0 1 0 3000 1 9 9 3
3 20 1 0 0 1 0 3000 1 3 3 9
3 21 0 1 0 0 0 3000 3 12 12 3
3 22 1 0 0 1 0 3000 1 3 3 12
3 23 0 1 0 0 0 3000 2 8 8 3
3 24 0 1 0 0 0 3000 3 15 15 8
3 25 0 1 0 0 0 3000 3 5 5 15
