1 1 0 1 0 0 0 3000 2 8 8 0
1 2 0 1 0 0 0 3000 1 5 5 8
1 3 0 1 0 0 0 3000 3 15 15 5
1 4 0 0 0 0 1 702 2 8 8 15
1 5 0 1 0 0 0 3000 2 6 6 8
1 6 1 0 0 1 0 3000 1 8 8 6
1 7 0 1 0 0 0 3000 2 14 14 8
1 8 0 1 0 0 0 3000 3 11 11 14
1 9 1 1 1 0 0 628 1 14 14 11
1 10 0 1 0 0 0 3000 3 6 6 14
1 11 0 1 0 0 0 3000 3 1 1 6
1 12 0 1 0 0 0 3000 3 11 11 1
1 13 0 1 0 0 0 3000 2 9 9 11
1 14 1 1 1 0 0 368 1 11 11 9
1 15 1 0 0 1 0 3000 1 9 9 11
1 16 0 1 0 0 0 3000 3 13 13 9
1 17 0 1 0 0 0 3000 2 2 2 13
1 18 0 1 0 0 0 3000 2 5 5 2
1 19 0 1 0 0 0 3000 2 11 11 5
1 20 0 0 0 0 1 695 3 6 6 11
1 21 0 1 0 0 0 3000 2 6 6 6
1 22 1 0 0 1 0 3000 1 6 6 6
1 23 0 1 0 0 0 3000 3 13 13 6
1 24 0 1 0 0 0 3000 2 7 7 13
1 25 0 1 0 0 0 3000 3 4 4 7
2 1 0 1 0 0 0 3000 3 1 1 4
2 2 0 1 0 0 0 3000 1 14 14 1
2 3 0 1 0 0 0 3000 2 13 13 14
2 4 0 1 0 0 0 3000 2 15 15 13
2 5 1 1 1 0 0 522 1 13 13 15
2 6 0 1 0 0 0 3000 2 6 6 13
2 7 1 0 0 1 0 3000 1 13 13 6
2 8 1 1 1 0 0 426 1 6 6 13
2 9 0 1 0 0 0 3000 2 3 3 6
2 10 0 1 0 0 0 3000 2 10 10 3
2 11 0 1 0 0 0 3000 2 4 4 10
2 12 0 1 0 0 0 3000 3 7 7 4
2 13 0 1 0 0 0 3000 3 11 11 7
2 14 0 0 0 0 1 744 3 13 13 11
2 15 0 1 0 0 0 3000 3 7 7 13
2 16 0 1 0 0 0 3000 3 4 4 7
2 17 0 1 0 0 0 3000 3 6 6 4
2 18 0 1 0 0 0 3000 2 15 15 6
2 19 1 1 1 0 0 410 1 6 6 15
2 20 0 1 0 0 0 3000 2 7 7 6
2 21 0 1 0 0 0 3000 2 4 4 7
2 22 0 1 0 0 0 3000 3 3 3 4
2 23 1 1 1 0 0 482 1 4 4 3
2 24 0 1 0 0 0 3000 3 7 7 4
2 25 0 1 0 0 0 3000 2 12 12 7
3 1 0 1 0 0 0 3000 2 1 1 12
3 2 0 1 0 0 0 3000 1 9 9 1
3 3 1 1 1 0 0 1119 1 1 1 9
3 4 0 1 0 0 0 3000 3 6 6 1
3 5 0 1 0 0 0 3000 2 15 15 6
3 6 1 1 1 0 0 560 1 6 6 15
3 7 0 1 0 0 0 3000 3 9 9 6
3 8 0 1 0 0 0 3000 3 1 1 9
3 9 0 1 0 0 0 3000 2 3 3 1
3 10 0 1 0 0 0 3000 2 14 14 3
3 11 0 1 0 0 0 3000 3 8 8 14
3 12 1 1 1 0 0 564 1 14 14 8
3 13 0 1 0 0 0 3000 3 13 13 14
3 14 0 1 0 0 0 3000 3 4 4 13
3 15 0 1 0 0 0 3000 3 10 10 4
3 16 0 1 0 0 0 3000 3 11 11 10
3 17 0 1 0 0 0 3000 3 7 7 11
3 18 1 1 1 0 0 415 1 11 11 7
3 19 1 0 0 1 0 3000 1 7 7 11
3 20 0 1 0 0 0 3000 3 5 5 7
3 21 1 1 1 0 0 547 1 7 7 5
3 22 1 0 0 1 0 3000 1 5 5 7
3 23 1 0 0 1 0 3000 1 7 7 5
3 24 1 1 1 0 0 532 1 5 5 7
3 25 1 0 0 1 0 3000 1 7 7 5
