1 1 0 1 0 0 0 3000 3 10 10 0
1 2 0 1 0 0 0 3000 1 1 1 10
1 3 1 0 0 1 0 3000 1 10 10 1
1 4 1 1 1 0 0 876 1 1 1 10
1 5 0 0 0 0 1 583 3 5 5 1
1 6 0 1 0 0 0 3000 3 6 6 5
1 7 0 1 0 0 0 3000 3 10 10 6
1 8 0 1 0 0 0 3000 2 12 12 10
1 9 0 1 0 0 0 3000 2 2 2 12
1 10 0 1 0 0 0 3000 2 4 4 2
1 11 0 1 0 0 0 3000 3 9 9 4
1 12 0 1 0 0 0 3000 3 14 14 9
1 13 0 1 0 0 0 3000 2 8 8 14
1 14 0 1 0 0 0 3000 3 6 6 8
1 15 0 1 0 0 0 3000 2 5 5 6
1 16 1 0 0 1 0 3000 1 6 6 5
1 17 0 1 0 0 0 3000 2 11 11 6
1 18 1 1 1 0 0 628 1 6 6 11
1 19 1 1 1 0 0 460 1 11 11 6
1 20 0 0 0 0 1 467 3 11 11 11
1 21 0 1 0 0 0 3000 3 7 7 11
1 22 1 1 1 0 0 373 1 11 11 7
1 23 0 1 0 0 0 3000 3 13 13 11
1 24 1 1 1 0 0 540 1 11 11 13
1 25 0 1 0 0 0 3000 3 5 5 11
2 1 0 1 0 0 0 3000 3 3 3 5
2 2 0 1 0 0 0 3000 3 11 11 3
2 3 1 1 1 0 0 381 1 3 3 11
2 4 1 1 1 0 0 542 1 11 11 3
2 5 0 1 0 0 0 3000 3 1 1 11
2 6 0 1 0 0 0 3000 3 4 4 1
2 7 1 1 1 0 0 325 1 1 1 4
2 8 0 1 0 0 0 3000 2 14 14 1
2 9 0 1 0 0 0 3000 2 12 12 14
2 10 0 1 0 0 0 3000 3 1 1 12
2 11 1 1 1 0 0 434 1 12 12 1
2 12 0 1 0 0 0 3000 3 11 11 12
2 13 1 0 0 1 0 3000 1 12 12 11
2 14 1 1 1 0 0 485 1 11 11 12
2 15 0 1 0 0 0 3000 2 9 9 11
2 16 0 1 0 0 0 3000 3 13 13 9
2 17 0 1 0 0 0 3000 2 2 2 13
2 18 0 1 0 0 0 3000 2 4 4 2
2 19 0 0 0 0 1 514 3 13 13 4
2 20 1 1 1 0 0 578 1 4 4 13
2 21 0 0 0 0 1 573 2 7 7 4
2 22 1 1 1 0 0 513 1 4 4 7
2 23 1 1 1 0 0 508 1 7 7 4
2 24 0 1 0 0 0 3000 2 7 7 7
2 25 0 1 0 0 0 3000 2 1 1 7
3 1 0 1 0 0 0 3000 3 6 6 1
3 2 0 1 0 0 0 3000 3 15 15 6
3 3 1 1 1 0 0 504 1 6 6 15
3 4 1 1 1 0 0 904 1 15 15 6
3 5 0 1 0 0 0 3000 3 10 10 15
3 6 0 1 0 0 0 3000 3 14 14 10
3 7 0 1 0 0 0 3000 3 14 14 14
3 8 0 1 0 0 0 3000 3 15 15 14
3 9 0 1 0 0 0 3000 3 13 13 15
3 10 0 1 0 0 0 3000 2 11 11 13
3 11 0 1 0 0 0 3000 2 2 2 11
3 12 1 1 1 0 0 363 1 11 11 2
3 13 1 1 1 0 0 738 1 2 2 11
3 14 0 0 0 0 1 635 2 15 15 2
3 15 0 1 0 0 0 3000 2 5 5 15
3 16 0 1 0 0 0 3000 3 9 9 5
3 17 0 0 0 0 1 371 3 11 11 9
3 18 0 1 0 0 0 3000 2 13 13 11
3 19 0 1 0 0 0 3000 2 3 3 13
3 20 0 1 0 0 0 3000 2 6 6 3
3 21 0 1 0 0 0 3000 3 2 2 6
3 22 0 0 0 0 1 471 2 2 2 2
3 23 0 1 0 0 0 3000 3 14 14 2
3 24 1 1 1 0 0 986 1 2 2 14
3 25 0 1 0 0 0 3000 2 7 7 2
