1 1 0 1 0 0 0 3000 3 1 1 0
1 2 0 1 0 0 0 3000 2 10 10 1
1 3 0 1 0 0 0 3000 3 6 6 10
1 4 0 1 0 0 0 3000 2 7 7 6
1 5 0 1 0 0 0 3000 3 2 2 7
1 6 1 1 1 0 0 553 1 7 7 2
1 7 0 1 0 0 0 3000 3 12 12 7
1 8 0 1 0 0 0 3000 2 11 11 12
1 9 0 1 0 0 0 3000 2 10 10 11
1 10 1 1 1 0 0 442 1 11 11 10
1 11 1 1 1 0 0 616 1 10 10 11
1 12 0 1 0 0 0 3000 2 13 13 10
1 13 1 1 1 0 0 485 1 10 10 13
1 14 1 1 1 0 0 554 1 13 13 10
1 15 1 1 1 0 0 646 1 10 10 13
1 16 1 1 1 0 0 465 1 13 13 10
1 17 1 1 1 0 0 405 1 10 10 13
1 18 0 1 0 0 0 3000 2 8 8 10
1 19 1 1 1 0 0 370 1 10 10 8
1 20 1 1 1 0 0 587 1 8 8 10
1 21 1 1 1 0 0 503 1 10 10 8
1 22 0 1 0 0 0 3000 3 6 6 10
1 23 1 1 1 0 0 429 1 10 10 6
1 24 0 1 0 0 0 3000 3 7 7 10
1 25 1 1 1 0 0 393 1 10 10 7
2 1 0 1 0 0 0 3000 2 1 1 10
2 2 0 1 0 0 0 3000 2 4 4 1
2 3 0 1 0 0 0 3000 3 14 14 4
2 4 1 1 1 0 0 393 1 4 4 14
2 5 1 1 1 0 0 500 1 14 14 4
2 6 0 1 0 0 0 3000 3 9 9 14
2 7 1 1 1 0 0 1208 1 14 14 9
2 8 0 1 0 0 0 3000 2 3 3 14
2 9 1 1 1 0 0 317 1 14 14 3
2 10 0 1 0 0 0 3000 2 11 11 14
2 11 1 1 1 0 0 460 1 14 14 11
2 12 0 1 0 0 0 3000 2 5 5 14
2 13 0 1 0 0 0 3000 2 8 8 5
2 14 1 1 1 0 0 441 1 5 5 8
2 15 0 1 0 0 0 3000 3 7 7 5
2 16 1 0 0 1 0 3000 1 5 5 7
2 17 0 1 0 0 0 3000 3 8 8 5
2 18 1 1 1 0 0 301 1 5 5 8
2 19 1 1 1 0 0 837 1 8 8 5
2 20 1 1 1 0 0 380 1 5 5 8
2 21 1 1 1 0 0 478 1 8 8 5
2 22 0 1 0 0 0 3000 3 11 11 8
2 23 0 1 0 0 0 3000 2 12 12 11
2 24 0 1 0 0 0 3000 2 1 1 12
2 25 0 0 0 0 1 607 2 1 1 1
3 1 0 1 0 0 0 3000 1 4 4 1
3 2 0 1 0 0 0 3000 2 13 13 4
3 3 0 1 0 0 0 3000 2 10 10 13
3 4 0 1 0 0 0 3000 3 14 14 10
3 5 0 1 0 0 0 3000 3 3 3 14
3 6 0 1 0 0 0 3000 2 7 7 3
3 7 0 1 0 0 0 3000 2 5 5 7
3 8 1 1 1 0 0 380 1 7 7 5
3 9 1 1 1 0 0 607 1 5 5 7
3 10 0 1 0 0 0 3000 3 11 11 5
3 11 1 1 1 0 0 324 1 5 5 11
3 12 0 1 0 0 0 3000 3 3 3 5
3 13 0 1 0 0 0 3000 2 2 2 3
3 14 1 1 1 0 0 351 1 3 3 2
3 15 1 1 1 0 0 964 1 2 2 3
3 16 1 1 1 0 0 398 1 3 3 2
3 17 0 1 0 0 0 3000 2 5 5 3
3 18 0 1 0 0 0 3000 3 9 9 5
3 19 1 1 1 0 0 359 1 5 5 9
3 20 1 1 1 0 0 946 1 9 9 5
3 21 1 1 1 0 0 588 1 5 5 9
3 22 1 1 1 0 0 392 1 9 9 5
3 23 1 1 1 0 0 463 1 5 5 9
3 24 1 1 1 0 0 391 1 9 9 5
3 25 0 0 0 0 1 477 2 9 9 9
