1 1 0 1 0 0 0 3000 1 1 1 0
1 2 0 1 0 0 0 3000 3 6 6 1
1 3 0 1 0 0 0 3000 3 3 3 6
1 4 0 1 0 0 0 3000 2 5 5 3
1 5 0 1 0 0 0 3000 2 1 1 5
1 6 0 1 0 0 0 3000 3 11 11 1
1 7 0 0 0 0 1 358 2 3 3 11
1 8 0 1 0 0 0 3000 3 7 7 3
1 9 0 1 0 0 0 3000 3 11 11 7
1 10 0 1 0 0 0 3000 3 2 2 11
1 11 1 1 1 0 0 343 1 11 11 2
1 12 0 1 0 0 0 3000 3 6 6 11
1 13 0 1 0 0 0 3000 3 5 5 6
1 14 1 1 1 0 0 384 1 6 6 5
1 15 1 0 0 1 0 3000 1 5 5 6
1 16 0 1 0 0 0 3000 2 11 11 5
1 17 0 1 0 0 0 3000 3 4 4 11
1 18 0 1 0 0 0 3000 2 10 10 4
1 19 0 1 0 0 0 3000 2 15 15 10
1 20 0 1 0 0 0 3000 2 9 9 15
1 21 1 1 1 0 0 334 1 15 15 9
1 22 0 1 0 0 0 3000 3 12 12 15
1 23 0 1 0 0 0 3000 3 1 1 12
1 24 0 1 0 0 0 3000 2 14 14 1
1 25 1 1 1 0 0 366 1 1 1 14
2 1 0 1 0 0 0 3000 2 6 6 1
2 2 0 1 0 0 0 3000 1 9 9 6
2 3 0 1 0 0 0 3000 3 15 15 9
2 4 1 0 0 1 0 3000 1 9 9 15
2 5 0 1 0 0 0 3000 2 4 4 9
2 6 0 1 0 0 0 3000 2 7 7 4
2 7 1 1 1 0 0 327 1 4 4 7
2 8 0 1 0 0 0 3000 3 10 10 4
2 9 0 1 0 0 0 3000 3 15 15 10
2 10 0 1 0 0 0 3000 2 3 3 15
2 11 1 1 1 0 0 314 1 15 15 3
2 12 0 1 0 0 0 3000 2 14 14 15
2 13 0 1 0 0 0 3000 3 7 7 14
2 14 0 1 0 0 0 3000 3 1 1 7
2 15 1 1 1 0 0 324 1 7 7 1
2 16 0 1 0 0 0 3000 2 13 13 7
2 17 1 0 0 1 0 3000 1 7 7 13
2 18 0 1 0 0 0 3000 2 8 8 7
2 19 0 1 0 0 0 3000 2 12 12 8
2 20 0 1 0 0 0 3000 2 1 1 12
2 21 0 1 0 0 0 3000 3 2 2 1
2 22 0 1 0 0 0 3000 3 10 10 2
2 23 1 1 1 0 0 562 1 2 2 10
2 24 1 0 0 1 0 3000 1 10 10 2
2 25 1 0 0 1 0 3000 1 2 2 10
3 1 0 1 0 0 0 3000 1 3 3 2
3 2 0 1 0 0 0 3000 2 14 14 3
3 3 0 1 0 0 0 3000 2 15 15 14
3 4 1 1 1 0 0 477 1 14 14 15
3 5 1 0 0 1 0 3000 1 15 15 14
3 6 1 0 0 1 0 3000 1 14 14 15
3 7 1 1 1 0 0 353 1 15 15 14
3 8 1 0 0 1 0 3000 1 14 14 15
3 9 0 1 0 0 0 3000 2 13 13 14
3 10 0 1 0 0 0 3000 2 7 7 13
3 11 0 1 0 0 0 3000 2 7 7 7
3 12 1 1 1 0 0 364 1 7 7 7
3 13 0 1 0 0 0 3000 2 14 14 7
3 14 1 0 0 1 0 3000 1 7 7 14
3 15 0 1 0 0 0 3000 2 13 13 7
3 16 1 1 1 0 0 310 1 7 7 13
3 17 1 0 0 1 0 3000 1 13 13 7
3 18 0 1 0 0 0 3000 2 1 1 13
3 19 1 1 1 0 0 340 1 13 13 1
3 20 0 1 0 0 0 3000 2 6 6 13
3 21 0 1 0 0 0 3000 3 12 12 6
3 22 0 1 0 0 0 3000 3 5 5 12
3 23 0 1 0 0 0 3000 3 3 3 5
3 24 1 1 1 0 0 332 1 5 5 3
3 25 0 1 0 0 0 3000 2 9 9 5
