1 1 0 1 0 0 0 3000 3 1 1 0
1 2 0 1 0 0 0 3000 3 5 5 1
1 3 1 1 1 0 0 928 1 1 1 5
1 4 1 1 1 0 0 1327 1 5 5 1
1 5 1 0 0 1 0 3000 1 1 1 5
1 6 0 1 0 0 0 3000 2 4 4 1
1 7 1 1 1 0 0 725 1 1 1 4
1 8 0 1 0 0 0 3000 3 14 14 1
1 9 0 1 0 0 0 3000 2 15 15 14
1 10 0 1 0 0 0 3000 2 5 5 15
1 11 0 1 0 0 0 3000 2 10 10 5
1 12 1 0 0 1 0 3000 1 5 5 10
1 13 0 1 0 0 0 3000 2 1 1 5
1 14 0 1 0 0 0 3000 3 13 13 1
1 15 0 1 0 0 0 3000 3 6 6 13
1 16 0 1 0 0 0 3000 3 12 12 6
1 17 0 1 0 0 0 3000 3 4 4 12
1 18 1 0 0 1 0 3000 1 12 12 4
1 19 0 1 0 0 0 3000 2 3 3 12
1 20 0 1 0 0 0 3000 3 1 1 3
1 21 1 1 1 0 0 427 1 3 3 1
1 22 1 0 0 1 0 3000 1 1 1 3
1 23 0 1 0 0 0 3000 3 10 10 1
1 24 1 1 1 0 0 433 1 1 1 10
1 25 1 0 0 1 0 3000 1 10 10 1
2 1 0 1 0 0 0 3000 1 10 10 10
2 2 0 1 0 0 0 3000 2 7 7 10
2 3 0 1 0 0 0 3000 2 8 8 7
2 4 0 1 0 0 0 3000 2 8 8 8
2 5 0 1 0 0 0 3000 2 5 5 8
2 6 0 1 0 0 0 3000 3 2 2 5
2 7 0 1 0 0 0 3000 2 15 15 2
2 8 0 1 0 0 0 3000 3 14 14 15
2 9 0 1 0 0 0 3000 3 4 4 14
2 10 0 1 0 0 0 3000 3 5 5 4
2 11 0 1 0 0 0 3000 2 2 2 5
2 12 0 1 0 0 0 3000 3 10 10 2
2 13 1 1 1 0 0 369 1 2 2 10
2 14 1 0 0 1 0 3000 1 10 10 2
2 15 0 1 0 0 0 3000 2 5 5 10
2 16 1 0 0 1 0 3000 1 10 10 5
2 17 1 1 1 0 0 397 1 5 5 10
2 18 0 1 0 0 0 3000 2 12 12 5
2 19 0 1 0 0 0 3000 3 4 4 12
2 20 1 0 0 1 0 3000 1 12 12 4
2 21 1 1 1 0 0 536 1 4 4 12
2 22 0 1 0 0 0 3000 2 5 5 4
2 23 0 1 0 0 0 3000 2 6 6 5
2 24 0 1 0 0 0 3000 2 14 14 6
2 25 0 1 0 0 0 3000 2 8 8 14
3 1 0 1 0 0 0 3000 1 5 5 8
3 2 0 1 0 0 0 3000 2 3 3 5
3 3 1 1 1 0 0 444 1 5 5 3
3 4 0 1 0 0 0 3000 3 6 6 5
3 5 0 1 0 0 0 3000 2 15 15 6
3 6 1 1 1 0 0 613 1 6 6 15
3 7 0 1 0 0 0 3000 2 9 9 6
3 8 1 0 0 1 0 3000 1 6 6 9
3 9 0 0 0 0 1 469 2 6 6 6
3 10 0 1 0 0 0 3000 3 1 1 6
3 11 1 1 1 0 0 654 1 6 6 1
3 12 1 0 0 1 0 3000 1 1 1 6
3 13 0 1 0 0 0 3000 2 11 11 1
3 14 1 1 1 0 0 610 1 1 1 11
3 15 0 1 0 0 0 3000 3 3 3 1
3 16 1 0 0 1 0 3000 1 1 1 3
3 17 1 1 1 0 0 386 1 3 3 1
3 18 0 1 0 0 0 3000 2 3 3 3
3 19 1 0 0 1 0 3000 1 3 3 3
3 20 1 1 1 0 0 390 1 3 3 3
3 21 0 1 0 0 0 3000 3 1 1 3
3 22 0 1 0 0 0 3000 3 9 9 1
3 23 0 1 0 0 0 3000 3 9 9 9
3 24 1 0 0 1 0 3000 1 9 9 9
3 25 0 1 0 0 0 3000 3 7 7 9
