1 1 0 1 0 0 0 3000 2 5 5 0
1 2 0 1 0 0 0 3000 3 8 8 5
1 3 0 1 0 0 0 3000 2 6 6 8
1 4 1 0 0 1 0 3000 1 8 8 6
1 5 0 1 0 0 0 3000 3 1 1 8
1 6 0 1 0 0 0 3000 3 2 2 1
1 7 1 0 0 1 0 3000 1 1 1 2
1 8 1 0 0 1 0 3000 1 2 2 1
1 9 1 1 1 0 0 387 1 1 1 2
1 10 0 1 0 0 0 3000 2 8 8 1
1 11 0 1 0 0 0 3000 3 10 10 8
1 12 1 0 0 1 0 3000 1 8 8 10
1 13 1 1 1 0 0 435 1 10 10 8
1 14 1 0 0 1 0 3000 1 8 8 10
1 15 0 1 0 0 0 3000 3 1 1 8
1 16 1 0 0 1 0 3000 1 8 8 1
1 17 1 1 1 0 0 406 1 1 1 8
1 18 0 1 0 0 0 3000 3 6 6 1
1 19 1 0 0 1 0 3000 1 1 1 6
1 20 0 1 0 0 0 3000 2 3 3 1
1 21 1 0 0 1 0 3000 1 1 1 3
1 22 1 0 0 1 0 3000 1 3 3 1
1 23 1 1 1 0 0 1138 1 1 1 3
1 24 1 0 0 1 0 3000 1 3 3 1
1 25 1 0 0 1 0 3000 1 1 1 3
2 1 0 1 0 0 0 3000 2 4 4 1
2 2 0 1 0 0 0 3000 1 5 5 4
2 3 0 1 0 0 0 3000 3 5 5 5
2 4 0 1 0 0 0 3000 3 8 8 5
2 5 0 1 0 0 0 3000 3 14 14 8
2 6 1 0 0 1 0 3000 1 8 8 14
2 7 1 0 0 1 0 3000 1 14 14 8
2 8 0 1 0 0 0 3000 3 10 10 14
2 9 1 1 1 0 0 996 1 14 14 10
2 10 1 0 0 1 0 3000 1 10 10 14
2 11 0 1 0 0 0 3000 2 6 6 10
2 12 1 0 0 1 0 3000 1 10 10 6
2 13 0 1 0 0 0 3000 3 3 3 10
2 14 0 1 0 0 0 3000 2 11 11 3
2 15 1 0 0 1 0 3000 1 3 3 11
2 16 0 1 0 0 0 3000 2 4 4 3
2 17 1 1 1 0 0 1177 1 3 3 4
2 18 1 0 0 1 0 3000 1 4 4 3
2 19 1 0 0 1 0 3000 1 3 3 4
2 20 0 1 0 0 0 3000 2 7 7 3
2 21 0 1 0 0 0 3000 2 6 6 7
2 22 0 1 0 0 0 3000 2 11 11 6
2 23 0 1 0 0 0 3000 2 12 12 11
2 24 0 1 0 0 0 3000 3 13 13 12
2 25 1 0 0 1 0 3000 1 12 12 13
3 1 0 1 0 0 0 3000 2 4 4 12
3 2 0 1 0 0 0 3000 2 3 3 4
3 3 0 1 0 0 0 3000 2 14 14 3
3 4 0 1 0 0 0 3000 3 15 15 14
3 5 0 1 0 0 0 3000 2 9 9 15
3 6 0 1 0 0 0 3000 3 9 9 9
3 7 1 1 1 0 0 1350 1 9 9 9
3 8 0 1 0 0 0 3000 2 5 5 9
3 9 0 1 0 0 0 3000 2 14 14 5
3 10 1 0 0 1 0 3000 1 5 5 14
3 11 0 1 0 0 0 3000 2 10 10 5
3 12 0 1 0 0 0 3000 2 11 11 10
3 13 0 1 0 0 0 3000 3 15 15 11
3 14 0 0 0 0 1 514 3 10 10 15
3 15 0 1 0 0 0 3000 3 14 14 10
3 16 0 1 0 0 0 3000 2 9 9 14
3 17 0 1 0 0 0 3000 3 8 8 9
3 18 0 1 0 0 0 3000 3 2 2 8
3 19 0 1 0 0 0 3000 2 2 2 2
3 20 1 1 1 0 0 435 1 2 2 2
3 21 0 1 0 0 0 3000 2 8 8 2
3 22 0 1 0 0 0 3000 2 4 4 8
3 23 0 1 0 0 0 3000 3 1 1 4
3 24 1 1 1 0 0 1720 1 4 4 1
3 25 0 1 0 0 0 3000 2 3 3 4
