1 1 0 1 0 0 0 3000 1 2 2 0
1 2 0 1 0 0 0 3000 1 14 14 2
1 3 0 1 0 0 0 3000 2 13 13 14
1 4 0 0 0 0 1 644 2 2 2 13
1 5 1 0 0 1 0 3000 1 13 13 2
1 6 0 1 0 0 0 3000 3 7 7 13
1 7 0 1 0 0 0 3000 2 3 3 7
1 8 0 1 0 0 0 3000 3 4 4 3
1 9 0 1 0 0 0 3000 3 12 12 4
1 10 0 1 0 0 0 3000 2 5 5 12
1 11 1 1 1 0 0 767 1 12 12 5
1 12 1 0 0 1 0 3000 1 5 5 12
1 13 0 1 0 0 0 3000 3 2 2 5
1 14 1 1 1 0 0 608 1 5 5 2
1 15 0 1 0 0 0 3000 3 14 14 5
1 16 0 1 0 0 0 3000 3 11 11 14
1 17 0 1 0 0 0 3000 2 9 9 11
1 18 0 0 0 0 1 612 3 9 9 9
1 19 0 1 0 0 0 3000 2 8 8 9
1 20 0 1 0 0 0 3000 3 2 2 8
1 21 0 1 0 0 0 3000 3 2 2 2
1 22 1 1 1 0 0 936 1 2 2 2
1 23 0 1 0 0 0 3000 2 10 10 2
1 24 0 1 0 0 0 3000 2 12 12 10
1 25 0 1 0 0 0 3000 3 9 9 12
2 1 0 1 0 0 0 3000 2 14 14 9
2 2 0 1 0 0 0 3000 1 1 1 14
2 3 1 1 1 0 0 391 1 14 14 1
2 4 0 1 0 0 0 3000 2 5 5 14
2 5 1 1 1 0 0 510 1 14 14 5
2 6 0 1 0 0 0 3000 3 1 1 14
2 7 0 1 0 0 0 3000 2 2 2 1
2 8 0 1 0 0 0 3000 2 4 4 2
2 9 0 1 0 0 0 3000 3 13 13 4
2 10 1 1 1 0 0 560 1 4 4 13
2 11 0 1 0 0 0 3000 2 14 14 4
2 12 1 1 1 0 0 574 1 4 4 14
2 13 1 0 0 1 0 3000 1 14 14 4
2 14 1 1 1 0 0 846 1 4 4 14
2 15 0 1 0 0 0 3000 3 3 3 4
2 16 0 1 0 0 0 3000 2 2 2 3
2 17 1 1 1 0 0 416 1 3 3 2
2 18 0 1 0 0 0 3000 2 14 14 3
2 19 0 1 0 0 0 3000 3 14 14 14
2 20 0 0 0 0 1 657 2 3 3 14
2 21 0 1 0 0 0 3000 3 13 13 3
2 22 0 1 0 0 0 3000 2 9 9 13
2 23 1 1 1 0 0 733 1 13 13 9
2 24 1 1 1 0 0 1058 1 9 9 13
2 25 1 1 1 0 0 1860 1 13 13 9
3 1 0 1 0 0 0 3000 1 11 11 13
3 2 0 0 0 0 1 710 2 11 11 11
3 3 1 0 0 1 0 3000 1 11 11 11
3 4 0 1 0 0 0 3000 3 13 13 11
3 5 0 1 0 0 0 3000 3 13 13 13
3 6 1 1 1 0 0 687 1 13 13 13
3 7 0 1 0 0 0 3000 2 15 15 13
3 8 1 1 1 0 0 822 1 13 13 15
3 9 1 1 1 0 0 740 1 15 15 13
3 10 0 1 0 0 0 3000 2 12 12 15
3 11 1 0 0 1 0 3000 1 15 15 12
3 12 0 1 0 0 0 3000 2 6 6 15
3 13 0 1 0 0 0 3000 2 13 13 6
3 14 1 1 1 0 0 588 1 6 6 13
3 15 0 1 0 0 0 3000 3 11 11 6
3 16 1 1 1 0 0 677 1 6 6 11
3 17 1 0 0 1 0 3000 1 11 11 6
3 18 0 1 0 0 0 3000 2 11 11 11
3 19 0 1 0 0 0 3000 3 12 12 11
3 20 1 1 1 0 0 446 1 11 11 12
3 21 0 1 0 0 0 3000 3 13 13 11
3 22 1 1 1 0 0 532 1 11 11 13
3 23 1 1 1 0 0 634 1 13 13 11
3 24 0 1 0 0 0 3000 3 5 5 13
3 25 1 1 1 0 0 525 1 13 13 5
