1 1 0 1 0 0 0 3000 3 12 12 0
1 2 0 1 0 0 0 3000 2 8 8 12
1 3 0 1 0 0 0 3000 3 10 10 8
1 4 1 1 1 0 0 2035 1 8 8 10
1 5 0 1 0 0 0 3000 2 14 14 8
1 6 0 1 0 0 0 3000 2 6 6 14
1 7 1 1 1 0 0 614 1 14 14 6
1 8 0 1 0 0 0 3000 3 8 8 14
1 9 0 1 0 0 0 3000 3 13 13 8
1 10 0 1 0 0 0 3000 2 1 1 13
1 11 0 1 0 0 0 3000 3 3 3 1
1 12 1 1 1 0 0 461 1 1 1 3
1 13 0 1 0 0 0 3000 3 6 6 1
1 14 1 0 0 1 0 3000 1 1 1 6
1 15 0 1 0 0 0 3000 2 4 4 1
1 16 0 1 0 0 0 3000 3 11 11 4
1 17 1 1 1 0 0 324 1 4 4 11
1 18 1 1 1 0 0 862 1 11 11 4
1 19 1 1 1 0 0 883 1 4 4 11
1 20 0 0 0 0 1 504 2 3 3 4
1 21 0 1 0 0 0 3000 3 6 6 3
1 22 0 1 0 0 0 3000 2 4 4 6
1 23 0 1 0 0 0 3000 3 11 11 4
1 24 0 1 0 0 0 3000 3 11 11 11
1 25 0 1 0 0 0 3000 2 14 14 11
2 1 0 1 0 0 0 3000 1 6 6 14
2 2 0 1 0 0 0 3000 1 13 13 6
2 3 1 1 1 0 0 1078 1 6 6 13
2 4 0 0 0 0 1 1072 2 6 6 6
2 5 0 1 0 0 0 3000 3 2 2 6
2 6 1 1 1 0 0 723 1 6 6 2
2 7 0 1 0 0 0 3000 2 13 13 6
2 8 0 1 0 0 0 3000 2 4 4 13
2 9 0 1 0 0 0 3000 2 4 4 4
2 10 0 1 0 0 0 3000 2 11 11 4
2 11 1 1 1 0 0 946 1 4 4 11
2 12 0 1 0 0 0 3000 2 8 8 4
2 13 0 1 0 0 0 3000 3 9 9 8
2 14 0 1 0 0 0 3000 2 4 4 9
2 15 0 1 0 0 0 3000 2 2 2 4
2 16 0 1 0 0 0 3000 2 5 5 2
2 17 1 1 1 0 0 414 1 2 2 5
2 18 1 1 1 0 0 423 1 5 5 2
2 19 1 0 0 1 0 3000 1 2 2 5
2 20 0 1 0 0 0 3000 2 11 11 2
2 21 0 1 0 0 0 3000 3 13 13 11
2 22 0 1 0 0 0 3000 3 14 14 13
2 23 1 1 1 0 0 461 1 13 13 14
2 24 0 1 0 0 0 3000 3 10 10 13
2 25 0 1 0 0 0 3000 3 12 12 10
3 1 0 1 0 0 0 3000 2 4 4 12
3 2 0 1 0 0 0 3000 3 7 7 4
3 3 0 1 0 0 0 3000 2 1 1 7
3 4 0 1 0 0 0 3000 2 15 15 1
3 5 0 1 0 0 0 3000 2 5 5 15
3 6 1 1 1 0 0 878 1 15 15 5
3 7 0 1 0 0 0 3000 3 11 11 15
3 8 0 1 0 0 0 3000 3 9 9 11
3 9 0 1 0 0 0 3000 2 9 9 9
3 10 0 1 0 0 0 3000 3 14 14 9
3 11 1 1 1 0 0 1004 1 9 9 14
3 12 1 1 1 0 0 428 1 14 14 9
3 13 1 1 1 0 0 463 1 9 9 14
3 14 1 1 1 0 0 437 1 14 14 9
3 15 0 1 0 0 0 3000 2 2 2 14
3 16 0 1 0 0 0 3000 3 1 1 2
3 17 0 1 0 0 0 3000 3 11 11 1
3 18 0 1 0 0 0 3000 3 13 13 11
3 19 0 1 0 0 0 3000 3 9 9 13
3 20 1 1 1 0 0 331 1 13 13 9
3 21 1 1 1 0 0 357 1 9 9 13
3 22 0 1 0 0 0 3000 2 7 7 9
3 23 0 1 0 0 0 3000 2 15 15 7
3 24 0 1 0 0 0 3000 2 15 15 15
3 25 1 1 1 0 0 452 1 15 15 15
