1 1 0 1 0 0 0 3000 1 8 8 0
1 2 0 1 0 0 0 3000 1 15 15 8
1 3 1 1 1 0 0 453 1 8 8 15
1 4 1 1 1 0 0 645 1 15 15 8
1 5 1 1 1 0 0 538 1 8 8 15
1 6 1 1 1 0 0 500 1 15 15 8
1 7 0 0 0 0 1 609 2 4 4 15
1 8 0 1 0 0 0 3000 2 5 5 4
1 9 0 1 0 0 0 3000 2 2 2 5
1 10 0 1 0 0 0 3000 2 10 10 2
1 11 0 1 0 0 0 3000 3 7 7 10
1 12 1 1 1 0 0 840 1 10 10 7
1 13 0 1 0 0 0 3000 3 6 6 10
1 14 0 1 0 0 0 3000 3 8 8 6
1 15 1 1 1 0 0 396 1 6 6 8
1 16 0 1 0 0 0 3000 2 7 7 6
1 17 1 1 1 0 0 383 1 6 6 7
1 18 0 1 0 0 0 3000 3 12 12 6
1 19 0 1 0 0 0 3000 2 11 11 12
1 20 1 1 1 0 0 414 1 12 12 11
1 21 0 1 0 0 0 3000 3 2 2 12
1 22 1 1 1 0 0 337 1 12 12 2
1 23 0 1 0 0 0 3000 2 13 13 12
1 24 0 1 0 0 0 3000 2 4 4 13
1 25 1 1 1 0 0 722 1 13 13 4
2 1 0 1 0 0 0 3000 3 8 8 13
2 2 0 1 0 0 0 3000 2 1 1 8
2 3 0 1 0 0 0 3000 2 3 3 1
2 4 1 0 0 1 0 3000 1 1 1 3
2 5 0 1 0 0 0 3000 3 14 14 1
2 6 1 1 1 0 0 589 1 1 1 14
2 7 0 1 0 0 0 3000 3 2 2 1
2 8 0 1 0 0 0 3000 3 7 7 2
2 9 0 1 0 0 0 3000 2 5 5 7
2 10 1 1 1 0 0 421 1 7 7 5
2 11 0 1 0 0 0 3000 2 7 7 7
2 12 0 1 0 0 0 3000 2 13 13 7
2 13 0 1 0 0 0 3000 2 3 3 13
2 14 0 1 0 0 0 3000 2 14 14 3
2 15 0 1 0 0 0 3000 3 15 15 14
2 16 0 1 0 0 0 3000 3 6 6 15
2 17 1 1 1 0 0 563 1 15 15 6
2 18 1 1 1 0 0 648 1 6 6 15
2 19 0 1 0 0 0 3000 3 12 12 6
2 20 0 1 0 0 0 3000 2 12 12 12
2 21 0 1 0 0 0 3000 3 8 8 12
2 22 0 1 0 0 0 3000 2 3 3 8
2 23 0 1 0 0 0 3000 2 3 3 3
2 24 0 1 0 0 0 3000 2 5 5 3
2 25 0 1 0 0 0 3000 2 12 12 5
3 1 0 1 0 0 0 3000 3 14 14 12
3 2 0 1 0 0 0 3000 2 13 13 14
3 3 0 1 0 0 0 3000 2 13 13 13
3 4 1 1 1 0 0 454 1 13 13 13
3 5 1 1 1 0 0 583 1 13 13 13
3 6 1 1 1 0 0 525 1 13 13 13
3 7 0 1 0 0 0 3000 3 8 8 13
3 8 0 1 0 0 0 3000 2 15 15 8
3 9 0 1 0 0 0 3000 3 2 2 15
3 10 0 1 0 0 0 3000 3 1 1 2
3 11 0 1 0 0 0 3000 2 4 4 1
3 12 1 1 1 0 0 787 1 1 1 4
3 13 0 1 0 0 0 3000 2 8 8 1
3 14 0 1 0 0 0 3000 2 12 12 8
3 15 0 1 0 0 0 3000 2 10 10 12
3 16 0 1 0 0 0 3000 2 2 2 10
3 17 1 1 1 0 0 1550 1 10 10 2
3 18 1 1 1 0 0 632 1 2 2 10
3 19 0 1 0 0 0 3000 2 13 13 2
3 20 0 1 0 0 0 3000 2 10 10 13
3 21 0 1 0 0 0 3000 3 10 10 10
3 22 0 1 0 0 0 3000 3 14 14 10
3 23 0 1 0 0 0 3000 2 13 13 14
3 24 1 1 1 0 0 390 1 14 14 13
3 25 0 1 0 0 0 3000 3 7 7 14
