1 1 0 1 0 0 0 3000 2 13 13 0
1 2 0 0 0 0 1 1910 2 13 13 13
1 3 1 0 0 1 0 3000 1 13 13 13
1 4 1 0 0 1 0 3000 1 13 13 13
1 5 0 1 0 0 0 3000 2 6 6 13
1 6 0 1 0 0 0 3000 3 2 2 6
1 7 0 1 0 0 0 3000 2 3 3 2
1 8 0 0 0 0 1 542 2 13 13 3
1 9 1 1 1 0 0 850 1 3 3 13
1 10 1 0 0 1 0 3000 1 13 13 3
1 11 0 1 0 0 0 3000 2 10 10 13
1 12 0 1 0 0 0 3000 3 15 15 10
1 13 0 0 0 0 1 566 3 13 13 15
1 14 1 0 0 1 0 3000 1 15 15 13
1 15 0 1 0 0 0 3000 3 4 4 15
1 16 1 1 1 0 0 438 1 15 15 4
1 17 0 1 0 0 0 3000 2 12 12 15
1 18 0 1 0 0 0 3000 3 12 12 12
1 19 1 1 1 0 0 567 1 12 12 12
1 20 0 1 0 0 0 3000 3 14 14 12
1 21 1 0 0 1 0 3000 1 12 12 14
1 22 1 1 1 0 0 616 1 14 14 12
1 23 0 1 0 0 0 3000 3 8 8 14
1 24 0 1 0 0 0 3000 2 2 2 8
1 25 1 1 1 0 0 451 1 8 8 2
2 1 0 1 0 0 0 3000 2 13 13 8
2 2 0 1 0 0 0 3000 2 1 1 13
2 3 1 1 1 0 0 367 1 13 13 1
2 4 0 1 0 0 0 3000 3 6 6 13
2 5 1 1 1 0 0 488 1 13 13 6
2 6 0 1 0 0 0 3000 2 15 15 13
2 7 0 1 0 0 0 3000 3 15 15 15
2 8 0 1 0 0 0 3000 2 1 1 15
2 9 1 1 1 0 0 387 1 15 15 1
2 10 0 1 0 0 0 3000 2 5 5 15
2 11 0 1 0 0 0 3000 3 5 5 5
2 12 1 1 1 0 0 337 1 5 5 5
2 13 0 1 0 0 0 3000 3 10 10 5
2 14 0 1 0 0 0 3000 2 3 3 10
2 15 1 1 1 0 0 346 1 10 10 3
2 16 1 0 0 1 0 3000 1 3 3 10
2 17 1 0 0 1 0 3000 1 10 10 3
2 18 0 1 0 0 0 3000 2 10 10 10
2 19 0 1 0 0 0 3000 3 13 13 10
2 20 1 1 1 0 0 948 1 10 10 13
2 21 0 1 0 0 0 3000 3 14 14 10
2 22 0 1 0 0 0 3000 3 12 12 14
2 23 1 1 1 0 0 768 1 14 14 12
2 24 1 0 0 1 0 3000 1 12 12 14
2 25 0 1 0 0 0 3000 3 1 1 12
3 1 0 1 0 0 0 3000 2 5 5 1
3 2 0 1 0 0 0 3000 1 3 3 5
3 3 0 1 0 0 0 3000 2 11 11 3
3 4 0 1 0 0 0 3000 3 13 13 11
3 5 1 1 1 0 0 803 1 11 11 13
3 6 0 1 0 0 0 3000 3 4 4 11
3 7 0 1 0 0 0 3000 2 7 7 4
3 8 1 1 1 0 0 600 1 4 4 7
3 9 0 1 0 0 0 3000 3 12 12 4
3 10 0 1 0 0 0 3000 2 6 6 12
3 11 0 1 0 0 0 3000 2 15 15 6
3 12 0 1 0 0 0 3000 3 5 5 15
3 13 1 1 1 0 0 497 1 15 15 5
3 14 1 0 0 1 0 3000 1 5 5 15
3 15 0 1 0 0 0 3000 2 2 2 5
3 16 1 1 1 0 0 543 1 5 5 2
3 17 0 1 0 0 0 3000 3 15 15 5
3 18 1 0 0 1 0 3000 1 5 5 15
3 19 0 1 0 0 0 3000 2 3 3 5
3 20 0 1 0 0 0 3000 3 4 4 3
3 21 0 1 0 0 0 3000 3 13 13 4
3 22 1 0 0 1 0 3000 1 4 4 13
3 23 1 0 0 1 0 3000 1 13 13 4
3 24 0 1 0 0 0 3000 3 15 15 13
3 25 1 0 0 1 0 3000 1 13 13 15
