1 1 0 1 0 0 0 3000 2 13 13 0
1 2 0 1 0 0 0 3000 1 8 8 13
1 3 0 1 0 0 0 3000 2 12 12 8
1 4 1 1 1 0 0 2137 1 8 8 12
1 5 0 1 0 0 0 3000 2 5 5 8
1 6 1 1 1 0 0 907 1 8 8 5
1 7 1 0 0 1 0 3000 1 5 5 8
1 8 0 1 0 0 0 3000 3 9 9 5
1 9 0 1 0 0 0 3000 3 10 10 9
1 10 0 1 0 0 0 3000 2 7 7 10
1 11 0 1 0 0 0 3000 2 3 3 7
1 12 0 1 0 0 0 3000 2 1 1 3
1 13 0 1 0 0 0 3000 2 2 2 1
1 14 1 1 1 0 0 509 1 1 1 2
1 15 1 1 1 0 0 605 1 2 2 1
1 16 0 1 0 0 0 3000 3 8 8 2
1 17 0 1 0 0 0 3000 3 5 5 8
1 18 0 1 0 0 0 3000 2 10 10 5
1 19 0 1 0 0 0 3000 3 4 4 10
1 20 1 1 1 0 0 353 1 10 10 4
1 21 1 1 1 0 0 529 1 4 4 10
1 22 1 1 1 0 0 549 1 10 10 4
1 23 0 1 0 0 0 3000 3 15 15 10
1 24 1 1 1 0 0 487 1 10 10 15
1 25 0 1 0 0 0 3000 3 3 3 10
2 1 0 1 0 0 0 3000 1 14 14 3
2 2 0 1 0 0 0 3000 2 9 9 14
2 3 0 1 0 0 0 3000 2 4 4 9
2 4 0 1 0 0 0 3000 2 5 5 4
2 5 0 1 0 0 0 3000 2 3 3 5
2 6 0 0 0 0 1 354 2 10 10 3
2 7 1 1 1 0 0 977 1 3 3 10
2 8 1 0 0 1 0 3000 1 10 10 3
2 9 0 1 0 0 0 3000 2 13 13 10
2 10 1 1 1 0 0 451 1 10 10 13
2 11 1 1 1 0 0 487 1 13 13 10
2 12 0 1 0 0 0 3000 2 5 5 13
2 13 1 1 1 0 0 401 1 13 13 5
2 14 1 1 1 0 0 442 1 5 5 13
2 15 0 1 0 0 0 3000 3 4 4 5
2 16 0 1 0 0 0 3000 2 9 9 4
2 17 0 1 0 0 0 3000 3 1 1 9
2 18 1 1 1 0 0 383 1 9 9 1
2 19 0 1 0 0 0 3000 2 12 12 9
2 20 1 0 0 1 0 3000 1 9 9 12
2 21 1 1 1 0 0 358 1 12 12 9
2 22 1 0 0 1 0 3000 1 9 9 12
2 23 0 0 0 0 1 279 3 13 13 9
2 24 0 0 0 0 1 485 2 5 5 13
2 25 0 1 0 0 0 3000 2 12 12 5
3 1 0 1 0 0 0 3000 1 6 6 12
3 2 0 1 0 0 0 3000 1 15 15 6
3 3 0 1 0 0 0 3000 2 1 1 15
3 4 1 1 1 0 0 413 1 15 15 1
3 5 0 1 0 0 0 3000 2 3 3 15
3 6 1 0 0 1 0 3000 1 15 15 3
3 7 0 1 0 0 0 3000 3 2 2 15
3 8 1 1 1 0 0 510 1 15 15 2
3 9 1 1 1 0 0 637 1 2 2 15
3 10 0 1 0 0 0 3000 2 14 14 2
3 11 1 1 1 0 0 560 1 2 2 14
3 12 0 1 0 0 0 3000 2 7 7 2
3 13 0 1 0 0 0 3000 3 9 9 7
3 14 1 1 1 0 0 1484 1 7 7 9
3 15 0 1 0 0 0 3000 2 8 8 7
3 16 0 1 0 0 0 3000 3 6 6 8
3 17 1 1 1 0 0 706 1 8 8 6
3 18 0 1 0 0 0 3000 2 9 9 8
3 19 1 1 1 0 0 424 1 8 8 9
3 20 0 1 0 0 0 3000 3 5 5 8
3 21 0 1 0 0 0 3000 3 9 9 5
3 22 0 1 0 0 0 3000 2 11 11 9
3 23 1 1 1 0 0 351 1 9 9 11
3 24 0 1 0 0 0 3000 2 6 6 9
3 25 0 1 0 0 0 3000 3 2 2 6
