1 1 0 1 0 0 0 3000 3 5 5 0
1 2 0 1 0 0 0 3000 1 12 12 5
1 3 0 1 0 0 0 3000 2 12 12 12
1 4 0 1 0 0 0 3000 3 8 8 12
1 5 0 0 0 0 1 519 2 5 5 8
1 6 0 1 0 0 0 3000 2 11 11 5
1 7 0 1 0 0 0 3000 3 14 14 11
1 8 0 0 0 0 1 589 3 5 5 14
1 9 1 1 1 0 0 783 1 14 14 5
1 10 0 1 0 0 0 3000 2 13 13 14
1 11 1 1 1 0 0 412 1 14 14 13
1 12 0 1 0 0 0 3000 2 2 2 14
1 13 0 1 0 0 0 3000 2 3 3 2
1 14 1 1 1 0 0 395 1 2 2 3
1 15 0 1 0 0 0 3000 3 15 15 2
1 16 0 1 0 0 0 3000 2 1 1 15
1 17 0 1 0 0 0 3000 2 11 11 1
1 18 0 1 0 0 0 3000 2 6 6 11
1 19 0 1 0 0 0 3000 2 14 14 6
1 20 0 1 0 0 0 3000 3 14 14 14
1 21 1 1 1 0 0 345 1 14 14 14
1 22 1 0 0 1 0 3000 1 14 14 14
1 23 0 1 0 0 0 3000 3 1 1 14
1 24 0 1 0 0 0 3000 2 4 4 1
1 25 1 1 1 0 0 408 1 1 1 4
2 1 0 1 0 0 0 3000 2 5 5 1
2 2 0 1 0 0 0 3000 2 7 7 5
2 3 0 1 0 0 0 3000 3 7 7 7
2 4 0 1 0 0 0 3000 2 9 9 7
2 5 0 1 0 0 0 3000 2 15 15 9
2 6 0 1 0 0 0 3000 2 2 2 15
2 7 0 1 0 0 0 3000 2 8 8 2
2 8 0 1 0 0 0 3000 3 3 3 8
2 9 0 0 0 0 1 800 2 2 2 3
2 10 0 1 0 0 0 3000 2 5 5 2
2 11 0 1 0 0 0 3000 2 9 9 5
2 12 1 1 1 0 0 432 1 5 5 9
2 13 0 1 0 0 0 3000 2 7 7 5
2 14 0 1 0 0 0 3000 2 12 12 7
2 15 0 1 0 0 0 3000 3 11 11 12
2 16 0 1 0 0 0 3000 2 4 4 11
2 17 0 1 0 0 0 3000 3 14 14 4
2 18 1 1 1 0 0 1130 1 4 4 14
2 19 0 1 0 0 0 3000 3 10 10 4
2 20 0 0 0 0 1 758 2 7 7 10
2 21 0 0 0 0 1 1075 2 7 7 7
2 22 0 1 0 0 0 3000 3 4 4 7
2 23 0 1 0 0 0 3000 3 13 13 4
2 24 1 1 1 0 0 595 1 4 4 13
2 25 0 1 0 0 0 3000 2 12 12 4
3 1 0 1 0 0 0 3000 1 3 3 12
3 2 0 1 0 0 0 3000 3 7 7 3
3 3 0 1 0 0 0 3000 2 7 7 7
3 4 1 1 1 0 0 440 1 7 7 7
3 5 1 0 0 1 0 3000 1 7 7 7
3 6 0 1 0 0 0 3000 2 13 13 7
3 7 1 1 1 0 0 454 1 7 7 13
3 8 0 1 0 0 0 3000 2 14 14 7
3 9 1 1 1 0 0 490 1 7 7 14
3 10 1 0 0 1 0 3000 1 14 14 7
3 11 0 1 0 0 0 3000 2 9 9 14
3 12 0 1 0 0 0 3000 2 1 1 9
3 13 1 1 1 0 0 507 1 9 9 1
3 14 1 1 1 0 0 717 1 1 1 9
3 15 1 1 1 0 0 1587 1 9 9 1
3 16 0 1 0 0 0 3000 3 13 13 9
3 17 0 0 0 0 1 1106 2 14 14 13
3 18 1 1 1 0 0 842 1 13 13 14
3 19 1 1 1 0 0 694 1 14 14 13
3 20 0 1 0 0 0 3000 3 8 8 14
3 21 0 1 0 0 0 3000 3 7 7 8
3 22 1 1 1 0 0 434 1 8 8 7
3 23 1 1 1 0 0 885 1 7 7 8
3 24 0 1 0 0 0 3000 2 12 12 7
3 25 0 1 0 0 0 3000 3 9 9 12
