1 1 0 1 0 0 0 3000 2 5 5 0
1 2 0 1 0 0 0 3000 2 8 8 5
1 3 1 1 1 0 0 375 1 5 5 8
1 4 0 1 0 0 0 3000 2 14 14 5
1 5 0 1 0 0 0 3000 3 13 13 14
1 6 1 0 0 1 0 3000 1 14 14 13
1 7 0 1 0 0 0 3000 3 14 14 14
1 8 0 1 0 0 0 3000 3 15 15 14
1 9 1 1 1 0 0 312 1 14 14 15
1 10 0 1 0 0 0 3000 3 12 12 14
1 11 1 0 0 1 0 3000 1 14 14 12
1 12 1 0 0 1 0 3000 1 12 12 14
1 13 1 0 0 1 0 3000 1 14 14 12
1 14 0 1 0 0 0 3000 2 4 4 14
1 15 0 0 0 0 1 390 3 12 12 4
1 16 0 1 0 0 0 3000 3 2 2 12
1 17 0 1 0 0 0 3000 3 15 15 2
1 18 1 0 0 1 0 3000 1 2 2 15
1 19 0 1 0 0 0 3000 2 14 14 2
1 20 1 0 0 1 0 3000 1 2 2 14
1 21 0 1 0 0 0 3000 3 15 15 2
1 22 0 1 0 0 0 3000 2 15 15 15
1 23 0 1 0 0 0 3000 2 4 4 15
1 24 0 1 0 0 0 3000 2 3 3 4
1 25 0 1 0 0 0 3000 3 5 5 3
2 1 0 1 0 0 0 3000 3 9 9 5
2 2 0 1 0 0 0 3000 3 14 14 9
2 3 0 1 0 0 0 3000 2 14 14 14
2 4 0 1 0 0 0 3000 2 15 15 14
2 5 0 1 0 0 0 3000 3 7 7 15
2 6 0 1 0 0 0 3000 3 2 2 7
2 7 1 0 0 1 0 3000 1 7 7 2
2 8 1 1 1 0 0 351 1 2 2 7
2 9 0 1 0 0 0 3000 2 4 4 2
2 10 1 0 0 1 0 3000 1 2 2 4
2 11 1 1 1 0 0 2494 1 4 4 2
2 12 0 1 0 0 0 3000 3 10 10 4
2 13 1 0 0 1 0 3000 1 4 4 10
2 14 0 1 0 0 0 3000 3 12 12 4
2 15 0 1 0 0 0 3000 2 5 5 12
2 16 0 1 0 0 0 3000 3 8 8 5
2 17 0 1 0 0 0 3000 3 14 14 8
2 18 0 1 0 0 0 3000 3 4 4 14
2 19 0 0 0 0 1 644 3 10 10 4
2 20 0 1 0 0 0 3000 2 13 13 10
2 21 0 1 0 0 0 3000 2 4 4 13
2 22 0 1 0 0 0 3000 3 7 7 4
2 23 0 1 0 0 0 3000 2 5 5 7
2 24 0 1 0 0 0 3000 3 1 1 5
2 25 1 0 0 1 0 3000 1 5 5 1
3 1 0 1 0 0 0 3000 1 15 15 5
3 2 0 1 0 0 0 3000 1 8 8 15
3 3 0 1 0 0 0 3000 2 14 14 8
3 4 0 1 0 0 0 3000 2 11 11 14
3 5 0 0 0 0 1 459 2 11 11 11
3 6 0 1 0 0 0 3000 3 3 3 11
3 7 1 1 1 0 0 838 1 11 11 3
3 8 0 0 0 0 1 2182 2 14 14 11
3 9 1 0 0 1 0 3000 1 11 11 14
3 10 0 1 0 0 0 3000 2 6 6 11
3 11 0 1 0 0 0 3000 3 8 8 6
3 12 1 0 0 1 0 3000 1 6 6 8
3 13 0 1 0 0 0 3000 3 3 3 6
3 14 0 1 0 0 0 3000 2 4 4 3
3 15 1 0 0 1 0 3000 1 3 3 4
3 16 1 0 0 1 0 3000 1 4 4 3
3 17 0 0 0 0 1 2355 3 14 14 4
3 18 0 0 0 0 1 2672 2 1 1 14
3 19 0 1 0 0 0 3000 3 2 2 1
3 20 0 0 0 0 1 565 3 10 10 2
3 21 0 1 0 0 0 3000 3 1 1 10
3 22 0 1 0 0 0 3000 3 9 9 1
3 23 0 1 0 0 0 3000 2 10 10 9
3 24 0 1 0 0 0 3000 2 8 8 10
3 25 1 0 0 1 0 3000 1 10 10 8
