1 1 0 1 0 0 0 3000 3 9 9 0
1 2 0 1 0 0 0 3000 2 14 14 9
1 3 0 1 0 0 0 3000 2 8 8 14
1 4 1 1 1 0 0 870 1 14 14 8
1 5 0 1 0 0 0 3000 2 5 5 14
1 6 0 1 0 0 0 3000 2 2 2 5
1 7 0 1 0 0 0 3000 2 14 14 2
1 8 0 1 0 0 0 3000 2 11 11 14
1 9 0 1 0 0 0 3000 2 4 4 11
1 10 1 1 1 0 0 553 1 11 11 4
1 11 1 1 1 0 0 557 1 4 4 11
1 12 0 0 0 0 1 975 2 5 5 4
1 13 1 1 1 0 0 1116 1 4 4 5
1 14 0 1 0 0 0 3000 3 15 15 4
1 15 0 1 0 0 0 3000 2 6 6 15
1 16 0 1 0 0 0 3000 3 8 8 6
1 17 1 1 1 0 0 431 1 6 6 8
1 18 1 0 0 1 0 3000 1 8 8 6
1 19 0 1 0 0 0 3000 2 10 10 8
1 20 0 1 0 0 0 3000 3 12 12 10
1 21 1 1 1 0 0 392 1 10 10 12
1 22 0 1 0 0 0 3000 2 15 15 10
1 23 1 1 1 0 0 718 1 10 10 15
1 24 0 1 0 0 0 3000 2 12 12 10
1 25 1 1 1 0 0 373 1 10 10 12
2 1 0 1 0 0 0 3000 3 6 6 10
2 2 0 1 0 0 0 3000 1 14 14 6
2 3 1 1 1 0 0 381 1 6 6 14
2 4 0 1 0 0 0 3000 2 11 11 6
2 5 0 1 0 0 0 3000 2 10 10 11
2 6 1 1 1 0 0 331 1 11 11 10
2 7 0 1 0 0 0 3000 2 3 3 11
2 8 0 1 0 0 0 3000 2 5 5 3
2 9 1 1 1 0 0 292 1 3 3 5
2 10 0 1 0 0 0 3000 3 13 13 3
2 11 0 1 0 0 0 3000 3 5 5 13
2 12 1 1 1 0 0 709 1 13 13 5
2 13 0 1 0 0 0 3000 2 7 7 13
2 14 0 1 0 0 0 3000 2 5 5 7
2 15 0 1 0 0 0 3000 2 3 3 5
2 16 0 1 0 0 0 3000 2 12 12 3
2 17 0 1 0 0 0 3000 2 2 2 12
2 18 0 1 0 0 0 3000 3 11 11 2
2 19 0 0 0 0 1 526 2 3 3 11
2 20 1 0 0 1 0 3000 1 11 11 3
2 21 1 1 1 0 0 550 1 3 3 11
2 22 0 1 0 0 0 3000 3 9 9 3
2 23 1 0 0 1 0 3000 1 3 3 9
2 24 0 1 0 0 0 3000 3 11 11 3
2 25 0 1 0 0 0 3000 2 14 14 11
3 1 0 1 0 0 0 3000 3 5 5 14
3 2 0 1 0 0 0 3000 1 15 15 5
3 3 0 1 0 0 0 3000 2 4 4 15
3 4 0 1 0 0 0 3000 3 7 7 4
3 5 1 0 0 1 0 3000 1 4 4 7
3 6 1 1 1 0 0 359 1 7 7 4
3 7 0 1 0 0 0 3000 3 9 9 7
3 8 0 1 0 0 0 3000 3 5 5 9
3 9 0 0 0 0 1 633 2 5 5 5
3 10 0 1 0 0 0 3000 3 10 10 5
3 11 1 1 1 0 0 664 1 5 5 10
3 12 0 1 0 0 0 3000 2 6 6 5
3 13 0 1 0 0 0 3000 2 8 8 6
3 14 1 1 1 0 0 387 1 6 6 8
3 15 0 1 0 0 0 3000 3 3 3 6
3 16 1 0 0 1 0 3000 1 6 6 3
3 17 0 1 0 0 0 3000 3 5 5 6
3 18 0 0 0 0 1 634 3 8 8 5
3 19 1 0 0 1 0 3000 1 5 5 8
3 20 0 1 0 0 0 3000 3 15 15 5
3 21 1 1 1 0 0 350 1 5 5 15
3 22 0 1 0 0 0 3000 2 1 1 5
3 23 0 1 0 0 0 3000 3 4 4 1
3 24 0 1 0 0 0 3000 3 4 4 4
3 25 0 1 0 0 0 3000 3 6 6 4
