1 1 0 1 0 0 0 3000 1 5 5 0
1 2 0 1 0 0 0 3000 3 11 11 5
1 3 0 1 0 0 0 3000 3 3 3 11
1 4 0 1 0 0 0 3000 2 14 14 3
1 5 0 1 0 0 0 3000 2 4 4 14
1 6 0 1 0 0 0 3000 3 6 6 4
1 7 0 1 0 0 0 3000 2 1 1 6
1 8 0 0 0 0 1 1302 2 1 1 1
1 9 1 1 1 0 0 612 1 1 1 1
1 10 0 0 0 0 1 711 2 6 6 1
1 11 1 1 1 0 0 589 1 1 1 6
1 12 0 1 0 0 0 3000 2 10 10 1
1 13 1 1 1 0 0 452 1 1 1 10
1 14 1 1 1 0 0 578 1 10 10 1
1 15 0 1 0 0 0 3000 2 5 5 10
1 16 1 1 1 0 0 483 1 10 10 5
1 17 0 1 0 0 0 3000 2 14 14 10
1 18 1 1 1 0 0 525 1 10 10 14
1 19 1 1 1 0 0 1014 1 14 14 10
1 20 0 1 0 0 0 3000 2 12 12 14
1 21 0 1 0 0 0 3000 2 15 15 12
1 22 0 1 0 0 0 3000 2 8 8 15
1 23 0 1 0 0 0 3000 2 11 11 8
1 24 1 1 1 0 0 417 1 8 8 11
1 25 0 0 0 0 1 605 3 8 8 8
2 1 0 1 0 0 0 3000 2 4 4 8
2 2 0 1 0 0 0 3000 1 3 3 4
2 3 0 1 0 0 0 3000 2 2 2 3
2 4 1 1 1 0 0 2060 1 3 3 2
2 5 0 0 0 0 1 988 3 4 4 3
2 6 0 1 0 0 0 3000 3 6 6 4
2 7 0 0 0 0 1 606 3 2 2 6
2 8 0 1 0 0 0 3000 3 3 3 2
2 9 0 1 0 0 0 3000 3 7 7 3
2 10 1 1 1 0 0 581 1 3 3 7
2 11 0 1 0 0 0 3000 3 1 1 3
2 12 0 1 0 0 0 3000 2 9 9 1
2 13 0 1 0 0 0 3000 2 13 13 9
2 14 0 1 0 0 0 3000 2 5 5 13
2 15 0 1 0 0 0 3000 3 9 9 5
2 16 0 1 0 0 0 3000 2 2 2 9
2 17 1 1 1 0 0 389 1 9 9 2
2 18 0 1 0 0 0 3000 3 10 10 9
2 19 1 1 1 0 0 577 1 9 9 10
2 20 1 1 1 0 0 442 1 10 10 9
2 21 1 1 1 0 0 505 1 9 9 10
2 22 0 1 0 0 0 3000 2 15 15 9
2 23 0 1 0 0 0 3000 3 5 5 15
2 24 0 1 0 0 0 3000 3 12 12 5
2 25 0 1 0 0 0 3000 2 15 15 12
3 1 0 1 0 0 0 3000 2 14 14 15
3 2 0 1 0 0 0 3000 1 12 12 14
3 3 0 1 0 0 0 3000 2 9 9 12
3 4 0 1 0 0 0 3000 2 6 6 9
3 5 1 1 1 0 0 696 1 9 9 6
3 6 0 1 0 0 0 3000 2 10 10 9
3 7 0 1 0 0 0 3000 3 11 11 10
3 8 0 1 0 0 0 3000 2 14 14 11
3 9 0 1 0 0 0 3000 2 9 9 14
3 10 1 1 1 0 0 482 1 14 14 9
3 11 0 1 0 0 0 3000 3 6 6 14
3 12 0 1 0 0 0 3000 3 11 11 6
3 13 0 1 0 0 0 3000 3 4 4 11
3 14 0 1 0 0 0 3000 2 14 14 4
3 15 1 1 1 0 0 609 1 4 4 14
3 16 0 1 0 0 0 3000 2 4 4 4
3 17 0 1 0 0 0 3000 3 5 5 4
3 18 1 1 1 0 0 580 1 4 4 5
3 19 0 1 0 0 0 3000 2 8 8 4
3 20 1 1 1 0 0 443 1 4 4 8
3 21 0 1 0 0 0 3000 2 7 7 4
3 22 0 1 0 0 0 3000 3 12 12 7
3 23 0 1 0 0 0 3000 3 3 3 12
3 24 0 0 0 0 1 683 2 3 3 3
3 25 0 1 0 0 0 3000 3 5 5 3
