1 1 0 1 0 0 0 3000 3 1 1 0
1 2 0 1 0 0 0 3000 3 6 6 1
1 3 0 1 0 0 0 3000 2 5 5 6
1 4 0 1 0 0 0 3000 3 15 15 5
1 5 0 1 0 0 0 3000 2 2 2 15
1 6 0 1 0 0 0 3000 3 11 11 2
1 7 0 1 0 0 0 3000 3 13 13 11
1 8 1 1 1 0 0 522 1 11 11 13
1 9 0 1 0 0 0 3000 2 11 11 11
1 10 1 0 0 1 0 3000 1 11 11 11
1 11 0 1 0 0 0 3000 2 2 2 11
1 12 0 1 0 0 0 3000 2 15 15 2
1 13 0 1 0 0 0 3000 2 3 3 15
1 14 1 1 1 0 0 493 1 15 15 3
1 15 1 0 0 1 0 3000 1 3 3 15
1 16 0 1 0 0 0 3000 3 10 10 3
1 17 0 1 0 0 0 3000 3 2 2 10
1 18 0 1 0 0 0 3000 2 14 14 2
1 19 0 1 0 0 0 3000 2 7 7 14
1 20 0 0 0 0 1 980 2 2 2 7
1 21 0 1 0 0 0 3000 3 14 14 2
1 22 0 1 0 0 0 3000 2 14 14 14
1 23 1 1 1 0 0 525 1 14 14 14
1 24 1 0 0 1 0 3000 1 14 14 14
1 25 0 1 0 0 0 3000 3 7 7 14
2 1 0 1 0 0 0 3000 1 7 7 7
2 2 0 1 0 0 0 3000 2 10 10 7
2 3 0 1 0 0 0 3000 3 1 1 10
2 4 0 1 0 0 0 3000 2 6 6 1
2 5 1 1 1 0 0 615 1 1 1 6
2 6 1 0 0 1 0 3000 1 6 6 1
2 7 0 1 0 0 0 3000 2 8 8 6
2 8 0 1 0 0 0 3000 2 11 11 8
2 9 0 1 0 0 0 3000 3 2 2 11
2 10 0 1 0 0 0 3000 2 15 15 2
2 11 0 1 0 0 0 3000 2 3 3 15
2 12 0 0 0 0 1 1029 3 2 2 3
2 13 1 0 0 1 0 3000 1 3 3 2
2 14 0 1 0 0 0 3000 2 12 12 3
2 15 0 1 0 0 0 3000 2 11 11 12
2 16 0 1 0 0 0 3000 2 9 9 11
2 17 0 1 0 0 0 3000 2 6 6 9
2 18 1 1 1 0 0 473 1 9 9 6
2 19 0 0 0 0 1 2216 3 11 11 9
2 20 0 1 0 0 0 3000 2 14 14 11
2 21 0 1 0 0 0 3000 3 4 4 14
2 22 0 1 0 0 0 3000 2 15 15 4
2 23 0 1 0 0 0 3000 2 7 7 15
2 24 0 1 0 0 0 3000 3 9 9 7
2 25 0 1 0 0 0 3000 3 5 5 9
3 1 0 1 0 0 0 3000 3 12 12 5
3 2 0 1 0 0 0 3000 1 12 12 12
3 3 0 1 0 0 0 3000 3 10 10 12
3 4 0 1 0 0 0 3000 2 3 3 10
3 5 0 1 0 0 0 3000 2 12 12 3
3 6 1 1 1 0 0 1030 1 3 3 12
3 7 0 1 0 0 0 3000 2 3 3 3
3 8 0 1 0 0 0 3000 3 15 15 3
3 9 0 1 0 0 0 3000 3 7 7 15
3 10 1 1 1 0 0 611 1 15 15 7
3 11 0 1 0 0 0 3000 2 15 15 15
3 12 0 1 0 0 0 3000 2 12 12 15
3 13 1 1 1 0 0 675 1 15 15 12
3 14 1 0 0 1 0 3000 1 12 12 15
3 15 1 0 0 1 0 3000 1 15 15 12
3 16 0 1 0 0 0 3000 2 5 5 15
3 17 0 0 0 0 1 826 2 5 5 5
3 18 0 1 0 0 0 3000 2 10 10 5
3 19 0 1 0 0 0 3000 3 15 15 10
3 20 0 1 0 0 0 3000 2 3 3 15
3 21 0 1 0 0 0 3000 3 4 4 3
3 22 1 1 1 0 0 490 1 3 3 4
3 23 0 1 0 0 0 3000 3 12 12 3
3 24 0 1 0 0 0 3000 3 4 4 12
3 25 0 1 0 0 0 3000 3 7 7 4
