1 1 0 1 0 0 0 3000 3 4 4 0
1 2 0 1 0 0 0 3000 3 2 2 4
1 3 0 1 0 0 0 3000 2 5 5 2
1 4 1 0 0 1 0 3000 1 2 2 5
1 5 0 1 0 0 0 3000 3 12 12 2
1 6 0 1 0 0 0 3000 2 9 9 12
1 7 0 1 0 0 0 3000 2 5 5 9
1 8 0 1 0 0 0 3000 3 1 1 5
1 9 1 1 1 0 0 400 1 5 5 1
1 10 0 1 0 0 0 3000 2 13 13 5
1 11 0 1 0 0 0 3000 2 13 13 13
1 12 0 1 0 0 0 3000 2 2 2 13
1 13 0 1 0 0 0 3000 3 12 12 2
1 14 0 1 0 0 0 3000 3 11 11 12
1 15 1 1 1 0 0 361 1 12 12 11
1 16 1 0 0 1 0 3000 1 11 11 12
1 17 0 1 0 0 0 3000 3 9 9 11
1 18 1 1 1 0 0 350 1 11 11 9
1 19 1 0 0 1 0 3000 1 9 9 11
1 20 0 1 0 0 0 3000 3 1 1 9
1 21 1 1 1 0 0 530 1 9 9 1
1 22 0 1 0 0 0 3000 3 13 13 9
1 23 0 1 0 0 0 3000 2 1 1 13
1 24 1 0 0 1 0 3000 1 13 13 1
1 25 0 0 0 0 1 777 3 9 9 13
2 1 0 1 0 0 0 3000 3 5 5 9
2 2 0 1 0 0 0 3000 2 4 4 5
2 3 0 1 0 0 0 3000 2 3 3 4
2 4 0 1 0 0 0 3000 3 15 15 3
2 5 1 1 1 0 0 428 1 3 3 15
2 6 0 1 0 0 0 3000 2 13 13 3
2 7 1 1 1 0 0 714 1 3 3 13
2 8 0 1 0 0 0 3000 2 9 9 3
2 9 0 1 0 0 0 3000 3 4 4 9
2 10 0 1 0 0 0 3000 3 14 14 4
2 11 0 1 0 0 0 3000 3 3 3 14
2 12 0 1 0 0 0 3000 3 3 3 3
2 13 0 1 0 0 0 3000 2 10 10 3
2 14 1 1 1 0 0 467 1 3 3 10
2 15 0 1 0 0 0 3000 2 6 6 3
2 16 0 1 0 0 0 3000 2 10 10 6
2 17 0 1 0 0 0 3000 2 11 11 10
2 18 1 1 1 0 0 329 1 10 10 11
2 19 0 1 0 0 0 3000 2 2 2 10
2 20 1 1 1 0 0 337 1 10 10 2
2 21 1 0 0 1 0 3000 1 2 2 10
2 22 1 1 1 0 0 377 1 10 10 2
2 23 1 0 0 1 0 3000 1 2 2 10
2 24 1 1 1 0 0 372 1 10 10 2
2 25 1 0 0 1 0 3000 1 2 2 10
3 1 0 1 0 0 0 3000 2 8 8 2
3 2 0 1 0 0 0 3000 2 6 6 8
3 3 0 1 0 0 0 3000 3 5 5 6
3 4 1 1 1 0 0 1072 1 6 6 5
3 5 0 1 0 0 0 3000 2 8 8 6
3 6 1 1 1 0 0 1026 1 6 6 8
3 7 0 1 0 0 0 3000 3 2 2 6
3 8 0 1 0 0 0 3000 2 12 12 2
3 9 0 1 0 0 0 3000 2 8 8 12
3 10 0 1 0 0 0 3000 3 14 14 8
3 11 0 1 0 0 0 3000 3 12 12 14
3 12 1 1 1 0 0 417 1 14 14 12
3 13 0 1 0 0 0 3000 3 15 15 14
3 14 0 1 0 0 0 3000 3 15 15 15
3 15 0 1 0 0 0 3000 3 5 5 15
3 16 0 1 0 0 0 3000 2 7 7 5
3 17 1 1 1 0 0 483 1 5 5 7
3 18 1 0 0 1 0 3000 1 7 7 5
3 19 0 1 0 0 0 3000 3 11 11 7
3 20 0 1 0 0 0 3000 3 12 12 11
3 21 1 1 1 0 0 484 1 11 11 12
3 22 1 0 0 1 0 3000 1 12 12 11
3 23 0 1 0 0 0 3000 3 7 7 12
3 24 0 1 0 0 0 3000 2 1 1 7
3 25 0 1 0 0 0 3000 3 13 13 1
