1 1 0 1 0 0 0 3000 3 3 3 0
1 2 0 1 0 0 0 3000 3 13 13 3
1 3 0 1 0 0 0 3000 3 5 5 13
1 4 0 1 0 0 0 3000 3 15 15 5
1 5 1 1 1 0 0 386 1 5 5 15
1 6 1 0 0 1 0 3000 1 15 15 5
1 7 1 1 1 0 0 406 1 5 5 15
1 8 0 1 0 0 0 3000 2 4 4 5
1 9 0 1 0 0 0 3000 3 6 6 4
1 10 1 0 0 1 0 3000 1 4 4 6
1 11 1 0 0 1 0 3000 1 6 6 4
1 12 1 1 1 0 0 279 1 4 4 6
1 13 0 1 0 0 0 3000 2 14 14 4
1 14 0 1 0 0 0 3000 3 6 6 14
1 15 0 1 0 0 0 3000 2 8 8 6
1 16 0 1 0 0 0 3000 2 12 12 8
1 17 0 1 0 0 0 3000 2 14 14 12
1 18 0 1 0 0 0 3000 3 15 15 14
1 19 1 1 1 0 0 364 1 14 14 15
1 20 0 1 0 0 0 3000 3 11 11 14
1 21 1 1 1 0 0 475 1 14 14 11
1 22 0 1 0 0 0 3000 3 15 15 14
1 23 1 1 1 0 0 349 1 14 14 15
1 24 1 0 0 1 0 3000 1 15 15 14
1 25 0 1 0 0 0 3000 2 3 3 15
2 1 0 1 0 0 0 3000 1 4 4 3
2 2 0 1 0 0 0 3000 3 10 10 4
2 3 0 1 0 0 0 3000 3 6 6 10
2 4 0 1 0 0 0 3000 2 5 5 6
2 5 0 1 0 0 0 3000 2 11 11 5
2 6 1 1 1 0 0 412 1 5 5 11
2 7 0 1 0 0 0 3000 3 15 15 5
2 8 0 1 0 0 0 3000 3 10 10 15
2 9 1 1 1 0 0 294 1 15 15 10
2 10 1 1 1 0 0 439 1 10 10 15
2 11 0 1 0 0 0 3000 3 4 4 10
2 12 0 1 0 0 0 3000 3 13 13 4
2 13 0 1 0 0 0 3000 3 2 2 13
2 14 0 1 0 0 0 3000 3 6 6 2
2 15 0 1 0 0 0 3000 2 1 1 6
2 16 1 1 1 0 0 346 1 6 6 1
2 17 1 1 1 0 0 387 1 1 1 6
2 18 1 1 1 0 0 462 1 6 6 1
2 19 0 1 0 0 0 3000 3 15 15 6
2 20 1 1 1 0 0 431 1 6 6 15
2 21 0 1 0 0 0 3000 3 12 12 6
2 22 0 1 0 0 0 3000 2 4 4 12
2 23 0 1 0 0 0 3000 3 4 4 4
2 24 1 1 1 0 0 433 1 4 4 4
2 25 0 1 0 0 0 3000 2 12 12 4
3 1 0 1 0 0 0 3000 2 14 14 12
3 2 0 1 0 0 0 3000 3 7 7 14
3 3 0 1 0 0 0 3000 2 10 10 7
3 4 0 1 0 0 0 3000 2 15 15 10
3 5 0 1 0 0 0 3000 3 7 7 15
3 6 0 1 0 0 0 3000 2 14 14 7
3 7 0 1 0 0 0 3000 3 9 9 14
3 8 0 0 0 0 1 539 3 10 10 9
3 9 0 1 0 0 0 3000 2 3 3 10
3 10 1 0 0 1 0 3000 1 10 10 3
3 11 0 1 0 0 0 3000 2 1 1 10
3 12 0 1 0 0 0 3000 3 1 1 1
3 13 1 0 0 1 0 3000 1 1 1 1
3 14 0 1 0 0 0 3000 3 9 9 1
3 15 0 1 0 0 0 3000 2 7 7 9
3 16 0 1 0 0 0 3000 2 15 15 7
3 17 0 1 0 0 0 3000 3 12 12 15
3 18 0 1 0 0 0 3000 3 12 12 12
3 19 1 1 1 0 0 402 1 12 12 12
3 20 0 1 0 0 0 3000 2 5 5 12
3 21 1 1 1 0 0 353 1 12 12 5
3 22 0 1 0 0 0 3000 3 3 3 12
3 23 0 1 0 0 0 3000 2 10 10 3
3 24 0 1 0 0 0 3000 3 12 12 10
3 25 0 1 0 0 0 3000 3 3 3 12
