1 1 0 1 0 0 0 3000 1 13 13 0
1 2 0 1 0 0 0 3000 1 2 2 13
1 3 1 1 1 0 0 586 1 13 13 2
1 4 0 1 0 0 0 3000 3 10 10 13
1 5 0 1 0 0 0 3000 3 11 11 10
1 6 1 1 1 0 0 456 1 10 10 11
1 7 1 1 1 0 0 1402 1 11 11 10
1 8 1 1 1 0 0 529 1 10 10 11
1 9 1 1 1 0 0 530 1 11 11 10
1 10 0 1 0 0 0 3000 3 15 15 11
1 11 0 1 0 0 0 3000 2 9 9 15
1 12 0 1 0 0 0 3000 3 3 3 9
1 13 0 1 0 0 0 3000 2 1 1 3
1 14 0 1 0 0 0 3000 2 12 12 1
1 15 1 1 1 0 0 728 1 1 1 12
1 16 0 1 0 0 0 3000 3 2 2 1
1 17 0 1 0 0 0 3000 2 11 11 2
1 18 0 1 0 0 0 3000 2 6 6 11
1 19 0 1 0 0 0 3000 3 6 6 6
1 20 0 1 0 0 0 3000 3 15 15 6
1 21 1 1 1 0 0 728 1 6 6 15
1 22 0 1 0 0 0 3000 3 9 9 6
1 23 0 1 0 0 0 3000 2 8 8 9
1 24 0 1 0 0 0 3000 2 5 5 8
1 25 0 1 0 0 0 3000 2 7 7 5
2 1 0 1 0 0 0 3000 2 9 9 7
2 2 0 1 0 0 0 3000 2 10 10 9
2 3 0 1 0 0 0 3000 3 5 5 10
2 4 0 1 0 0 0 3000 2 12 12 5
2 5 1 1 1 0 0 795 1 5 5 12
2 6 1 1 1 0 0 581 1 12 12 5
2 7 0 1 0 0 0 3000 2 1 1 12
2 8 1 1 1 0 0 422 1 12 12 1
2 9 1 1 1 0 0 1110 1 1 1 12
2 10 1 1 1 0 0 424 1 12 12 1
2 11 0 1 0 0 0 3000 2 9 9 12
2 12 0 1 0 0 0 3000 2 15 15 9
2 13 0 1 0 0 0 3000 3 1 1 15
2 14 1 1 1 0 0 552 1 15 15 1
2 15 0 1 0 0 0 3000 2 7 7 15
2 16 0 1 0 0 0 3000 3 2 2 7
2 17 0 1 0 0 0 3000 3 12 12 2
2 18 1 0 0 1 0 3000 1 2 2 12
2 19 1 1 1 0 0 565 1 12 12 2
2 20 0 1 0 0 0 3000 3 7 7 12
2 21 0 1 0 0 0 3000 2 6 6 7
2 22 1 1 1 0 0 1055 1 7 7 6
2 23 0 1 0 0 0 3000 2 2 2 7
2 24 0 0 0 0 1 859 3 6 6 2
2 25 1 1 1 0 0 1007 1 2 2 6
3 1 0 1 0 0 0 3000 2 7 7 2
3 2 0 1 0 0 0 3000 2 12 12 7
3 3 1 1 1 0 0 444 1 7 7 12
3 4 0 1 0 0 0 3000 2 14 14 7
3 5 1 1 1 0 0 583 1 7 7 14
3 6 0 1 0 0 0 3000 3 6 6 7
3 7 0 1 0 0 0 3000 2 3 3 6
3 8 0 1 0 0 0 3000 3 12 12 3
3 9 0 1 0 0 0 3000 2 13 13 12
3 10 1 0 0 1 0 3000 1 12 12 13
3 11 0 1 0 0 0 3000 3 11 11 12
3 12 0 1 0 0 0 3000 3 7 7 11
3 13 0 0 0 0 1 505 2 13 13 7
3 14 1 1 1 0 0 582 1 7 7 13
3 15 0 1 0 0 0 3000 2 8 8 7
3 16 0 1 0 0 0 3000 2 14 14 8
3 17 1 1 1 0 0 560 1 8 8 14
3 18 0 1 0 0 0 3000 3 7 7 8
3 19 1 1 1 0 0 363 1 8 8 7
3 20 0 1 0 0 0 3000 2 13 13 8
3 21 0 1 0 0 0 3000 2 9 9 13
3 22 0 1 0 0 0 3000 3 7 7 9
3 23 0 1 0 0 0 3000 2 5 5 7
3 24 0 1 0 0 0 3000 3 14 14 5
3 25 0 1 0 0 0 3000 3 15 15 14
