1 1 0 1 0 0 0 3000 3 8 8 0
1 2 0 1 0 0 0 3000 2 2 2 8
1 3 0 1 0 0 0 3000 2 13 13 2
1 4 1 1 1 0 0 665 1 2 2 13
1 5 1 1 1 0 0 1629 1 13 13 2
1 6 1 1 1 0 0 558 1 2 2 13
1 7 0 1 0 0 0 3000 2 9 9 2
1 8 0 0 0 0 1 839 2 13 13 9
1 9 0 1 0 0 0 3000 3 11 11 13
1 10 0 1 0 0 0 3000 2 3 3 11
1 11 1 1 1 0 0 755 1 11 11 3
1 12 0 1 0 0 0 3000 2 6 6 11
1 13 0 1 0 0 0 3000 3 10 10 6
1 14 0 1 0 0 0 3000 3 13 13 10
1 15 0 1 0 0 0 3000 2 3 3 13
1 16 0 1 0 0 0 3000 2 9 9 3
1 17 1 1 1 0 0 638 1 3 3 9
1 18 1 1 1 0 0 1064 1 9 9 3
1 19 0 1 0 0 0 3000 3 15 15 9
1 20 1 1 1 0 0 599 1 9 9 15
1 21 1 1 1 0 0 684 1 15 15 9
1 22 1 1 1 0 0 480 1 9 9 15
1 23 0 1 0 0 0 3000 3 1 1 9
1 24 0 1 0 0 0 3000 3 3 3 1
1 25 0 1 0 0 0 3000 3 8 8 3
2 1 0 1 0 0 0 3000 3 2 2 8
2 2 0 1 0 0 0 3000 2 9 9 2
2 3 0 1 0 0 0 3000 3 13 13 9
2 4 0 1 0 0 0 3000 2 11 11 13
2 5 0 1 0 0 0 3000 3 2 2 11
2 6 0 1 0 0 0 3000 3 3 3 2
2 7 1 1 1 0 0 575 1 2 2 3
2 8 1 1 1 0 0 1821 1 3 3 2
2 9 1 1 1 0 0 1218 1 2 2 3
2 10 1 1 1 0 0 1028 1 3 3 2
2 11 0 1 0 0 0 3000 2 6 6 3
2 12 0 1 0 0 0 3000 3 7 7 6
2 13 0 1 0 0 0 3000 2 14 14 7
2 14 0 1 0 0 0 3000 2 9 9 14
2 15 0 1 0 0 0 3000 2 2 2 9
2 16 1 1 1 0 0 624 1 9 9 2
2 17 1 1 1 0 0 900 1 2 2 9
2 18 1 1 1 0 0 838 1 9 9 2
2 19 0 1 0 0 0 3000 2 10 10 9
2 20 0 1 0 0 0 3000 2 10 10 10
2 21 1 1 1 0 0 469 1 10 10 10
2 22 0 1 0 0 0 3000 3 12 12 10
2 23 0 1 0 0 0 3000 2 14 14 12
2 24 0 1 0 0 0 3000 2 6 6 14
2 25 0 0 0 0 1 588 2 6 6 6
3 1 0 1 0 0 0 3000 1 2 2 6
3 2 0 1 0 0 0 3000 3 4 4 2
3 3 1 1 1 0 0 1243 1 2 2 4
3 4 1 1 1 0 0 937 1 4 4 2
3 5 0 1 0 0 0 3000 3 1 1 4
3 6 1 1 1 0 0 508 1 4 4 1
3 7 0 1 0 0 0 3000 3 14 14 4
3 8 0 1 0 0 0 3000 3 10 10 14
3 9 0 1 0 0 0 3000 3 10 10 10
3 10 0 1 0 0 0 3000 3 5 5 10
3 11 1 1 1 0 0 816 1 10 10 5
3 12 0 1 0 0 0 3000 2 13 13 10
3 13 1 1 1 0 0 760 1 10 10 13
3 14 1 1 1 0 0 762 1 13 13 10
3 15 0 1 0 0 0 3000 2 3 3 13
3 16 1 1 1 0 0 1035 1 13 13 3
3 17 0 1 0 0 0 3000 2 9 9 13
3 18 0 0 0 0 1 1008 2 3 3 9
3 19 0 1 0 0 0 3000 3 14 14 3
3 20 1 1 1 0 0 921 1 3 3 14
3 21 0 1 0 0 0 3000 3 7 7 3
3 22 1 0 0 1 0 3000 1 3 3 7
3 23 1 1 1 0 0 464 1 7 7 3
3 24 1 1 1 0 0 1035 1 3 3 7
3 25 0 1 0 0 0 3000 3 8 8 3
