1 1 0 1 0 0 0 3000 3 10 10 0
1 2 0 1 0 0 0 3000 1 9 9 10
1 3 0 1 0 0 0 3000 3 14 14 9
1 4 0 1 0 0 0 3000 3 13 13 14
1 5 1 1 1 0 0 270 1 14 14 13
1 6 0 1 0 0 0 3000 3 4 4 14
1 7 1 1 1 0 0 539 1 14 14 4
1 8 1 1 1 0 0 651 1 4 4 14
1 9 1 0 0 1 0 3000 1 14 14 4
1 10 0 0 0 0 1 220 2 10 10 14
1 11 0 1 0 0 0 3000 2 12 12 10
1 12 0 1 0 0 0 3000 2 14 14 12
1 13 0 1 0 0 0 3000 3 8 8 14
1 14 0 1 0 0 0 3000 3 3 3 8
1 15 0 1 0 0 0 3000 2 13 13 3
1 16 0 1 0 0 0 3000 3 14 14 13
1 17 0 1 0 0 0 3000 3 7 7 14
1 18 1 1 1 0 0 455 1 14 14 7
1 19 0 1 0 0 0 3000 2 13 13 14
1 20 0 0 0 0 1 394 2 2 2 13
1 21 1 1 1 0 0 803 1 13 13 2
1 22 0 0 0 0 1 424 2 13 13 13
1 23 0 1 0 0 0 3000 2 4 4 13
1 24 0 1 0 0 0 3000 3 2 2 4
1 25 0 1 0 0 0 3000 3 3 3 2
2 1 0 1 0 0 0 3000 1 3 3 3
2 2 0 1 0 0 0 3000 2 10 10 3
2 3 0 1 0 0 0 3000 2 15 15 10
2 4 1 1 1 0 0 420 1 10 10 15
2 5 0 1 0 0 0 3000 2 14 14 10
2 6 0 1 0 0 0 3000 2 2 2 14
2 7 1 1 1 0 0 372 1 14 14 2
2 8 1 0 0 1 0 3000 1 2 2 14
2 9 1 1 1 0 0 391 1 14 14 2
2 10 1 1 1 0 0 400 1 2 2 14
2 11 1 1 1 0 0 340 1 14 14 2
2 12 0 1 0 0 0 3000 2 7 7 14
2 13 0 1 0 0 0 3000 2 10 10 7
2 14 0 1 0 0 0 3000 3 11 11 10
2 15 0 1 0 0 0 3000 3 15 15 11
2 16 0 1 0 0 0 3000 2 12 12 15
2 17 0 0 0 0 1 597 3 11 11 12
2 18 1 1 1 0 0 750 1 12 12 11
2 19 1 0 0 1 0 3000 1 11 11 12
2 20 0 1 0 0 0 3000 2 7 7 11
2 21 0 1 0 0 0 3000 2 5 5 7
2 22 0 1 0 0 0 3000 2 10 10 5
2 23 0 1 0 0 0 3000 3 14 14 10
2 24 1 1 1 0 0 2826 1 10 10 14
2 25 0 1 0 0 0 3000 3 7 7 10
3 1 0 1 0 0 0 3000 2 14 14 7
3 2 0 1 0 0 0 3000 3 4 4 14
3 3 0 1 0 0 0 3000 2 1 1 4
3 4 0 1 0 0 0 3000 3 7 7 1
3 5 1 1 1 0 0 394 1 1 1 7
3 6 0 1 0 0 0 3000 2 10 10 1
3 7 0 1 0 0 0 3000 3 14 14 10
3 8 0 1 0 0 0 3000 3 4 4 14
3 9 1 1 1 0 0 407 1 14 14 4
3 10 1 1 1 0 0 528 1 4 4 14
3 11 1 1 1 0 0 383 1 14 14 4
3 12 1 1 1 0 0 553 1 4 4 14
3 13 0 1 0 0 0 3000 3 11 11 4
3 14 1 1 1 0 0 678 1 4 4 11
3 15 0 1 0 0 0 3000 2 6 6 4
3 16 0 1 0 0 0 3000 2 13 13 6
3 17 0 1 0 0 0 3000 2 15 15 13
3 18 0 0 0 0 1 404 3 15 15 15
3 19 0 1 0 0 0 3000 3 2 2 15
3 20 0 1 0 0 0 3000 3 3 3 2
3 21 1 1 1 0 0 432 1 2 2 3
3 22 0 0 0 0 1 2171 2 2 2 2
3 23 1 1 1 0 0 475 1 2 2 2
3 24 0 1 0 0 0 3000 2 11 11 2
3 25 0 1 0 0 0 3000 3 15 15 11
