1 1 0 1 0 0 0 3000 3 12 12 0
1 2 0 1 0 0 0 3000 1 5 5 12
1 3 0 1 0 0 0 3000 2 9 9 5
1 4 0 1 0 0 0 3000 2 2 2 9
1 5 1 1 1 0 0 669 1 9 9 2
1 6 0 1 0 0 0 3000 3 3 3 9
1 7 0 1 0 0 0 3000 3 1 1 3
1 8 0 1 0 0 0 3000 3 13 13 1
1 9 1 1 1 0 0 417 1 1 1 13
1 10 1 0 0 1 0 3000 1 13 13 1
1 11 0 1 0 0 0 3000 3 11 11 13
1 12 0 1 0 0 0 3000 2 2 2 11
1 13 0 1 0 0 0 3000 2 14 14 2
1 14 0 1 0 0 0 3000 2 12 12 14
1 15 0 1 0 0 0 3000 2 15 15 12
1 16 0 0 0 0 1 1170 3 15 15 15
1 17 0 1 0 0 0 3000 3 1 1 15
1 18 0 1 0 0 0 3000 3 9 9 1
1 19 0 1 0 0 0 3000 2 15 15 9
1 20 0 1 0 0 0 3000 2 2 2 15
1 21 0 1 0 0 0 3000 2 12 12 2
1 22 1 1 1 0 0 455 1 2 2 12
1 23 0 1 0 0 0 3000 3 7 7 2
1 24 1 0 0 1 0 3000 1 2 2 7
1 25 1 1 1 0 0 407 1 7 7 2
2 1 0 1 0 0 0 3000 3 5 5 7
2 2 0 1 0 0 0 3000 1 10 10 5
2 3 0 1 0 0 0 3000 3 4 4 10
2 4 0 1 0 0 0 3000 3 15 15 4
2 5 1 1 1 0 0 621 1 4 4 15
2 6 1 0 0 1 0 3000 1 15 15 4
2 7 1 0 0 1 0 3000 1 4 4 15
2 8 0 1 0 0 0 3000 2 12 12 4
2 9 1 1 1 0 0 465 1 4 4 12
2 10 1 0 0 1 0 3000 1 12 12 4
2 11 0 0 0 0 1 839 2 12 12 12
2 12 0 1 0 0 0 3000 2 2 2 12
2 13 0 1 0 0 0 3000 3 6 6 2
2 14 0 1 0 0 0 3000 3 8 8 6
2 15 0 1 0 0 0 3000 3 1 1 8
2 16 0 1 0 0 0 3000 2 13 13 1
2 17 0 1 0 0 0 3000 3 10 10 13
2 18 0 1 0 0 0 3000 3 15 15 10
2 19 0 1 0 0 0 3000 2 8 8 15
2 20 0 0 0 0 1 1363 3 8 8 8
2 21 1 0 0 1 0 3000 1 8 8 8
2 22 1 0 0 1 0 3000 1 8 8 8
2 23 1 1 1 0 0 539 1 8 8 8
2 24 0 1 0 0 0 3000 2 15 15 8
2 25 0 1 0 0 0 3000 2 15 15 15
3 1 0 1 0 0 0 3000 2 1 1 15
3 2 0 1 0 0 0 3000 1 1 1 1
3 3 0 1 0 0 0 3000 3 10 10 1
3 4 0 1 0 0 0 3000 2 9 9 10
3 5 0 1 0 0 0 3000 3 8 8 9
3 6 1 1 1 0 0 520 1 9 9 8
3 7 0 1 0 0 0 3000 3 1 1 9
3 8 0 1 0 0 0 3000 3 1 1 1
3 9 0 1 0 0 0 3000 3 11 11 1
3 10 0 1 0 0 0 3000 2 7 7 11
3 11 0 1 0 0 0 3000 2 2 2 7
3 12 0 1 0 0 0 3000 3 2 2 2
3 13 0 1 0 0 0 3000 2 11 11 2
3 14 1 1 1 0 0 749 1 2 2 11
3 15 1 0 0 1 0 3000 1 11 11 2
3 16 0 1 0 0 0 3000 3 4 4 11
3 17 0 1 0 0 0 3000 3 12 12 4
3 18 1 1 1 0 0 482 1 4 4 12
3 19 0 1 0 0 0 3000 3 13 13 4
3 20 0 1 0 0 0 3000 2 12 12 13
3 21 1 1 1 0 0 467 1 13 13 12
3 22 0 1 0 0 0 3000 3 14 14 13
3 23 0 1 0 0 0 3000 3 2 2 14
3 24 1 1 1 0 0 467 1 14 14 2
3 25 0 1 0 0 0 3000 3 8 8 14
