1 1 0 1 0 0 0 3000 1 3 3 0
1 2 0 1 0 0 0 3000 3 4 4 3
1 3 0 1 0 0 0 3000 2 2 2 4
1 4 0 1 0 0 0 3000 3 1 1 2
1 5 0 1 0 0 0 3000 3 10 10 1
1 6 0 1 0 0 0 3000 2 14 14 10
1 7 0 0 0 0 1 793 3 2 2 14
1 8 0 1 0 0 0 3000 3 7 7 2
1 9 0 1 0 0 0 3000 3 14 14 7
1 10 0 1 0 0 0 3000 2 10 10 14
1 11 0 1 0 0 0 3000 3 3 3 10
1 12 0 0 0 0 1 727 2 14 14 3
1 13 0 1 0 0 0 3000 3 5 5 14
1 14 0 1 0 0 0 3000 3 10 10 5
1 15 1 1 1 0 0 460 1 5 5 10
1 16 0 1 0 0 0 3000 2 3 3 5
1 17 0 1 0 0 0 3000 3 7 7 3
1 18 1 0 0 1 0 3000 1 3 3 7
1 19 1 1 1 0 0 1052 1 7 7 3
1 20 0 1 0 0 0 3000 2 13 13 7
1 21 0 1 0 0 0 3000 3 3 3 13
1 22 0 1 0 0 0 3000 3 5 5 3
1 23 0 1 0 0 0 3000 2 10 10 5
1 24 0 0 0 0 1 847 2 3 3 10
1 25 0 1 0 0 0 3000 3 15 15 3
2 1 0 1 0 0 0 3000 3 12 12 15
2 2 0 1 0 0 0 3000 3 8 8 12
2 3 1 0 0 1 0 3000 1 12 12 8
2 4 1 1 1 0 0 331 1 8 8 12
2 5 0 0 0 0 1 682 3 5 5 8
2 6 1 0 0 1 0 3000 1 8 8 5
2 7 1 0 0 1 0 3000 1 5 5 8
2 8 0 1 0 0 0 3000 2 6 6 5
2 9 0 1 0 0 0 3000 2 7 7 6
2 10 0 1 0 0 0 3000 2 2 2 7
2 11 1 0 0 1 0 3000 1 7 7 2
2 12 0 1 0 0 0 3000 2 4 4 7
2 13 1 1 1 0 0 620 1 7 7 4
2 14 0 1 0 0 0 3000 3 10 10 7
2 15 1 1 1 0 0 522 1 7 7 10
2 16 1 0 0 1 0 3000 1 10 10 7
2 17 0 1 0 0 0 3000 3 1 1 10
2 18 1 0 0 1 0 3000 1 10 10 1
2 19 0 0 0 0 1 435 2 9 9 10
2 20 0 1 0 0 0 3000 3 6 6 9
2 21 0 1 0 0 0 3000 3 12 12 6
2 22 0 1 0 0 0 3000 3 8 8 12
2 23 1 1 1 0 0 441 1 12 12 8
2 24 1 0 0 1 0 3000 1 8 8 12
2 25 0 1 0 0 0 3000 2 4 4 8
3 1 0 1 0 0 0 3000 2 7 7 4
3 2 0 1 0 0 0 3000 1 13 13 7
3 3 0 1 0 0 0 3000 3 8 8 13
3 4 0 1 0 0 0 3000 3 11 11 8
3 5 0 1 0 0 0 3000 2 5 5 11
3 6 0 1 0 0 0 3000 3 2 2 5
3 7 0 1 0 0 0 3000 2 12 12 2
3 8 1 0 0 1 0 3000 1 2 2 12
3 9 0 1 0 0 0 3000 2 4 4 2
3 10 1 1 1 0 0 667 1 2 2 4
3 11 0 1 0 0 0 3000 3 3 3 2
3 12 1 0 0 1 0 3000 1 2 2 3
3 13 0 1 0 0 0 3000 2 14 14 2
3 14 1 1 1 0 0 400 1 2 2 14
3 15 0 1 0 0 0 3000 2 1 1 2
3 16 0 1 0 0 0 3000 2 3 3 1
3 17 0 1 0 0 0 3000 3 2 2 3
3 18 0 1 0 0 0 3000 2 4 4 2
3 19 1 1 1 0 0 655 1 2 2 4
3 20 1 1 1 0 0 873 1 4 4 2
3 21 0 1 0 0 0 3000 2 4 4 4
3 22 0 1 0 0 0 3000 2 14 14 4
3 23 0 1 0 0 0 3000 3 13 13 14
3 24 1 1 1 0 0 428 1 14 14 13
3 25 0 1 0 0 0 3000 2 15 15 14
