1 1 0 1 0 0 0 3000 1 9 9 0
1 2 0 1 0 0 0 3000 2 5 5 9
1 3 0 1 0 0 0 3000 2 12 12 5
1 4 0 1 0 0 0 3000 3 12 12 12
1 5 0 1 0 0 0 3000 2 15 15 12
1 6 1 1 1 0 0 729 1 12 12 15
1 7 1 0 0 1 0 3000 1 15 15 12
1 8 1 0 0 1 0 3000 1 12 12 15
1 9 0 1 0 0 0 3000 3 13 13 12
1 10 0 1 0 0 0 3000 2 2 2 13
1 11 0 1 0 0 0 3000 2 15 15 2
1 12 0 0 0 0 1 702 3 12 12 15
1 13 0 0 0 0 1 1060 3 13 13 12
1 14 1 0 0 1 0 3000 1 12 12 13
1 15 0 1 0 0 0 3000 3 4 4 12
1 16 0 1 0 0 0 3000 2 10 10 4
1 17 0 1 0 0 0 3000 3 6 6 10
1 18 0 0 0 0 1 1435 2 4 4 6
1 19 0 1 0 0 0 3000 3 5 5 4
1 20 0 1 0 0 0 3000 3 8 8 5
1 21 0 1 0 0 0 3000 3 7 7 8
1 22 0 1 0 0 0 3000 2 1 1 7
1 23 1 1 1 0 0 799 1 7 7 1
1 24 1 1 1 0 0 618 1 1 1 7
1 25 0 1 0 0 0 3000 3 14 14 1
2 1 0 1 0 0 0 3000 2 6 6 14
2 2 0 1 0 0 0 3000 2 8 8 6
2 3 0 1 0 0 0 3000 2 15 15 8
2 4 1 1 1 0 0 635 1 8 8 15
2 5 0 1 0 0 0 3000 2 6 6 8
2 6 0 1 0 0 0 3000 2 5 5 6
2 7 0 1 0 0 0 3000 3 5 5 5
2 8 0 1 0 0 0 3000 3 15 15 5
2 9 0 1 0 0 0 3000 3 7 7 15
2 10 0 1 0 0 0 3000 2 4 4 7
2 11 0 1 0 0 0 3000 3 10 10 4
2 12 0 1 0 0 0 3000 2 9 9 10
2 13 0 1 0 0 0 3000 2 3 3 9
2 14 0 1 0 0 0 3000 3 2 2 3
2 15 0 1 0 0 0 3000 3 14 14 2
2 16 0 1 0 0 0 3000 2 12 12 14
2 17 0 1 0 0 0 3000 2 1 1 12
2 18 1 0 0 1 0 3000 1 12 12 1
2 19 0 1 0 0 0 3000 3 4 4 12
2 20 1 1 1 0 0 739 1 12 12 4
2 21 0 1 0 0 0 3000 2 5 5 12
2 22 1 1 1 0 0 686 1 12 12 5
2 23 1 1 1 0 0 1192 1 5 5 12
2 24 0 1 0 0 0 3000 2 11 11 5
2 25 0 1 0 0 0 3000 2 11 11 11
3 1 0 1 0 0 0 3000 1 15 15 11
3 2 0 1 0 0 0 3000 2 15 15 15
3 3 0 1 0 0 0 3000 3 2 2 15
3 4 0 1 0 0 0 3000 3 3 3 2
3 5 0 1 0 0 0 3000 3 15 15 3
3 6 0 1 0 0 0 3000 3 11 11 15
3 7 0 1 0 0 0 3000 2 9 9 11
3 8 0 1 0 0 0 3000 2 4 4 9
3 9 0 1 0 0 0 3000 3 3 3 4
3 10 0 1 0 0 0 3000 2 7 7 3
3 11 1 1 1 0 0 743 1 3 3 7
3 12 1 1 1 0 0 443 1 7 7 3
3 13 0 1 0 0 0 3000 2 2 2 7
3 14 1 1 1 0 0 1014 1 7 7 2
3 15 1 1 1 0 0 1476 1 2 2 7
3 16 1 0 0 1 0 3000 1 7 7 2
3 17 0 1 0 0 0 3000 3 9 9 7
3 18 0 1 0 0 0 3000 2 9 9 9
3 19 0 1 0 0 0 3000 2 11 11 9
3 20 1 1 1 0 0 772 1 9 9 11
3 21 0 1 0 0 0 3000 3 7 7 9
3 22 1 1 1 0 0 1328 1 9 9 7
3 23 0 1 0 0 0 3000 3 10 10 9
3 24 0 1 0 0 0 3000 2 1 1 10
3 25 1 1 1 0 0 550 1 10 10 1
