1 1 0 1 0 0 0 3000 3 14 14 0
1 2 0 1 0 0 0 3000 1 15 15 14
1 3 0 1 0 0 0 3000 3 15 15 15
1 4 0 1 0 0 0 3000 3 7 7 15
1 5 1 1 1 0 0 502 1 15 15 7
1 6 0 1 0 0 0 3000 2 1 1 15
1 7 0 1 0 0 0 3000 3 5 5 1
1 8 1 1 1 0 0 2057 1 1 1 5
1 9 0 1 0 0 0 3000 2 12 12 1
1 10 0 1 0 0 0 3000 2 3 3 12
1 11 1 1 1 0 0 550 1 12 12 3
1 12 0 1 0 0 0 3000 3 7 7 12
1 13 0 1 0 0 0 3000 3 4 4 7
1 14 0 1 0 0 0 3000 3 10 10 4
1 15 0 1 0 0 0 3000 2 5 5 10
1 16 0 1 0 0 0 3000 3 14 14 5
1 17 0 1 0 0 0 3000 3 15 15 14
1 18 0 1 0 0 0 3000 3 8 8 15
1 19 0 1 0 0 0 3000 2 13 13 8
1 20 1 1 1 0 0 465 1 8 8 13
1 21 1 1 1 0 0 870 1 13 13 8
1 22 1 1 1 0 0 742 1 8 8 13
1 23 1 1 1 0 0 621 1 13 13 8
1 24 0 1 0 0 0 3000 2 9 9 13
1 25 0 1 0 0 0 3000 2 6 6 9
2 1 0 1 0 0 0 3000 2 3 3 6
2 2 0 1 0 0 0 3000 3 5 5 3
2 3 1 1 1 0 0 405 1 3 3 5
2 4 0 1 0 0 0 3000 3 15 15 3
2 5 0 1 0 0 0 3000 3 5 5 15
2 6 0 1 0 0 0 3000 3 11 11 5
2 7 1 1 1 0 0 680 1 5 5 11
2 8 0 1 0 0 0 3000 3 5 5 5
2 9 0 1 0 0 0 3000 2 7 7 5
2 10 0 1 0 0 0 3000 2 14 14 7
2 11 1 1 1 0 0 950 1 7 7 14
2 12 0 1 0 0 0 3000 2 6 6 7
2 13 1 1 1 0 0 409 1 7 7 6
2 14 0 1 0 0 0 3000 3 7 7 7
2 15 0 1 0 0 0 3000 3 11 11 7
2 16 0 1 0 0 0 3000 3 14 14 11
2 17 1 1 1 0 0 548 1 11 11 14
2 18 0 1 0 0 0 3000 2 2 2 11
2 19 0 1 0 0 0 3000 3 15 15 2
2 20 0 1 0 0 0 3000 2 9 9 15
2 21 0 1 0 0 0 3000 2 11 11 9
2 22 1 1 1 0 0 802 1 9 9 11
2 23 1 1 1 0 0 796 1 11 11 9
2 24 1 1 1 0 0 611 1 9 9 11
2 25 0 1 0 0 0 3000 3 13 13 9
3 1 0 1 0 0 0 3000 3 12 12 13
3 2 0 1 0 0 0 3000 2 8 8 12
3 3 0 1 0 0 0 3000 3 10 10 8
3 4 0 1 0 0 0 3000 2 9 9 10
3 5 0 1 0 0 0 3000 2 4 4 9
3 6 0 1 0 0 0 3000 2 2 2 4
3 7 0 1 0 0 0 3000 3 15 15 2
3 8 1 1 1 0 0 495 1 2 2 15
3 9 0 1 0 0 0 3000 2 4 4 2
3 10 1 1 1 0 0 471 1 2 2 4
3 11 0 1 0 0 0 3000 2 6 6 2
3 12 0 1 0 0 0 3000 3 1 1 6
3 13 0 1 0 0 0 3000 3 10 10 1
3 14 0 1 0 0 0 3000 3 15 15 10
3 15 1 1 1 0 0 551 1 10 10 15
3 16 1 1 1 0 0 482 1 15 15 10
3 17 1 1 1 0 0 625 1 10 10 15
3 18 1 1 1 0 0 827 1 15 15 10
3 19 0 1 0 0 0 3000 2 4 4 15
3 20 0 1 0 0 0 3000 2 2 2 4
3 21 0 1 0 0 0 3000 2 14 14 2
3 22 0 1 0 0 0 3000 2 12 12 14
3 23 0 1 0 0 0 3000 3 6 6 12
3 24 0 1 0 0 0 3000 2 9 9 6
3 25 0 1 0 0 0 3000 3 1 1 9
