1 1 0 1 0 0 0 3000 3 6 6 0
1 2 0 1 0 0 0 3000 3 9 9 6
1 3 0 1 0 0 0 3000 2 4 4 9
1 4 0 0 0 0 1 1570 2 8 8 4
1 5 0 1 0 0 0 3000 3 5 5 8
1 6 0 0 0 0 1 635 3 9 9 5
1 7 0 1 0 0 0 3000 3 9 9 9
1 8 0 0 0 0 1 1068 2 4 4 9
1 9 1 1 1 0 0 1492 1 9 9 4
1 10 0 1 0 0 0 3000 3 5 5 9
1 11 0 1 0 0 0 3000 2 3 3 5
1 12 0 1 0 0 0 3000 3 15 15 3
1 13 0 1 0 0 0 3000 3 12 12 15
1 14 1 1 1 0 0 813 1 15 15 12
1 15 0 1 0 0 0 3000 2 14 14 15
1 16 0 0 0 0 1 590 2 5 5 14
1 17 0 0 0 0 1 684 3 13 13 5
1 18 0 1 0 0 0 3000 2 14 14 13
1 19 1 0 0 1 0 3000 1 13 13 14
1 20 0 0 0 0 1 762 3 5 5 13
1 21 0 1 0 0 0 3000 3 7 7 5
1 22 1 1 1 0 0 574 1 5 5 7
1 23 0 1 0 0 0 3000 3 8 8 5
1 24 0 1 0 0 0 3000 3 15 15 8
1 25 0 0 0 0 1 581 2 5 5 15
2 1 0 1 0 0 0 3000 1 2 2 5
2 2 0 1 0 0 0 3000 1 14 14 2
2 3 1 0 0 1 0 3000 1 2 2 14
2 4 0 1 0 0 0 3000 3 1 1 2
2 5 1 1 1 0 0 416 1 2 2 1
2 6 1 1 1 0 0 518 1 1 1 2
2 7 0 1 0 0 0 3000 2 4 4 1
2 8 1 1 1 0 0 447 1 1 1 4
2 9 0 1 0 0 0 3000 2 9 9 1
2 10 0 1 0 0 0 3000 2 15 15 9
2 11 0 1 0 0 0 3000 3 13 13 15
2 12 1 1 1 0 0 536 1 15 15 13
2 13 0 1 0 0 0 3000 3 1 1 15
2 14 0 1 0 0 0 3000 3 5 5 1
2 15 1 1 1 0 0 455 1 1 1 5
2 16 0 1 0 0 0 3000 3 15 15 1
2 17 1 1 1 0 0 457 1 1 1 15
2 18 1 1 1 0 0 889 1 15 15 1
2 19 0 1 0 0 0 3000 2 11 11 15
2 20 0 1 0 0 0 3000 2 8 8 11
2 21 1 1 1 0 0 456 1 11 11 8
2 22 1 0 0 1 0 3000 1 8 8 11
2 23 0 1 0 0 0 3000 2 9 9 8
2 24 0 1 0 0 0 3000 3 9 9 9
2 25 0 0 0 0 1 712 3 11 11 9
3 1 0 1 0 0 0 3000 1 12 12 11
3 2 0 1 0 0 0 3000 2 12 12 12
3 3 1 1 1 0 0 485 1 12 12 12
3 4 0 1 0 0 0 3000 2 11 11 12
3 5 1 1 1 0 0 536 1 12 12 11
3 6 1 1 1 0 0 548 1 11 11 12
3 7 0 1 0 0 0 3000 2 6 6 11
3 8 1 1 1 0 0 1076 1 11 11 6
3 9 1 1 1 0 0 751 1 6 6 11
3 10 1 1 1 0 0 960 1 11 11 6
3 11 0 1 0 0 0 3000 2 5 5 11
3 12 1 1 1 0 0 548 1 11 11 5
3 13 0 1 0 0 0 3000 2 3 3 11
3 14 1 1 1 0 0 475 1 11 11 3
3 15 0 1 0 0 0 3000 2 9 9 11
3 16 0 1 0 0 0 3000 2 4 4 9
3 17 1 1 1 0 0 459 1 9 9 4
3 18 0 1 0 0 0 3000 3 9 9 9
3 19 0 1 0 0 0 3000 3 6 6 9
3 20 0 1 0 0 0 3000 3 1 1 6
3 21 1 1 1 0 0 434 1 6 6 1
3 22 0 1 0 0 0 3000 2 7 7 6
3 23 0 1 0 0 0 3000 2 13 13 7
3 24 0 1 0 0 0 3000 2 15 15 13
3 25 1 1 1 0 0 456 1 13 13 15
