1 1 0 1 0 0 0 3000 3 6 6 0
1 2 0 1 0 0 0 3000 2 3 3 6
1 3 0 1 0 0 0 3000 2 4 4 3
1 4 0 1 0 0 0 3000 3 5 5 4
1 5 0 1 0 0 0 3000 3 3 3 5
1 6 0 1 0 0 0 3000 2 2 2 3
1 7 0 1 0 0 0 3000 3 15 15 2
1 8 0 1 0 0 0 3000 2 11 11 15
1 9 1 1 1 0 0 499 1 15 15 11
1 10 0 1 0 0 0 3000 2 2 2 15
1 11 1 0 0 1 0 3000 1 15 15 2
1 12 0 1 0 0 0 3000 3 8 8 15
1 13 0 1 0 0 0 3000 2 9 9 8
1 14 1 1 1 0 0 435 1 8 8 9
1 15 0 1 0 0 0 3000 2 5 5 8
1 16 1 0 0 1 0 3000 1 8 8 5
1 17 1 1 1 0 0 310 1 5 5 8
1 18 0 1 0 0 0 3000 2 10 10 5
1 19 0 1 0 0 0 3000 3 4 4 10
1 20 0 1 0 0 0 3000 2 7 7 4
1 21 0 1 0 0 0 3000 2 8 8 7
1 22 1 1 1 0 0 369 1 7 7 8
1 23 0 1 0 0 0 3000 3 6 6 7
1 24 0 1 0 0 0 3000 3 2 2 6
1 25 1 1 1 0 0 324 1 6 6 2
2 1 0 1 0 0 0 3000 1 6 6 6
2 2 0 1 0 0 0 3000 1 10 10 6
2 3 0 1 0 0 0 3000 2 12 12 10
2 4 0 1 0 0 0 3000 2 6 6 12
2 5 0 1 0 0 0 3000 2 11 11 6
2 6 1 1 1 0 0 332 1 6 6 11
2 7 0 1 0 0 0 3000 2 1 1 6
2 8 0 0 0 0 1 458 2 1 1 1
2 9 1 0 0 1 0 3000 1 1 1 1
2 10 1 0 0 1 0 3000 1 1 1 1
2 11 0 1 0 0 0 3000 2 8 8 1
2 12 0 1 0 0 0 3000 2 2 2 8
2 13 0 0 0 0 1 460 3 2 2 2
2 14 0 0 0 0 1 743 3 8 8 2
2 15 1 0 0 1 0 3000 1 2 2 8
2 16 1 0 0 1 0 3000 1 8 8 2
2 17 0 1 0 0 0 3000 3 12 12 8
2 18 0 1 0 0 0 3000 3 4 4 12
2 19 1 1 1 0 0 307 1 12 12 4
2 20 0 1 0 0 0 3000 3 2 2 12
2 21 1 0 0 1 0 3000 1 12 12 2
2 22 0 1 0 0 0 3000 2 7 7 12
2 23 0 1 0 0 0 3000 2 5 5 7
2 24 0 1 0 0 0 3000 2 11 11 5
2 25 0 1 0 0 0 3000 2 12 12 11
3 1 0 1 0 0 0 3000 1 5 5 12
3 2 0 1 0 0 0 3000 1 8 8 5
3 3 0 1 0 0 0 3000 3 15 15 8
3 4 1 0 0 1 0 3000 1 8 8 15
3 5 0 1 0 0 0 3000 2 4 4 8
3 6 0 1 0 0 0 3000 2 11 11 4
3 7 1 1 1 0 0 389 1 4 4 11
3 8 0 1 0 0 0 3000 3 12 12 4
3 9 1 0 0 1 0 3000 1 4 4 12
3 10 0 1 0 0 0 3000 2 9 9 4
3 11 0 1 0 0 0 3000 3 15 15 9
3 12 1 1 1 0 0 340 1 9 9 15
3 13 0 1 0 0 0 3000 3 3 3 9
3 14 0 1 0 0 0 3000 3 11 11 3
3 15 0 1 0 0 0 3000 3 4 4 11
3 16 0 1 0 0 0 3000 3 15 15 4
3 17 0 1 0 0 0 3000 2 7 7 15
3 18 0 1 0 0 0 3000 2 11 11 7
3 19 0 1 0 0 0 3000 2 15 15 11
3 20 0 1 0 0 0 3000 2 10 10 15
3 21 0 1 0 0 0 3000 3 3 3 10
3 22 1 1 1 0 0 337 1 10 10 3
3 23 1 1 1 0 0 367 1 3 3 10
3 24 1 1 1 0 0 709 1 10 10 3
3 25 0 1 0 0 0 3000 2 13 13 10
