1 1 0 1 0 0 0 3000 2 1 1 0
1 2 0 1 0 0 0 3000 1 1 1 1
1 3 0 1 0 0 0 3000 3 7 7 1
1 4 0 1 0 0 0 3000 2 13 13 7
1 5 1 1 1 0 0 433 1 7 7 13
1 6 1 1 1 0 0 519 1 13 13 7
1 7 0 1 0 0 0 3000 3 1 1 13
1 8 0 1 0 0 0 3000 2 5 5 1
1 9 0 1 0 0 0 3000 3 9 9 5
1 10 0 1 0 0 0 3000 2 1 1 9
1 11 0 1 0 0 0 3000 2 6 6 1
1 12 0 1 0 0 0 3000 2 6 6 6
1 13 1 1 1 0 0 602 1 6 6 6
1 14 0 1 0 0 0 3000 3 9 9 6
1 15 1 0 0 1 0 3000 1 6 6 9
1 16 0 1 0 0 0 3000 3 4 4 6
1 17 1 1 1 0 0 495 1 6 6 4
1 18 0 1 0 0 0 3000 2 5 5 6
1 19 0 1 0 0 0 3000 3 12 12 5
1 20 1 1 1 0 0 437 1 5 5 12
1 21 1 1 1 0 0 518 1 12 12 5
1 22 0 1 0 0 0 3000 3 15 15 12
1 23 1 1 1 0 0 451 1 12 12 15
1 24 0 1 0 0 0 3000 2 11 11 12
1 25 0 0 0 0 1 343 2 15 15 11
2 1 0 1 0 0 0 3000 1 12 12 15
2 2 0 1 0 0 0 3000 3 14 14 12
2 3 0 1 0 0 0 3000 3 2 2 14
2 4 0 1 0 0 0 3000 3 12 12 2
2 5 0 1 0 0 0 3000 3 14 14 12
2 6 0 1 0 0 0 3000 3 1 1 14
2 7 0 1 0 0 0 3000 2 10 10 1
2 8 0 1 0 0 0 3000 2 4 4 10
2 9 1 1 1 0 0 506 1 10 10 4
2 10 1 1 1 0 0 598 1 4 4 10
2 11 0 1 0 0 0 3000 2 15 15 4
2 12 0 1 0 0 0 3000 3 12 12 15
2 13 0 1 0 0 0 3000 2 5 5 12
2 14 0 1 0 0 0 3000 3 13 13 5
2 15 0 0 0 0 1 527 3 13 13 13
2 16 0 1 0 0 0 3000 3 12 12 13
2 17 0 1 0 0 0 3000 3 9 9 12
2 18 0 1 0 0 0 3000 3 7 7 9
2 19 0 1 0 0 0 3000 2 8 8 7
2 20 0 1 0 0 0 3000 3 4 4 8
2 21 0 1 0 0 0 3000 3 14 14 4
2 22 0 1 0 0 0 3000 3 8 8 14
2 23 1 1 1 0 0 380 1 14 14 8
2 24 0 1 0 0 0 3000 2 11 11 14
2 25 1 1 1 0 0 476 1 14 14 11
3 1 0 1 0 0 0 3000 3 10 10 14
3 2 0 1 0 0 0 3000 1 15 15 10
3 3 0 1 0 0 0 3000 3 13 13 15
3 4 0 1 0 0 0 3000 2 14 14 13
3 5 0 1 0 0 0 3000 2 12 12 14
3 6 1 1 1 0 0 365 1 14 14 12
3 7 0 1 0 0 0 3000 2 9 9 14
3 8 0 1 0 0 0 3000 2 10 10 9
3 9 0 1 0 0 0 3000 2 10 10 10
3 10 0 1 0 0 0 3000 2 4 4 10
3 11 0 1 0 0 0 3000 3 8 8 4
3 12 1 1 1 0 0 383 1 4 4 8
3 13 0 1 0 0 0 3000 2 11 11 4
3 14 0 1 0 0 0 3000 3 6 6 11
3 15 0 1 0 0 0 3000 2 15 15 6
3 16 0 1 0 0 0 3000 3 10 10 15
3 17 1 0 0 1 0 3000 1 15 15 10
3 18 1 0 0 1 0 3000 1 10 10 15
3 19 0 1 0 0 0 3000 2 1 1 10
3 20 0 1 0 0 0 3000 3 11 11 1
3 21 0 1 0 0 0 3000 2 15 15 11
3 22 0 1 0 0 0 3000 2 9 9 15
3 23 0 1 0 0 0 3000 3 14 14 9
3 24 0 1 0 0 0 3000 2 1 1 14
3 25 0 0 0 0 1 366 2 9 9 1
