1 1 0 1 0 0 0 3000 1 9 9 0
1 2 0 1 0 0 0 3000 3 13 13 9
1 3 0 1 0 0 0 3000 2 12 12 13
1 4 0 1 0 0 0 3000 3 6 6 12
1 5 0 1 0 0 0 3000 2 4 4 6
1 6 1 1 1 0 0 543 1 6 6 4
1 7 0 1 0 0 0 3000 2 15 15 6
1 8 1 0 0 1 0 3000 1 6 6 15
1 9 0 1 0 0 0 3000 3 10 10 6
1 10 0 1 0 0 0 3000 2 11 11 10
1 11 0 1 0 0 0 3000 2 13 13 11
1 12 0 1 0 0 0 3000 2 9 9 13
1 13 1 1 1 0 0 403 1 13 13 9
1 14 0 1 0 0 0 3000 2 14 14 13
1 15 1 1 1 0 0 926 1 13 13 14
1 16 0 0 0 0 1 1291 2 13 13 13
1 17 1 0 0 1 0 3000 1 13 13 13
1 18 0 1 0 0 0 3000 2 15 15 13
1 19 0 1 0 0 0 3000 2 1 1 15
1 20 0 1 0 0 0 3000 3 14 14 1
1 21 0 1 0 0 0 3000 3 4 4 14
1 22 1 1 1 0 0 367 1 14 14 4
1 23 0 1 0 0 0 3000 3 8 8 14
1 24 0 1 0 0 0 3000 2 13 13 8
1 25 0 1 0 0 0 3000 3 4 4 13
2 1 0 1 0 0 0 3000 2 2 2 4
2 2 0 1 0 0 0 3000 1 15 15 2
2 3 0 1 0 0 0 3000 3 1 1 15
2 4 0 1 0 0 0 3000 3 10 10 1
2 5 0 1 0 0 0 3000 2 12 12 10
2 6 0 1 0 0 0 3000 2 15 15 12
2 7 0 1 0 0 0 3000 2 7 7 15
2 8 0 1 0 0 0 3000 3 10 10 7
2 9 0 1 0 0 0 3000 3 13 13 10
2 10 1 1 1 0 0 430 1 10 10 13
2 11 0 1 0 0 0 3000 2 4 4 10
2 12 0 1 0 0 0 3000 3 9 9 4
2 13 1 1 1 0 0 491 1 4 4 9
2 14 0 1 0 0 0 3000 3 6 6 4
2 15 0 1 0 0 0 3000 2 9 9 6
2 16 1 1 1 0 0 658 1 6 6 9
2 17 1 0 0 1 0 3000 1 9 9 6
2 18 0 1 0 0 0 3000 3 2 2 9
2 19 1 1 1 0 0 507 1 9 9 2
2 20 0 1 0 0 0 3000 2 12 12 9
2 21 0 1 0 0 0 3000 2 1 1 12
2 22 0 1 0 0 0 3000 2 15 15 1
2 23 1 1 1 0 0 498 1 1 1 15
2 24 0 1 0 0 0 3000 2 10 10 1
2 25 0 1 0 0 0 3000 3 8 8 10
3 1 0 1 0 0 0 3000 2 3 3 8
3 2 0 1 0 0 0 3000 3 2 2 3
3 3 0 1 0 0 0 3000 2 8 8 2
3 4 1 0 0 1 0 3000 1 2 2 8
3 5 1 1 1 0 0 2017 1 8 8 2
3 6 1 1 1 0 0 569 1 2 2 8
3 7 1 1 1 0 0 578 1 8 8 2
3 8 0 1 0 0 0 3000 2 11 11 8
3 9 0 0 0 0 1 568 2 10 10 11
3 10 0 1 0 0 0 3000 3 9 9 10
3 11 1 0 0 1 0 3000 1 10 10 9
3 12 0 1 0 0 0 3000 2 4 4 10
3 13 0 1 0 0 0 3000 2 6 6 4
3 14 0 1 0 0 0 3000 3 8 8 6
3 15 0 1 0 0 0 3000 2 14 14 8
3 16 1 0 0 1 0 3000 1 8 8 14
3 17 1 1 1 0 0 323 1 14 14 8
3 18 0 1 0 0 0 3000 3 1 1 14
3 19 0 0 0 0 1 399 2 1 1 1
3 20 0 1 0 0 0 3000 2 15 15 1
3 21 1 1 1 0 0 1266 1 1 1 15
3 22 0 1 0 0 0 3000 2 11 11 1
3 23 0 1 0 0 0 3000 3 15 15 11
3 24 0 1 0 0 0 3000 2 14 14 15
3 25 1 1 1 0 0 715 1 15 15 14
