1 1 0 1 0 0 0 3000 3 1 1 0
1 2 0 1 0 0 0 3000 2 8 8 1
1 3 0 1 0 0 0 3000 2 7 7 8
1 4 1 1 1 0 0 525 1 8 8 7
1 5 0 1 0 0 0 3000 2 2 2 8
1 6 0 1 0 0 0 3000 3 5 5 2
1 7 1 1 1 0 0 450 1 2 2 5
1 8 0 1 0 0 0 3000 2 13 13 2
1 9 1 1 1 0 0 492 1 2 2 13
1 10 0 1 0 0 0 3000 2 12 12 2
1 11 0 1 0 0 0 3000 2 13 13 12
1 12 0 1 0 0 0 3000 2 14 14 13
1 13 0 1 0 0 0 3000 3 14 14 14
1 14 0 1 0 0 0 3000 2 9 9 14
1 15 0 1 0 0 0 3000 2 2 2 9
1 16 0 1 0 0 0 3000 2 8 8 2
1 17 0 1 0 0 0 3000 3 7 7 8
1 18 0 1 0 0 0 3000 2 2 2 7
1 19 0 1 0 0 0 3000 3 8 8 2
1 20 1 1 1 0 0 402 1 2 2 8
1 21 0 1 0 0 0 3000 2 2 2 2
1 22 1 1 1 0 0 453 1 2 2 2
1 23 1 1 1 0 0 447 1 2 2 2
1 24 0 1 0 0 0 3000 3 3 3 2
1 25 0 0 0 0 1 479 2 5 5 3
2 1 0 1 0 0 0 3000 2 13 13 5
2 2 0 1 0 0 0 3000 2 14 14 13
2 3 0 1 0 0 0 3000 3 6 6 14
2 4 0 1 0 0 0 3000 2 11 11 6
2 5 1 1 1 0 0 441 1 6 6 11
2 6 1 1 1 0 0 430 1 11 11 6
2 7 0 1 0 0 0 3000 2 1 1 11
2 8 1 1 1 0 0 385 1 11 11 1
2 9 1 1 1 0 0 466 1 1 1 11
2 10 1 1 1 0 0 986 1 11 11 1
2 11 1 1 1 0 0 429 1 1 1 11
2 12 0 1 0 0 0 3000 3 12 12 1
2 13 0 1 0 0 0 3000 3 7 7 12
2 14 0 1 0 0 0 3000 3 13 13 7
2 15 0 1 0 0 0 3000 2 2 2 13
2 16 0 1 0 0 0 3000 2 15 15 2
2 17 0 1 0 0 0 3000 2 4 4 15
2 18 0 1 0 0 0 3000 2 1 1 4
2 19 0 1 0 0 0 3000 3 8 8 1
2 20 0 1 0 0 0 3000 2 4 4 8
2 21 1 1 1 0 0 449 1 8 8 4
2 22 0 1 0 0 0 3000 3 2 2 8
2 23 0 1 0 0 0 3000 3 10 10 2
2 24 1 1 1 0 0 345 1 2 2 10
2 25 0 1 0 0 0 3000 2 9 9 2
3 1 0 1 0 0 0 3000 1 14 14 9
3 2 0 1 0 0 0 3000 1 8 8 14
3 3 0 1 0 0 0 3000 3 1 1 8
3 4 0 1 0 0 0 3000 3 12 12 1
3 5 1 1 1 0 0 423 1 1 1 12
3 6 0 1 0 0 0 3000 3 7 7 1
3 7 0 1 0 0 0 3000 3 11 11 7
3 8 0 1 0 0 0 3000 3 5 5 11
3 9 0 1 0 0 0 3000 3 15 15 5
3 10 0 1 0 0 0 3000 2 9 9 15
3 11 1 1 1 0 0 351 1 15 15 9
3 12 0 1 0 0 0 3000 3 8 8 15
3 13 1 1 1 0 0 535 1 15 15 8
3 14 0 1 0 0 0 3000 3 6 6 15
3 15 0 1 0 0 0 3000 3 1 1 6
3 16 0 1 0 0 0 3000 2 4 4 1
3 17 0 1 0 0 0 3000 2 3 3 4
3 18 1 1 1 0 0 385 1 4 4 3
3 19 0 1 0 0 0 3000 2 15 15 4
3 20 0 1 0 0 0 3000 3 10 10 15
3 21 0 1 0 0 0 3000 2 7 7 10
3 22 0 1 0 0 0 3000 2 15 15 7
3 23 1 1 1 0 0 1050 1 7 7 15
3 24 1 1 1 0 0 906 1 15 15 7
3 25 0 1 0 0 0 3000 3 11 11 15
