1 1 0 1 0 0 0 3000 2 2 2 0
1 2 0 1 0 0 0 3000 2 15 15 2
1 3 0 1 0 0 0 3000 2 5 5 15
1 4 1 0 0 1 0 3000 1 15 15 5
1 5 1 0 0 1 0 3000 1 5 5 15
1 6 1 1 1 0 0 397 1 15 15 5
1 7 0 1 0 0 0 3000 3 3 3 15
1 8 0 1 0 0 0 3000 3 10 10 3
1 9 0 1 0 0 0 3000 3 10 10 10
1 10 0 0 0 0 1 668 2 6 6 10
1 11 0 1 0 0 0 3000 2 2 2 6
1 12 1 1 1 0 0 865 1 6 6 2
1 13 1 0 0 1 0 3000 1 2 2 6
1 14 0 1 0 0 0 3000 2 14 14 2
1 15 0 0 0 0 1 523 2 14 14 14
1 16 0 1 0 0 0 3000 2 1 1 14
1 17 1 1 1 0 0 370 1 14 14 1
1 18 0 1 0 0 0 3000 2 9 9 14
1 19 0 1 0 0 0 3000 3 8 8 9
1 20 1 1 1 0 0 499 1 9 9 8
1 21 0 1 0 0 0 3000 2 2 2 9
1 22 0 1 0 0 0 3000 3 11 11 2
1 23 0 1 0 0 0 3000 2 10 10 11
1 24 0 1 0 0 0 3000 3 9 9 10
1 25 1 1 1 0 0 508 1 10 10 9
2 1 0 1 0 0 0 3000 2 12 12 10
2 2 0 1 0 0 0 3000 3 6 6 12
2 3 0 1 0 0 0 3000 3 2 2 6
2 4 0 1 0 0 0 3000 3 8 8 2
2 5 0 1 0 0 0 3000 2 6 6 8
2 6 0 1 0 0 0 3000 3 13 13 6
2 7 0 1 0 0 0 3000 3 7 7 13
2 8 0 1 0 0 0 3000 2 2 2 7
2 9 0 1 0 0 0 3000 2 1 1 2
2 10 0 0 0 0 1 603 3 7 7 1
2 11 0 1 0 0 0 3000 2 12 12 7
2 12 0 1 0 0 0 3000 2 15 15 12
2 13 0 1 0 0 0 3000 3 2 2 15
2 14 0 1 0 0 0 3000 3 13 13 2
2 15 0 0 0 0 1 412 3 1 1 13
2 16 1 0 0 1 0 3000 1 13 13 1
2 17 0 1 0 0 0 3000 2 9 9 13
2 18 0 1 0 0 0 3000 2 2 2 9
2 19 1 1 1 0 0 326 1 9 9 2
2 20 0 1 0 0 0 3000 2 7 7 9
2 21 0 1 0 0 0 3000 3 6 6 7
2 22 0 1 0 0 0 3000 2 5 5 6
2 23 0 1 0 0 0 3000 2 5 5 5
2 24 0 1 0 0 0 3000 3 4 4 5
2 25 0 1 0 0 0 3000 2 3 3 4
3 1 0 1 0 0 0 3000 1 12 12 3
3 2 0 1 0 0 0 3000 2 8 8 12
3 3 0 1 0 0 0 3000 2 6 6 8
3 4 1 1 1 0 0 996 1 8 8 6
3 5 0 1 0 0 0 3000 2 3 3 8
3 6 0 1 0 0 0 3000 2 1 1 3
3 7 0 1 0 0 0 3000 2 8 8 1
3 8 1 1 1 0 0 394 1 1 1 8
3 9 0 1 0 0 0 3000 2 7 7 1
3 10 0 1 0 0 0 3000 2 6 6 7
3 11 1 1 1 0 0 333 1 7 7 6
3 12 0 1 0 0 0 3000 3 4 4 7
3 13 1 0 0 1 0 3000 1 7 7 4
3 14 1 1 1 0 0 437 1 4 4 7
3 15 0 1 0 0 0 3000 3 12 12 4
3 16 0 1 0 0 0 3000 3 8 8 12
3 17 0 1 0 0 0 3000 2 5 5 8
3 18 0 1 0 0 0 3000 2 11 11 5
3 19 0 1 0 0 0 3000 2 7 7 11
3 20 1 1 1 0 0 329 1 11 11 7
3 21 0 1 0 0 0 3000 3 3 3 11
3 22 0 1 0 0 0 3000 3 3 3 3
3 23 0 1 0 0 0 3000 3 7 7 3
3 24 1 1 1 0 0 440 1 3 3 7
3 25 0 1 0 0 0 3000 2 15 15 3
