1 1 0 1 0 0 0 3000 1 5 5 0
1 2 0 1 0 0 0 3000 1 10 10 5
1 3 1 1 1 0 0 445 1 5 5 10
1 4 1 0 0 1 0 3000 1 10 10 5
1 5 0 1 0 0 0 3000 2 15 15 10
1 6 0 1 0 0 0 3000 3 4 4 15
1 7 0 1 0 0 0 3000 3 6 6 4
1 8 0 1 0 0 0 3000 2 10 10 6
1 9 1 1 1 0 0 501 1 6 6 10
1 10 0 1 0 0 0 3000 3 4 4 6
1 11 1 0 0 1 0 3000 1 6 6 4
1 12 0 1 0 0 0 3000 3 9 9 6
1 13 1 0 0 1 0 3000 1 6 6 9
1 14 0 1 0 0 0 3000 3 7 7 6
1 15 0 0 0 0 1 624 3 15 15 7
1 16 1 0 0 1 0 3000 1 7 7 15
1 17 1 0 0 1 0 3000 1 15 15 7
1 18 0 1 0 0 0 3000 3 5 5 15
1 19 1 1 1 0 0 318 1 15 15 5
1 20 0 1 0 0 0 3000 2 13 13 15
1 21 0 1 0 0 0 3000 3 14 14 13
1 22 1 1 1 0 0 325 1 13 13 14
1 23 1 1 1 0 0 810 1 14 14 13
1 24 0 1 0 0 0 3000 3 2 2 14
1 25 0 1 0 0 0 3000 3 5 5 2
2 1 0 1 0 0 0 3000 2 12 12 5
2 2 0 1 0 0 0 3000 3 6 6 12
2 3 1 1 1 0 0 367 1 12 12 6
2 4 0 1 0 0 0 3000 2 7 7 12
2 5 0 0 0 0 1 689 2 7 7 7
2 6 0 1 0 0 0 3000 2 3 3 7
2 7 1 1 1 0 0 355 1 7 7 3
2 8 0 1 0 0 0 3000 2 4 4 7
2 9 0 1 0 0 0 3000 2 10 10 4
2 10 0 1 0 0 0 3000 2 12 12 10
2 11 1 0 0 1 0 3000 1 10 10 12
2 12 1 1 1 0 0 657 1 12 12 10
2 13 0 1 0 0 0 3000 3 8 8 12
2 14 0 1 0 0 0 3000 3 11 11 8
2 15 0 1 0 0 0 3000 2 15 15 11
2 16 0 1 0 0 0 3000 2 6 6 15
2 17 0 1 0 0 0 3000 3 5 5 6
2 18 0 0 0 0 1 713 2 8 8 5
2 19 0 1 0 0 0 3000 3 12 12 8
2 20 0 1 0 0 0 3000 2 7 7 12
2 21 0 1 0 0 0 3000 2 3 3 7
2 22 0 1 0 0 0 3000 3 14 14 3
2 23 0 1 0 0 0 3000 3 13 13 14
2 24 0 1 0 0 0 3000 3 2 2 13
2 25 1 1 1 0 0 662 1 13 13 2
3 1 0 1 0 0 0 3000 1 5 5 13
3 2 0 1 0 0 0 3000 1 6 6 5
3 3 0 1 0 0 0 3000 2 13 13 6
3 4 0 1 0 0 0 3000 2 2 2 13
3 5 0 1 0 0 0 3000 2 4 4 2
3 6 0 1 0 0 0 3000 2 11 11 4
3 7 0 1 0 0 0 3000 2 3 3 11
3 8 1 1 1 0 0 391 1 11 11 3
3 9 1 1 1 0 0 642 1 3 3 11
3 10 0 1 0 0 0 3000 3 14 14 3
3 11 0 1 0 0 0 3000 3 7 7 14
3 12 1 1 1 0 0 541 1 14 14 7
3 13 1 0 0 1 0 3000 1 7 7 14
3 14 0 0 0 0 1 710 3 11 11 7
3 15 1 1 1 0 0 1003 1 7 7 11
3 16 1 1 1 0 0 437 1 11 11 7
3 17 1 1 1 0 0 859 1 7 7 11
3 18 1 1 1 0 0 711 1 11 11 7
3 19 0 1 0 0 0 3000 3 8 8 11
3 20 1 1 1 0 0 650 1 11 11 8
3 21 0 1 0 0 0 3000 2 10 10 11
3 22 0 0 0 0 1 604 2 10 10 10
3 23 1 1 1 0 0 465 1 10 10 10
3 24 0 1 0 0 0 3000 3 6 6 10
3 25 1 1 1 0 0 413 1 10 10 6
