1 1 0 1 0 0 0 3000 3 15 15 0
1 2 0 1 0 0 0 3000 1 4 4 15
1 3 1 1 1 0 0 510 1 15 15 4
1 4 0 1 0 0 0 3000 2 2 2 15
1 5 1 1 1 0 0 519 1 15 15 2
1 6 0 1 0 0 0 3000 2 1 1 15
1 7 1 1 1 0 0 633 1 15 15 1
1 8 0 1 0 0 0 3000 2 10 10 15
1 9 0 1 0 0 0 3000 2 13 13 10
1 10 1 1 1 0 0 434 1 10 10 13
1 11 1 1 1 0 0 1049 1 13 13 10
1 12 0 1 0 0 0 3000 3 11 11 13
1 13 1 1 1 0 0 567 1 13 13 11
1 14 0 0 0 0 1 539 2 13 13 13
1 15 1 0 0 1 0 3000 1 13 13 13
1 16 0 1 0 0 0 3000 2 9 9 13
1 17 0 1 0 0 0 3000 3 6 6 9
1 18 0 0 0 0 1 645 2 6 6 6
1 19 0 1 0 0 0 3000 2 7 7 6
1 20 0 1 0 0 0 3000 3 5 5 7
1 21 1 1 1 0 0 408 1 7 7 5
1 22 0 1 0 0 0 3000 3 2 2 7
1 23 0 1 0 0 0 3000 3 8 8 2
1 24 0 1 0 0 0 3000 2 14 14 8
1 25 0 1 0 0 0 3000 3 1 1 14
2 1 0 1 0 0 0 3000 2 3 3 1
2 2 0 1 0 0 0 3000 2 6 6 3
2 3 0 1 0 0 0 3000 2 9 9 6
2 4 0 1 0 0 0 3000 3 3 3 9
2 5 0 1 0 0 0 3000 2 7 7 3
2 6 0 1 0 0 0 3000 3 12 12 7
2 7 1 1 1 0 0 404 1 7 7 12
2 8 1 0 0 1 0 3000 1 12 12 7
2 9 0 1 0 0 0 3000 2 12 12 12
2 10 0 0 0 0 1 783 2 7 7 12
2 11 0 1 0 0 0 3000 2 2 2 7
2 12 0 1 0 0 0 3000 2 10 10 2
2 13 0 1 0 0 0 3000 2 6 6 10
2 14 1 1 1 0 0 391 1 10 10 6
2 15 0 1 0 0 0 3000 3 14 14 10
2 16 0 1 0 0 0 3000 3 1 1 14
2 17 0 1 0 0 0 3000 3 1 1 1
2 18 0 1 0 0 0 3000 3 13 13 1
2 19 0 1 0 0 0 3000 3 13 13 13
2 20 0 1 0 0 0 3000 3 12 12 13
2 21 1 1 1 0 0 410 1 13 13 12
2 22 0 1 0 0 0 3000 3 7 7 13
2 23 1 0 0 1 0 3000 1 13 13 7
2 24 0 1 0 0 0 3000 3 1 1 13
2 25 1 1 1 0 0 505 1 13 13 1
3 1 0 1 0 0 0 3000 1 3 3 13
3 2 0 1 0 0 0 3000 3 1 1 3
3 3 1 1 1 0 0 341 1 3 3 1
3 4 1 0 0 1 0 3000 1 1 1 3
3 5 0 1 0 0 0 3000 3 9 9 1
3 6 0 1 0 0 0 3000 2 14 14 9
3 7 0 1 0 0 0 3000 2 3 3 14
3 8 0 1 0 0 0 3000 3 9 9 3
3 9 1 1 1 0 0 329 1 3 3 9
3 10 1 0 0 1 0 3000 1 9 9 3
3 11 0 1 0 0 0 3000 2 9 9 9
3 12 0 1 0 0 0 3000 3 8 8 9
3 13 0 1 0 0 0 3000 2 4 4 8
3 14 0 1 0 0 0 3000 3 1 1 4
3 15 0 1 0 0 0 3000 3 11 11 1
3 16 0 1 0 0 0 3000 3 15 15 11
3 17 0 1 0 0 0 3000 2 5 5 15
3 18 0 1 0 0 0 3000 2 3 3 5
3 19 0 1 0 0 0 3000 3 3 3 3
3 20 0 1 0 0 0 3000 3 12 12 3
3 21 0 1 0 0 0 3000 2 6 6 12
3 22 0 1 0 0 0 3000 2 4 4 6
3 23 1 1 1 0 0 353 1 6 6 4
3 24 0 1 0 0 0 3000 3 15 15 6
3 25 0 1 0 0 0 3000 3 3 3 15
