1 1 0 1 0 0 0 3000 2 12 12 0
1 2 0 1 0 0 0 3000 3 1 1 12
1 3 1 1 1 0 0 765 1 12 12 1
1 4 0 1 0 0 0 3000 2 5 5 12
1 5 0 0 0 0 1 512 2 1 1 5
1 6 1 0 0 1 0 3000 1 5 5 1
1 7 0 1 0 0 0 3000 2 7 7 5
1 8 1 0 0 1 0 3000 1 5 5 7
1 9 1 1 1 0 0 715 1 7 7 5
1 10 0 1 0 0 0 3000 3 3 3 7
1 11 0 1 0 0 0 3000 2 9 9 3
1 12 1 1 1 0 0 765 1 3 3 9
1 13 0 1 0 0 0 3000 3 4 4 3
1 14 0 1 0 0 0 3000 3 10 10 4
1 15 0 1 0 0 0 3000 3 12 12 10
1 16 1 1 1 0 0 506 1 10 10 12
1 17 0 1 0 0 0 3000 3 6 6 10
1 18 0 1 0 0 0 3000 2 2 2 6
1 19 0 1 0 0 0 3000 3 13 13 2
1 20 0 1 0 0 0 3000 2 14 14 13
1 21 0 1 0 0 0 3000 3 9 9 14
1 22 0 1 0 0 0 3000 3 3 3 9
1 23 0 1 0 0 0 3000 2 8 8 3
1 24 1 1 1 0 0 497 1 3 3 8
1 25 0 1 0 0 0 3000 3 15 15 3
2 1 0 1 0 0 0 3000 1 5 5 15
2 2 0 1 0 0 0 3000 1 3 3 5
2 3 0 1 0 0 0 3000 3 15 15 3
2 4 0 1 0 0 0 3000 3 12 12 15
2 5 0 1 0 0 0 3000 2 6 6 12
2 6 1 1 1 0 0 435 1 12 12 6
2 7 0 1 0 0 0 3000 3 5 5 12
2 8 1 0 0 1 0 3000 1 12 12 5
2 9 0 1 0 0 0 3000 3 13 13 12
2 10 0 1 0 0 0 3000 3 9 9 13
2 11 1 1 1 0 0 603 1 13 13 9
2 12 0 1 0 0 0 3000 3 10 10 13
2 13 1 0 0 1 0 3000 1 13 13 10
2 14 1 1 1 0 0 365 1 10 10 13
2 15 0 1 0 0 0 3000 2 5 5 10
2 16 1 0 0 1 0 3000 1 10 10 5
2 17 1 1 1 0 0 669 1 5 5 10
2 18 1 0 0 1 0 3000 1 10 10 5
2 19 0 1 0 0 0 3000 3 12 12 10
2 20 0 1 0 0 0 3000 2 7 7 12
2 21 0 1 0 0 0 3000 2 13 13 7
2 22 1 1 1 0 0 371 1 7 7 13
2 23 1 0 0 1 0 3000 1 13 13 7
2 24 0 1 0 0 0 3000 3 2 2 13
2 25 0 1 0 0 0 3000 2 12 12 2
3 1 0 1 0 0 0 3000 2 15 15 12
3 2 0 1 0 0 0 3000 2 14 14 15
3 3 1 1 1 0 0 441 1 15 15 14
3 4 0 1 0 0 0 3000 3 11 11 15
3 5 0 1 0 0 0 3000 3 11 11 11
3 6 1 1 1 0 0 474 1 11 11 11
3 7 1 0 0 1 0 3000 1 11 11 11
3 8 1 0 0 1 0 3000 1 11 11 11
3 9 0 1 0 0 0 3000 2 7 7 11
3 10 1 1 1 0 0 389 1 11 11 7
3 11 0 1 0 0 0 3000 2 12 12 11
3 12 0 1 0 0 0 3000 2 4 4 12
3 13 1 1 1 0 0 517 1 12 12 4
3 14 1 0 0 1 0 3000 1 4 4 12
3 15 0 1 0 0 0 3000 3 15 15 4
3 16 0 1 0 0 0 3000 3 10 10 15
3 17 0 1 0 0 0 3000 2 1 1 10
3 18 1 1 1 0 0 331 1 10 10 1
3 19 1 0 0 1 0 3000 1 1 1 10
3 20 1 0 0 1 0 3000 1 10 10 1
3 21 0 1 0 0 0 3000 2 3 3 10
3 22 0 1 0 0 0 3000 2 3 3 3
3 23 1 1 1 0 0 460 1 3 3 3
3 24 0 1 0 0 0 3000 2 10 10 3
3 25 0 1 0 0 0 3000 2 15 15 10
