1 1 0 1 0 0 0 3000 1 7 7 0
1 2 0 1 0 0 0 3000 2 5 5 7
1 3 0 1 0 0 0 3000 3 2 2 5
1 4 0 1 0 0 0 3000 2 7 7 2
1 5 0 1 0 0 0 3000 2 10 10 7
1 6 0 0 0 0 1 2157 2 2 2 10
1 7 0 1 0 0 0 3000 3 6 6 2
1 8 0 1 0 0 0 3000 3 11 11 6
1 9 1 1 1 0 0 715 1 6 6 11
1 10 1 1 1 0 0 743 1 11 11 6
1 11 1 1 1 0 0 680 1 6 6 11
1 12 0 1 0 0 0 3000 2 10 10 6
1 13 1 1 1 0 0 471 1 6 6 10
1 14 0 1 0 0 0 3000 2 15 15 6
1 15 0 1 0 0 0 3000 3 10 10 15
1 16 1 1 1 0 0 649 1 15 15 10
1 17 1 1 1 0 0 534 1 10 10 15
1 18 0 1 0 0 0 3000 2 3 3 10
1 19 0 1 0 0 0 3000 3 15 15 3
1 20 1 1 1 0 0 427 1 3 3 15
1 21 0 1 0 0 0 3000 3 6 6 3
1 22 0 0 0 0 1 500 3 6 6 6
1 23 0 0 0 0 1 702 3 3 3 6
1 24 0 1 0 0 0 3000 2 9 9 3
1 25 0 1 0 0 0 3000 2 12 12 9
2 1 0 1 0 0 0 3000 1 13 13 12
2 2 0 1 0 0 0 3000 2 4 4 13
2 3 1 1 1 0 0 550 1 13 13 4
2 4 0 1 0 0 0 3000 2 9 9 13
2 5 0 1 0 0 0 3000 3 15 15 9
2 6 0 1 0 0 0 3000 2 2 2 15
2 7 0 1 0 0 0 3000 3 6 6 2
2 8 0 1 0 0 0 3000 3 15 15 6
2 9 1 1 1 0 0 322 1 6 6 15
2 10 0 1 0 0 0 3000 3 4 4 6
2 11 0 1 0 0 0 3000 2 13 13 4
2 12 0 1 0 0 0 3000 3 13 13 13
2 13 0 1 0 0 0 3000 2 2 2 13
2 14 1 1 1 0 0 717 1 13 13 2
2 15 0 1 0 0 0 3000 2 6 6 13
2 16 0 1 0 0 0 3000 2 2 2 6
2 17 0 1 0 0 0 3000 3 13 13 2
2 18 0 1 0 0 0 3000 3 11 11 13
2 19 1 1 1 0 0 480 1 13 13 11
2 20 0 1 0 0 0 3000 2 3 3 13
2 21 1 1 1 0 0 443 1 13 13 3
2 22 0 1 0 0 0 3000 2 11 11 13
2 23 1 0 0 1 0 3000 1 13 13 11
2 24 0 1 0 0 0 3000 2 4 4 13
2 25 0 1 0 0 0 3000 3 11 11 4
3 1 0 1 0 0 0 3000 3 11 11 11
3 2 0 1 0 0 0 3000 1 12 12 11
3 3 1 0 0 1 0 3000 1 11 11 12
3 4 0 1 0 0 0 3000 2 2 2 11
3 5 0 1 0 0 0 3000 3 5 5 2
3 6 0 1 0 0 0 3000 3 14 14 5
3 7 0 1 0 0 0 3000 3 14 14 14
3 8 1 1 1 0 0 482 1 14 14 14
3 9 0 1 0 0 0 3000 3 2 2 14
3 10 0 1 0 0 0 3000 3 1 1 2
3 11 0 1 0 0 0 3000 3 9 9 1
3 12 1 1 1 0 0 401 1 1 1 9
3 13 1 1 1 0 0 709 1 9 9 1
3 14 0 1 0 0 0 3000 3 12 12 9
3 15 1 1 1 0 0 302 1 9 9 12
3 16 1 1 1 0 0 1207 1 12 12 9
3 17 0 1 0 0 0 3000 3 7 7 12
3 18 0 1 0 0 0 3000 3 10 10 7
3 19 0 1 0 0 0 3000 2 14 14 10
3 20 1 1 1 0 0 357 1 10 10 14
3 21 0 1 0 0 0 3000 2 4 4 10
3 22 1 1 1 0 0 501 1 10 10 4
3 23 0 1 0 0 0 3000 2 15 15 10
3 24 0 1 0 0 0 3000 2 4 4 15
3 25 1 1 1 0 0 586 1 15 15 4
