1 1 0 1 0 0 0 3000 2 14 14 0
1 2 0 1 0 0 0 3000 2 7 7 14
1 3 0 1 0 0 0 3000 3 13 13 7
1 4 1 0 0 1 0 3000 1 7 7 13
1 5 0 1 0 0 0 3000 2 5 5 7
1 6 0 1 0 0 0 3000 2 15 15 5
1 7 1 0 0 1 0 3000 1 5 5 15
1 8 1 0 0 1 0 3000 1 15 15 5
1 9 0 1 0 0 0 3000 3 2 2 15
1 10 0 1 0 0 0 3000 2 6 6 2
1 11 0 1 0 0 0 3000 2 12 12 6
1 12 0 1 0 0 0 3000 3 13 13 12
1 13 0 1 0 0 0 3000 3 14 14 13
1 14 1 0 0 1 0 3000 1 13 13 14
1 15 1 0 0 1 0 3000 1 14 14 13
1 16 0 1 0 0 0 3000 2 6 6 14
1 17 1 0 0 1 0 3000 1 14 14 6
1 18 0 1 0 0 0 3000 3 9 9 14
1 19 0 1 0 0 0 3000 3 12 12 9
1 20 0 1 0 0 0 3000 3 13 13 12
1 21 0 0 0 0 1 870 3 10 10 13
1 22 0 1 0 0 0 3000 2 5 5 10
1 23 0 1 0 0 0 3000 3 5 5 5
1 24 0 1 0 0 0 3000 2 9 9 5
1 25 0 1 0 0 0 3000 3 2 2 9
2 1 0 1 0 0 0 3000 3 13 13 2
2 2 0 1 0 0 0 3000 3 3 3 13
2 3 1 0 0 1 0 3000 1 13 13 3
2 4 0 1 0 0 0 3000 3 8 8 13
2 5 1 0 0 1 0 3000 1 13 13 8
2 6 0 1 0 0 0 3000 2 14 14 13
2 7 0 1 0 0 0 3000 2 3 3 14
2 8 0 1 0 0 0 3000 2 12 12 3
2 9 0 1 0 0 0 3000 2 4 4 12
2 10 0 1 0 0 0 3000 3 11 11 4
2 11 1 0 0 1 0 3000 1 4 4 11
2 12 0 1 0 0 0 3000 3 12 12 4
2 13 1 0 0 1 0 3000 1 4 4 12
2 14 0 1 0 0 0 3000 2 2 2 4
2 15 1 0 0 1 0 3000 1 4 4 2
2 16 1 0 0 1 0 3000 1 2 2 4
2 17 0 0 0 0 1 995 2 10 10 2
2 18 0 1 0 0 0 3000 2 15 15 10
2 19 1 1 1 0 0 903 1 10 10 15
2 20 0 1 0 0 0 3000 2 10 10 10
2 21 0 1 0 0 0 3000 3 8 8 10
2 22 1 1 1 0 0 813 1 10 10 8
2 23 0 1 0 0 0 3000 2 15 15 10
2 24 0 1 0 0 0 3000 3 7 7 15
2 25 1 0 0 1 0 3000 1 15 15 7
3 1 0 1 0 0 0 3000 1 8 8 15
3 2 0 1 0 0 0 3000 1 2 2 8
3 3 0 1 0 0 0 3000 3 6 6 2
3 4 0 1 0 0 0 3000 2 15 15 6
3 5 0 1 0 0 0 3000 3 8 8 15
3 6 0 1 0 0 0 3000 2 2 2 8
3 7 1 0 0 1 0 3000 1 8 8 2
3 8 0 1 0 0 0 3000 2 5 5 8
3 9 0 1 0 0 0 3000 2 2 2 5
3 10 1 0 0 1 0 3000 1 5 5 2
3 11 1 0 0 1 0 3000 1 2 2 5
3 12 0 1 0 0 0 3000 3 15 15 2
3 13 0 1 0 0 0 3000 3 3 3 15
3 14 1 0 0 1 0 3000 1 15 15 3
3 15 1 0 0 1 0 3000 1 3 3 15
3 16 0 1 0 0 0 3000 2 3 3 3
3 17 1 0 0 1 0 3000 1 3 3 3
3 18 0 1 0 0 0 3000 3 1 1 3
3 19 0 1 0 0 0 3000 3 2 2 1
3 20 0 1 0 0 0 3000 2 9 9 2
3 21 0 1 0 0 0 3000 3 8 8 9
3 22 0 1 0 0 0 3000 2 7 7 8
3 23 0 1 0 0 0 3000 3 5 5 7
3 24 1 0 0 1 0 3000 1 7 7 5
3 25 0 1 0 0 0 3000 3 15 15 7
