1 1 0 1 0 0 0 3000 1 5 5 0
1 2 0 1 0 0 0 3000 2 1 1 5
1 3 0 1 0 0 0 3000 3 11 11 1
1 4 0 1 0 0 0 3000 2 7 7 11
1 5 1 1 1 0 0 698 1 11 11 7
1 6 0 1 0 0 0 3000 3 3 3 11
1 7 0 1 0 0 0 3000 2 10 10 3
1 8 0 1 0 0 0 3000 3 7 7 10
1 9 0 1 0 0 0 3000 2 5 5 7
1 10 0 1 0 0 0 3000 2 10 10 5
1 11 0 1 0 0 0 3000 3 11 11 10
1 12 0 1 0 0 0 3000 3 11 11 11
1 13 0 1 0 0 0 3000 2 8 8 11
1 14 0 1 0 0 0 3000 2 14 14 8
1 15 0 1 0 0 0 3000 2 10 10 14
1 16 1 1 1 0 0 420 1 14 14 10
1 17 1 1 1 0 0 1503 1 10 10 14
1 18 1 0 0 1 0 3000 1 14 14 10
1 19 0 1 0 0 0 3000 2 11 11 14
1 20 0 1 0 0 0 3000 2 12 12 11
1 21 1 1 1 0 0 469 1 11 11 12
1 22 1 1 1 0 0 669 1 12 12 11
1 23 0 1 0 0 0 3000 3 10 10 12
1 24 1 0 0 1 0 3000 1 12 12 10
1 25 0 1 0 0 0 3000 2 13 13 12
2 1 0 1 0 0 0 3000 2 14 14 13
2 2 0 1 0 0 0 3000 1 15 15 14
2 3 0 1 0 0 0 3000 3 5 5 15
2 4 0 1 0 0 0 3000 3 4 4 5
2 5 0 1 0 0 0 3000 3 12 12 4
2 6 1 1 1 0 0 384 1 4 4 12
2 7 0 1 0 0 0 3000 3 1 1 4
2 8 1 1 1 0 0 748 1 4 4 1
2 9 1 1 1 0 0 693 1 1 1 4
2 10 0 1 0 0 0 3000 2 13 13 1
2 11 1 1 1 0 0 541 1 1 1 13
2 12 0 1 0 0 0 3000 2 7 7 1
2 13 0 1 0 0 0 3000 3 15 15 7
2 14 0 1 0 0 0 3000 2 4 4 15
2 15 0 1 0 0 0 3000 3 9 9 4
2 16 0 1 0 0 0 3000 3 2 2 9
2 17 1 1 1 0 0 422 1 9 9 2
2 18 1 1 1 0 0 428 1 2 2 9
2 19 0 1 0 0 0 3000 2 5 5 2
2 20 0 1 0 0 0 3000 2 3 3 5
2 21 0 1 0 0 0 3000 2 1 1 3
2 22 1 0 0 1 0 3000 1 3 3 1
2 23 0 0 0 0 1 789 2 3 3 3
2 24 0 1 0 0 0 3000 3 9 9 3
2 25 1 1 1 0 0 1011 1 3 3 9
3 1 0 1 0 0 0 3000 1 4 4 3
3 2 0 1 0 0 0 3000 3 2 2 4
3 3 0 1 0 0 0 3000 3 6 6 2
3 4 1 0 0 1 0 3000 1 2 2 6
3 5 1 1 1 0 0 1577 1 6 6 2
3 6 1 0 0 1 0 3000 1 2 2 6
3 7 1 0 0 1 0 3000 1 6 6 2
3 8 0 1 0 0 0 3000 2 1 1 6
3 9 1 1 1 0 0 343 1 6 6 1
3 10 0 1 0 0 0 3000 3 14 14 6
3 11 0 1 0 0 0 3000 2 1 1 14
3 12 0 1 0 0 0 3000 2 8 8 1
3 13 1 1 1 0 0 291 1 1 1 8
3 14 1 1 1 0 0 746 1 8 8 1
3 15 0 1 0 0 0 3000 2 13 13 8
3 16 0 1 0 0 0 3000 3 14 14 13
3 17 1 1 1 0 0 426 1 13 13 14
3 18 0 1 0 0 0 3000 2 6 6 13
3 19 1 1 1 0 0 1003 1 13 13 6
3 20 1 1 1 0 0 988 1 6 6 13
3 21 1 1 1 0 0 871 1 13 13 6
3 22 0 1 0 0 0 3000 2 10 10 13
3 23 1 1 1 0 0 445 1 13 13 10
3 24 0 1 0 0 0 3000 3 15 15 13
3 25 0 1 0 0 0 3000 3 6 6 15
