1 1 0 1 0 0 0 3000 1 3 3 0
1 2 0 1 0 0 0 3000 2 13 13 3
1 3 1 1 1 0 0 1656 1 3 3 13
1 4 0 1 0 0 0 3000 2 8 8 3
1 5 0 1 0 0 0 3000 2 6 6 8
1 6 1 1 1 0 0 1930 1 8 8 6
1 7 0 1 0 0 0 3000 2 13 13 8
1 8 0 1 0 0 0 3000 2 12 12 13
1 9 0 1 0 0 0 3000 2 2 2 12
1 10 0 1 0 0 0 3000 3 1 1 2
1 11 0 1 0 0 0 3000 3 15 15 1
1 12 1 1 1 0 0 468 1 1 1 15
1 13 0 1 0 0 0 3000 2 9 9 1
1 14 0 1 0 0 0 3000 3 10 10 9
1 15 0 1 0 0 0 3000 2 15 15 10
1 16 0 1 0 0 0 3000 3 15 15 15
1 17 1 0 0 1 0 3000 1 15 15 15
1 18 0 1 0 0 0 3000 2 8 8 15
1 19 0 1 0 0 0 3000 3 8 8 8
1 20 0 1 0 0 0 3000 2 12 12 8
1 21 0 1 0 0 0 3000 3 12 12 12
1 22 0 1 0 0 0 3000 2 2 2 12
1 23 1 0 0 1 0 3000 1 12 12 2
1 24 0 0 0 0 1 638 2 5 5 12
1 25 1 0 0 1 0 3000 1 12 12 5
2 1 0 1 0 0 0 3000 3 3 3 12
2 2 0 1 0 0 0 3000 3 8 8 3
2 3 1 1 1 0 0 434 1 3 3 8
2 4 0 1 0 0 0 3000 3 11 11 3
2 5 1 0 0 1 0 3000 1 3 3 11
2 6 0 1 0 0 0 3000 2 1 1 3
2 7 1 0 0 1 0 3000 1 3 3 1
2 8 0 1 0 0 0 3000 3 11 11 3
2 9 0 1 0 0 0 3000 3 1 1 11
2 10 0 1 0 0 0 3000 2 4 4 1
2 11 1 0 0 1 0 3000 1 1 1 4
2 12 1 1 1 0 0 443 1 4 4 1
2 13 0 1 0 0 0 3000 2 15 15 4
2 14 0 1 0 0 0 3000 2 2 2 15
2 15 1 1 1 0 0 401 1 15 15 2
2 16 0 1 0 0 0 3000 2 10 10 15
2 17 1 0 0 1 0 3000 1 15 15 10
2 18 0 1 0 0 0 3000 2 3 3 15
2 19 1 0 0 1 0 3000 1 15 15 3
2 20 1 0 0 1 0 3000 1 3 3 15
2 21 0 1 0 0 0 3000 3 2 2 3
2 22 1 0 0 1 0 3000 1 3 3 2
2 23 1 0 0 1 0 3000 1 2 2 3
2 24 1 1 1 0 0 413 1 3 3 2
2 25 0 1 0 0 0 3000 3 10 10 3
3 1 0 1 0 0 0 3000 3 5 5 10
3 2 0 1 0 0 0 3000 1 6 6 5
3 3 1 1 1 0 0 867 1 5 5 6
3 4 0 1 0 0 0 3000 2 9 9 5
3 5 1 0 0 1 0 3000 1 5 5 9
3 6 0 1 0 0 0 3000 2 7 7 5
3 7 1 0 0 1 0 3000 1 5 5 7
3 8 0 1 0 0 0 3000 2 10 10 5
3 9 1 1 1 0 0 577 1 5 5 10
3 10 0 1 0 0 0 3000 2 6 6 5
3 11 1 0 0 1 0 3000 1 5 5 6
3 12 1 1 1 0 0 403 1 6 6 5
3 13 1 0 0 1 0 3000 1 5 5 6
3 14 1 0 0 1 0 3000 1 6 6 5
3 15 0 1 0 0 0 3000 3 11 11 6
3 16 1 0 0 1 0 3000 1 6 6 11
3 17 1 0 0 1 0 3000 1 11 11 6
3 18 1 1 1 0 0 1325 1 6 6 11
3 19 0 1 0 0 0 3000 3 8 8 6
3 20 1 0 0 1 0 3000 1 6 6 8
3 21 1 1 1 0 0 376 1 8 8 6
3 22 0 1 0 0 0 3000 2 7 7 8
3 23 1 0 0 1 0 3000 1 8 8 7
3 24 0 1 0 0 0 3000 2 11 11 8
3 25 1 0 0 1 0 3000 1 8 8 11
