1 1 0 1 0 0 0 3000 3 8 8 0
1 2 0 1 0 0 0 3000 1 8 8 8
1 3 0 1 0 0 0 3000 2 4 4 8
1 4 0 1 0 0 0 3000 2 9 9 4
1 5 0 1 0 0 0 3000 2 14 14 9
1 6 1 1 1 0 0 1034 1 9 9 14
1 7 0 1 0 0 0 3000 2 15 15 9
1 8 0 1 0 0 0 3000 3 14 14 15
1 9 0 1 0 0 0 3000 3 4 4 14
1 10 0 1 0 0 0 3000 3 9 9 4
1 11 0 1 0 0 0 3000 3 1 1 9
1 12 0 1 0 0 0 3000 2 10 10 1
1 13 0 0 0 0 1 646 2 14 14 10
1 14 1 0 0 1 0 3000 1 10 10 14
1 15 0 1 0 0 0 3000 3 11 11 10
1 16 0 1 0 0 0 3000 2 5 5 11
1 17 0 1 0 0 0 3000 2 15 15 5
1 18 1 1 1 0 0 1954 1 5 5 15
1 19 0 1 0 0 0 3000 3 8 8 5
1 20 0 1 0 0 0 3000 2 12 12 8
1 21 0 1 0 0 0 3000 3 6 6 12
1 22 1 1 1 0 0 2986 1 12 12 6
1 23 0 1 0 0 0 3000 3 1 1 12
1 24 0 1 0 0 0 3000 3 11 11 1
1 25 0 1 0 0 0 3000 3 2 2 11
2 1 0 1 0 0 0 3000 2 9 9 2
2 2 0 1 0 0 0 3000 1 6 6 9
2 3 0 1 0 0 0 3000 2 11 11 6
2 4 0 1 0 0 0 3000 2 8 8 11
2 5 1 1 1 0 0 447 1 11 11 8
2 6 1 1 1 0 0 602 1 8 8 11
2 7 0 1 0 0 0 3000 3 14 14 8
2 8 1 1 1 0 0 439 1 8 8 14
2 9 0 1 0 0 0 3000 3 15 15 8
2 10 0 1 0 0 0 3000 2 7 7 15
2 11 1 1 1 0 0 432 1 15 15 7
2 12 0 1 0 0 0 3000 3 4 4 15
2 13 0 1 0 0 0 3000 3 13 13 4
2 14 0 1 0 0 0 3000 3 2 2 13
2 15 0 1 0 0 0 3000 3 15 15 2
2 16 0 1 0 0 0 3000 3 3 3 15
2 17 0 1 0 0 0 3000 2 6 6 3
2 18 1 1 1 0 0 502 1 3 3 6
2 19 0 1 0 0 0 3000 2 15 15 3
2 20 0 1 0 0 0 3000 3 10 10 15
2 21 0 1 0 0 0 3000 3 7 7 10
2 22 0 1 0 0 0 3000 2 8 8 7
2 23 1 1 1 0 0 468 1 7 7 8
2 24 0 1 0 0 0 3000 3 13 13 7
2 25 0 1 0 0 0 3000 2 1 1 13
3 1 0 1 0 0 0 3000 3 12 12 1
3 2 0 1 0 0 0 3000 1 11 11 12
3 3 1 1 1 0 0 400 1 12 12 11
3 4 0 1 0 0 0 3000 2 9 9 12
3 5 1 1 1 0 0 475 1 12 12 9
3 6 1 1 1 0 0 509 1 9 9 12
3 7 0 1 0 0 0 3000 2 9 9 9
3 8 0 1 0 0 0 3000 2 2 2 9
3 9 0 1 0 0 0 3000 3 3 3 2
3 10 0 1 0 0 0 3000 2 12 12 3
3 11 0 1 0 0 0 3000 3 7 7 12
3 12 0 1 0 0 0 3000 3 11 11 7
3 13 1 1 1 0 0 530 1 7 7 11
3 14 1 1 1 0 0 566 1 11 11 7
3 15 0 1 0 0 0 3000 2 11 11 11
3 16 0 1 0 0 0 3000 2 6 6 11
3 17 0 1 0 0 0 3000 2 8 8 6
3 18 0 1 0 0 0 3000 3 2 2 8
3 19 0 1 0 0 0 3000 2 1 1 2
3 20 1 1 1 0 0 420 1 2 2 1
3 21 0 1 0 0 0 3000 3 12 12 2
3 22 0 1 0 0 0 3000 3 13 13 12
3 23 0 1 0 0 0 3000 2 10 10 13
3 24 1 0 0 1 0 3000 1 13 13 10
3 25 1 1 1 0 0 684 1 10 10 13
