1 1 0 0 0 0 1 2619 1 2 2 0
1 2 0 1 0 0 0 3000 1 3 3 2
1 3 0 1 0 0 0 3000 2 15 15 3
1 4 1 1 1 0 0 504 1 3 3 15
1 5 0 1 0 0 0 3000 3 11 11 3
1 6 0 1 0 0 0 3000 2 10 10 11
1 7 0 1 0 0 0 3000 2 14 14 10
1 8 0 1 0 0 0 3000 2 12 12 14
1 9 0 1 0 0 0 3000 2 13 13 12
1 10 0 1 0 0 0 3000 2 1 1 13
1 11 0 1 0 0 0 3000 3 4 4 1
1 12 0 1 0 0 0 3000 3 9 9 4
1 13 0 0 0 0 1 672 2 9 9 9
1 14 0 1 0 0 0 3000 2 8 8 9
1 15 0 1 0 0 0 3000 3 11 11 8
1 16 0 1 0 0 0 3000 3 14 14 11
1 17 1 1 1 0 0 528 1 11 11 14
1 18 1 1 1 0 0 552 1 14 14 11
1 19 0 1 0 0 0 3000 2 10 10 14
1 20 0 1 0 0 0 3000 2 9 9 10
1 21 1 0 0 1 0 3000 1 10 10 9
1 22 0 1 0 0 0 3000 3 12 12 10
1 23 0 1 0 0 0 3000 2 2 2 12
1 24 0 1 0 0 0 3000 3 8 8 2
1 25 0 1 0 0 0 3000 2 5 5 8
2 1 0 1 0 0 0 3000 1 10 10 5
2 2 0 1 0 0 0 3000 3 13 13 10
2 3 0 1 0 0 0 3000 2 6 6 13
2 4 0 1 0 0 0 3000 3 10 10 6
2 5 0 1 0 0 0 3000 3 9 9 10
2 6 0 0 0 0 1 569 3 13 13 9
2 7 0 1 0 0 0 3000 3 11 11 13
2 8 0 1 0 0 0 3000 2 1 1 11
2 9 0 1 0 0 0 3000 2 7 7 1
2 10 1 1 1 0 0 365 1 1 1 7
2 11 0 1 0 0 0 3000 3 14 14 1
2 12 0 1 0 0 0 3000 2 7 7 14
2 13 0 1 0 0 0 3000 3 5 5 7
2 14 0 1 0 0 0 3000 3 4 4 5
2 15 1 1 1 0 0 1198 1 5 5 4
2 16 0 1 0 0 0 3000 3 1 1 5
2 17 1 0 0 1 0 3000 1 5 5 1
2 18 1 0 0 1 0 3000 1 1 1 5
2 19 1 1 1 0 0 623 1 5 5 1
2 20 1 1 1 0 0 491 1 1 1 5
2 21 0 1 0 0 0 3000 3 6 6 1
2 22 0 0 0 0 1 636 2 7 7 6
2 23 1 1 1 0 0 608 1 6 6 7
2 24 0 1 0 0 0 3000 3 10 10 6
2 25 0 1 0 0 0 3000 2 4 4 10
3 1 0 1 0 0 0 3000 2 5 5 4
3 2 0 1 0 0 0 3000 1 10 10 5
3 3 0 1 0 0 0 3000 2 13 13 10
3 4 0 1 0 0 0 3000 2 15 15 13
3 5 0 1 0 0 0 3000 2 14 14 15
3 6 1 1 1 0 0 435 1 15 15 14
3 7 0 1 0 0 0 3000 2 15 15 15
3 8 0 1 0 0 0 3000 3 2 2 15
3 9 0 1 0 0 0 3000 2 12 12 2
3 10 1 1 1 0 0 726 1 2 2 12
3 11 0 1 0 0 0 3000 3 10 10 2
3 12 1 1 1 0 0 502 1 2 2 10
3 13 0 1 0 0 0 3000 3 15 15 2
3 14 0 0 0 0 1 460 3 12 12 15
3 15 0 1 0 0 0 3000 3 13 13 12
3 16 0 0 0 0 1 554 2 15 15 13
3 17 0 1 0 0 0 3000 2 9 9 15
3 18 1 0 0 1 0 3000 1 15 15 9
3 19 0 1 0 0 0 3000 2 3 3 15
3 20 0 0 0 0 1 1990 3 9 9 3
3 21 1 1 1 0 0 1161 1 3 3 9
3 22 1 0 0 1 0 3000 1 9 9 3
3 23 0 1 0 0 0 3000 2 1 1 9
3 24 0 1 0 0 0 3000 2 8 8 1
3 25 1 1 1 0 0 798 1 1 1 8
