1 1 0 1 0 0 0 3000 1 2 2 0
1 2 0 1 0 0 0 3000 1 6 6 2
1 3 0 1 0 0 0 3000 2 14 14 6
1 4 1 1 1 0 0 535 1 6 6 14
1 5 0 1 0 0 0 3000 2 2 2 6
1 6 1 1 1 0 0 2442 1 6 6 2
1 7 0 1 0 0 0 3000 3 6 6 6
1 8 0 1 0 0 0 3000 3 11 11 6
1 9 1 1 1 0 0 452 1 6 6 11
1 10 1 1 1 0 0 733 1 11 11 6
1 11 0 1 0 0 0 3000 2 15 15 11
1 12 0 1 0 0 0 3000 2 9 9 15
1 13 1 1 1 0 0 948 1 15 15 9
1 14 0 1 0 0 0 3000 3 12 12 15
1 15 0 1 0 0 0 3000 2 12 12 12
1 16 0 1 0 0 0 3000 3 4 4 12
1 17 1 1 1 0 0 521 1 12 12 4
1 18 0 1 0 0 0 3000 2 11 11 12
1 19 1 1 1 0 0 495 1 12 12 11
1 20 1 1 1 0 0 680 1 11 11 12
1 21 1 1 1 0 0 1035 1 12 12 11
1 22 0 1 0 0 0 3000 3 12 12 12
1 23 0 1 0 0 0 3000 3 9 9 12
1 24 0 1 0 0 0 3000 2 8 8 9
1 25 0 1 0 0 0 3000 2 1 1 8
2 1 0 1 0 0 0 3000 2 12 12 1
2 2 0 1 0 0 0 3000 1 7 7 12
2 3 0 1 0 0 0 3000 3 15 15 7
2 4 0 1 0 0 0 3000 2 12 12 15
2 5 1 1 1 0 0 610 1 15 15 12
2 6 0 1 0 0 0 3000 3 3 3 15
2 7 1 1 1 0 0 578 1 15 15 3
2 8 0 1 0 0 0 3000 3 9 9 15
2 9 0 1 0 0 0 3000 3 6 6 9
2 10 0 1 0 0 0 3000 3 1 1 6
2 11 1 1 1 0 0 768 1 6 6 1
2 12 0 1 0 0 0 3000 2 4 4 6
2 13 0 1 0 0 0 3000 3 3 3 4
2 14 0 0 0 0 1 727 3 6 6 3
2 15 0 1 0 0 0 3000 3 5 5 6
2 16 0 1 0 0 0 3000 2 4 4 5
2 17 1 1 1 0 0 722 1 5 5 4
2 18 0 0 0 0 1 1010 2 6 6 5
2 19 1 1 1 0 0 926 1 5 5 6
2 20 0 0 0 0 1 677 2 4 4 5
2 21 1 1 1 0 0 1029 1 5 5 4
2 22 0 1 0 0 0 3000 2 12 12 5
2 23 0 1 0 0 0 3000 3 14 14 12
2 24 0 1 0 0 0 3000 2 7 7 14
2 25 1 1 1 0 0 647 1 14 14 7
3 1 0 1 0 0 0 3000 2 10 10 14
3 2 0 1 0 0 0 3000 2 6 6 10
3 3 0 1 0 0 0 3000 2 6 6 6
3 4 0 1 0 0 0 3000 2 9 9 6
3 5 1 1 1 0 0 536 1 6 6 9
3 6 0 1 0 0 0 3000 2 11 11 6
3 7 0 1 0 0 0 3000 3 1 1 11
3 8 0 1 0 0 0 3000 3 8 8 1
3 9 0 1 0 0 0 3000 2 10 10 8
3 10 0 1 0 0 0 3000 3 7 7 10
3 11 0 0 0 0 1 695 3 8 8 7
3 12 0 1 0 0 0 3000 2 6 6 8
3 13 0 1 0 0 0 3000 3 6 6 6
3 14 1 1 1 0 0 536 1 6 6 6
3 15 1 0 0 1 0 3000 1 6 6 6
3 16 0 1 0 0 0 3000 3 13 13 6
3 17 0 1 0 0 0 3000 2 2 2 13
3 18 0 1 0 0 0 3000 3 11 11 2
3 19 0 0 0 0 1 595 3 13 13 11
3 20 0 1 0 0 0 3000 3 13 13 13
3 21 0 1 0 0 0 3000 3 7 7 13
3 22 0 1 0 0 0 3000 3 8 8 7
3 23 1 1 1 0 0 763 1 7 7 8
3 24 1 1 1 0 0 1077 1 8 8 7
3 25 0 1 0 0 0 3000 2 1 1 8
