1 1 0 1 0 0 0 3000 1 13 13 0
1 2 0 1 0 0 0 3000 2 7 7 13
1 3 0 1 0 0 0 3000 2 4 4 7
1 4 1 1 1 0 0 463 1 7 7 4
1 5 1 0 0 1 0 3000 1 4 4 7
1 6 0 1 0 0 0 3000 3 1 1 4
1 7 1 0 0 1 0 3000 1 4 4 1
1 8 0 1 0 0 0 3000 3 7 7 4
1 9 0 1 0 0 0 3000 2 11 11 7
1 10 0 1 0 0 0 3000 3 8 8 11
1 11 0 1 0 0 0 3000 2 15 15 8
1 12 0 1 0 0 0 3000 2 13 13 15
1 13 0 1 0 0 0 3000 2 5 5 13
1 14 0 1 0 0 0 3000 2 6 6 5
1 15 1 1 1 0 0 582 1 5 5 6
1 16 0 1 0 0 0 3000 3 1 1 5
1 17 0 1 0 0 0 3000 2 3 3 1
1 18 0 1 0 0 0 3000 2 8 8 3
1 19 1 1 1 0 0 504 1 3 3 8
1 20 1 1 1 0 0 1128 1 8 8 3
1 21 0 1 0 0 0 3000 2 15 15 8
1 22 1 1 1 0 0 485 1 8 8 15
1 23 0 1 0 0 0 3000 3 13 13 8
1 24 0 1 0 0 0 3000 2 6 6 13
1 25 0 1 0 0 0 3000 3 5 5 6
2 1 0 1 0 0 0 3000 2 9 9 5
2 2 0 1 0 0 0 3000 3 3 3 9
2 3 0 1 0 0 0 3000 3 10 10 3
2 4 0 1 0 0 0 3000 3 12 12 10
2 5 1 1 1 0 0 720 1 10 10 12
2 6 0 1 0 0 0 3000 3 15 15 10
2 7 0 1 0 0 0 3000 3 13 13 15
2 8 0 1 0 0 0 3000 3 5 5 13
2 9 0 1 0 0 0 3000 3 12 12 5
2 10 0 1 0 0 0 3000 3 6 6 12
2 11 0 0 0 0 1 651 2 6 6 6
2 12 1 0 0 1 0 3000 1 6 6 6
2 13 0 1 0 0 0 3000 2 11 11 6
2 14 1 1 1 0 0 486 1 6 6 11
2 15 1 0 0 1 0 3000 1 11 11 6
2 16 1 1 1 0 0 706 1 6 6 11
2 17 1 1 1 0 0 630 1 11 11 6
2 18 0 1 0 0 0 3000 3 13 13 11
2 19 0 1 0 0 0 3000 2 9 9 13
2 20 0 1 0 0 0 3000 2 8 8 9
2 21 1 0 0 1 0 3000 1 9 9 8
2 22 1 1 1 0 0 637 1 8 8 9
2 23 0 1 0 0 0 3000 3 11 11 8
2 24 1 0 0 1 0 3000 1 8 8 11
2 25 0 1 0 0 0 3000 2 8 8 8
3 1 0 1 0 0 0 3000 2 14 14 8
3 2 0 1 0 0 0 3000 1 15 15 14
3 3 0 0 0 0 1 884 3 15 15 15
3 4 0 1 0 0 0 3000 3 11 11 15
3 5 0 1 0 0 0 3000 3 3 3 11
3 6 0 1 0 0 0 3000 3 6 6 3
3 7 1 1 1 0 0 457 1 3 3 6
3 8 0 1 0 0 0 3000 3 9 9 3
3 9 0 0 0 0 1 523 2 8 8 9
3 10 1 1 1 0 0 452 1 9 9 8
3 11 0 1 0 0 0 3000 3 2 2 9
3 12 0 1 0 0 0 3000 2 5 5 2
3 13 0 1 0 0 0 3000 3 7 7 5
3 14 1 1 1 0 0 495 1 5 5 7
3 15 0 1 0 0 0 3000 2 15 15 5
3 16 0 0 0 0 1 448 3 7 7 15
3 17 0 1 0 0 0 3000 3 9 9 7
3 18 1 0 0 1 0 3000 1 7 7 9
3 19 0 1 0 0 0 3000 2 2 2 7
3 20 0 1 0 0 0 3000 2 13 13 2
3 21 1 1 1 0 0 464 1 2 2 13
3 22 0 1 0 0 0 3000 2 4 4 2
3 23 1 0 0 1 0 3000 1 2 2 4
3 24 0 0 0 0 1 516 3 7 7 2
3 25 0 1 0 0 0 3000 2 15 15 7
