1 1 0 1 0 0 0 3000 2 6 6 0
1 2 0 1 0 0 0 3000 1 3 3 6
1 3 0 1 0 0 0 3000 2 1 1 3
1 4 0 1 0 0 0 3000 3 15 15 1
1 5 1 1 1 0 0 674 1 1 1 15
1 6 1 0 0 1 0 3000 1 15 15 1
1 7 0 1 0 0 0 3000 2 15 15 15
1 8 0 1 0 0 0 3000 3 7 7 15
1 9 0 1 0 0 0 3000 3 2 2 7
1 10 1 1 1 0 0 429 1 7 7 2
1 11 0 1 0 0 0 3000 2 12 12 7
1 12 1 1 1 0 0 722 1 7 7 12
1 13 1 0 0 1 0 3000 1 12 12 7
1 14 0 1 0 0 0 3000 2 1 1 12
1 15 1 1 1 0 0 1241 1 12 12 1
1 16 1 0 0 1 0 3000 1 1 1 12
1 17 0 1 0 0 0 3000 2 11 11 1
1 18 0 1 0 0 0 3000 2 2 2 11
1 19 0 1 0 0 0 3000 2 10 10 2
1 20 0 1 0 0 0 3000 2 3 3 10
1 21 1 1 1 0 0 463 1 10 10 3
1 22 1 1 1 0 0 1697 1 3 3 10
1 23 0 1 0 0 0 3000 3 3 3 3
1 24 0 1 0 0 0 3000 3 6 6 3
1 25 0 1 0 0 0 3000 3 15 15 6
2 1 0 1 0 0 0 3000 3 11 11 15
2 2 0 1 0 0 0 3000 3 7 7 11
2 3 1 1 1 0 0 492 1 11 11 7
2 4 0 1 0 0 0 3000 2 5 5 11
2 5 1 1 1 0 0 501 1 11 11 5
2 6 0 1 0 0 0 3000 2 12 12 11
2 7 0 1 0 0 0 3000 3 14 14 12
2 8 0 1 0 0 0 3000 3 7 7 14
2 9 1 1 1 0 0 444 1 14 14 7
2 10 1 1 1 0 0 1130 1 7 7 14
2 11 1 1 1 0 0 893 1 14 14 7
2 12 0 1 0 0 0 3000 2 3 3 14
2 13 1 0 0 1 0 3000 1 14 14 3
2 14 0 1 0 0 0 3000 3 2 2 14
2 15 0 1 0 0 0 3000 2 12 12 2
2 16 0 1 0 0 0 3000 2 8 8 12
2 17 0 1 0 0 0 3000 2 6 6 8
2 18 0 0 0 0 1 1911 3 7 7 6
2 19 0 1 0 0 0 3000 3 4 4 7
2 20 0 1 0 0 0 3000 2 1 1 4
2 21 1 1 1 0 0 467 1 4 4 1
2 22 0 1 0 0 0 3000 2 5 5 4
2 23 0 1 0 0 0 3000 3 13 13 5
2 24 0 1 0 0 0 3000 3 6 6 13
2 25 1 1 1 0 0 455 1 13 13 6
3 1 0 1 0 0 0 3000 1 9 9 13
3 2 0 1 0 0 0 3000 3 12 12 9
3 3 1 1 1 0 0 454 1 9 9 12
3 4 1 1 1 0 0 656 1 12 12 9
3 5 0 1 0 0 0 3000 2 1 1 12
3 6 1 0 0 1 0 3000 1 12 12 1
3 7 0 1 0 0 0 3000 3 8 8 12
3 8 1 1 1 0 0 549 1 12 12 8
3 9 0 1 0 0 0 3000 3 14 14 12
3 10 0 1 0 0 0 3000 2 7 7 14
3 11 0 1 0 0 0 3000 2 9 9 7
3 12 1 1 1 0 0 1959 1 7 7 9
3 13 1 1 1 0 0 1078 1 9 9 7
3 14 0 1 0 0 0 3000 2 5 5 9
3 15 0 1 0 0 0 3000 2 4 4 5
3 16 0 1 0 0 0 3000 3 10 10 4
3 17 0 1 0 0 0 3000 3 12 12 10
3 18 0 1 0 0 0 3000 2 7 7 12
3 19 0 1 0 0 0 3000 3 1 1 7
3 20 0 1 0 0 0 3000 2 8 8 1
3 21 0 1 0 0 0 3000 2 13 13 8
3 22 0 1 0 0 0 3000 3 14 14 13
3 23 1 1 1 0 0 519 1 13 13 14
3 24 0 0 0 0 1 1413 3 1 1 13
3 25 0 1 0 0 0 3000 3 10 10 1
