1 1 0 1 0 0 0 3000 3 14 14 0
1 2 0 1 0 0 0 3000 2 9 9 14
1 3 1 0 0 1 0 3000 1 14 14 9
1 4 0 1 0 0 0 3000 2 15 15 14
1 5 0 1 0 0 0 3000 3 6 6 15
1 6 0 1 0 0 0 3000 2 12 12 6
1 7 0 1 0 0 0 3000 3 11 11 12
1 8 0 1 0 0 0 3000 2 3 3 11
1 9 0 1 0 0 0 3000 2 15 15 3
1 10 1 0 0 1 0 3000 1 3 3 15
1 11 0 1 0 0 0 3000 2 14 14 3
1 12 0 1 0 0 0 3000 3 14 14 14
1 13 0 1 0 0 0 3000 3 15 15 14
1 14 1 0 0 1 0 3000 1 14 14 15
1 15 0 1 0 0 0 3000 3 10 10 14
1 16 0 1 0 0 0 3000 2 2 2 10
1 17 0 1 0 0 0 3000 2 15 15 2
1 18 0 1 0 0 0 3000 3 14 14 15
1 19 1 0 0 1 0 3000 1 15 15 14
1 20 0 1 0 0 0 3000 3 9 9 15
1 21 1 0 0 1 0 3000 1 15 15 9
1 22 1 0 0 1 0 3000 1 9 9 15
1 23 1 0 0 1 0 3000 1 15 15 9
1 24 0 1 0 0 0 3000 2 3 3 15
1 25 1 0 0 1 0 3000 1 15 15 3
2 1 0 1 0 0 0 3000 1 9 9 15
2 2 0 1 0 0 0 3000 3 8 8 9
2 3 1 0 0 1 0 3000 1 9 9 8
2 4 1 0 0 1 0 3000 1 8 8 9
2 5 0 1 0 0 0 3000 3 8 8 8
2 6 1 0 0 1 0 3000 1 8 8 8
2 7 0 1 0 0 0 3000 2 9 9 8
2 8 1 0 0 1 0 3000 1 8 8 9
2 9 0 1 0 0 0 3000 3 11 11 8
2 10 0 1 0 0 0 3000 2 2 2 11
2 11 0 1 0 0 0 3000 3 15 15 2
2 12 0 1 0 0 0 3000 3 14 14 15
2 13 1 0 0 1 0 3000 1 15 15 14
2 14 0 1 0 0 0 3000 2 12 12 15
2 15 0 1 0 0 0 3000 2 11 11 12
2 16 1 0 0 1 0 3000 1 12 12 11
2 17 1 0 0 1 0 3000 1 11 11 12
2 18 0 1 0 0 0 3000 3 14 14 11
2 19 1 0 0 1 0 3000 1 11 11 14
2 20 0 1 0 0 0 3000 2 8 8 11
2 21 0 1 0 0 0 3000 2 14 14 8
2 22 0 1 0 0 0 3000 3 1 1 14
2 23 0 1 0 0 0 3000 3 12 12 1
2 24 1 0 0 1 0 3000 1 1 1 12
2 25 0 1 0 0 0 3000 3 14 14 1
3 1 0 1 0 0 0 3000 1 5 5 14
3 2 0 1 0 0 0 3000 1 10 10 5
3 3 0 1 0 0 0 3000 2 15 15 10
3 4 0 1 0 0 0 3000 3 7 7 15
3 5 1 0 0 1 0 3000 1 15 15 7
3 6 1 0 0 1 0 3000 1 7 7 15
3 7 0 1 0 0 0 3000 3 12 12 7
3 8 0 1 0 0 0 3000 2 11 11 12
3 9 0 1 0 0 0 3000 2 10 10 11
3 10 0 1 0 0 0 3000 3 8 8 10
3 11 1 0 0 1 0 3000 1 10 10 8
3 12 0 1 0 0 0 3000 3 6 6 10
3 13 1 0 0 1 0 3000 1 10 10 6
3 14 0 1 0 0 0 3000 2 7 7 10
3 15 0 1 0 0 0 3000 3 6 6 7
3 16 0 1 0 0 0 3000 2 1 1 6
3 17 0 1 0 0 0 3000 3 2 2 1
3 18 0 1 0 0 0 3000 3 2 2 2
3 19 1 0 0 1 0 3000 1 2 2 2
3 20 0 1 0 0 0 3000 2 9 9 2
3 21 1 0 0 1 0 3000 1 2 2 9
3 22 1 0 0 1 0 3000 1 9 9 2
3 23 0 1 0 0 0 3000 3 10 10 9
3 24 1 0 0 1 0 3000 1 9 9 10
3 25 0 1 0 0 0 3000 3 1 1 9
