1 1 0 1 0 0 0 3000 3 11 11 0
1 2 0 1 0 0 0 3000 3 9 9 11
1 3 0 1 0 0 0 3000 3 3 3 9
1 4 1 1 1 0 0 557 1 9 9 3
1 5 1 0 0 1 0 3000 1 3 3 9
1 6 1 0 0 1 0 3000 1 9 9 3
1 7 0 1 0 0 0 3000 3 15 15 9
1 8 0 1 0 0 0 3000 2 14 14 15
1 9 0 1 0 0 0 3000 3 11 11 14
1 10 0 1 0 0 0 3000 3 7 7 11
1 11 0 1 0 0 0 3000 3 7 7 7
1 12 0 1 0 0 0 3000 2 11 11 7
1 13 0 1 0 0 0 3000 2 1 1 11
1 14 0 1 0 0 0 3000 3 3 3 1
1 15 1 1 1 0 0 457 1 1 1 3
1 16 1 1 1 0 0 544 1 3 3 1
1 17 1 1 1 0 0 483 1 1 1 3
1 18 0 1 0 0 0 3000 2 15 15 1
1 19 0 1 0 0 0 3000 2 6 6 15
1 20 0 1 0 0 0 3000 2 5 5 6
1 21 0 1 0 0 0 3000 2 8 8 5
1 22 1 1 1 0 0 384 1 5 5 8
1 23 0 1 0 0 0 3000 3 10 10 5
1 24 1 1 1 0 0 369 1 5 5 10
1 25 0 1 0 0 0 3000 2 5 5 5
2 1 0 1 0 0 0 3000 2 15 15 5
2 2 0 1 0 0 0 3000 2 7 7 15
2 3 0 1 0 0 0 3000 3 2 2 7
2 4 1 1 1 0 0 402 1 7 7 2
2 5 0 1 0 0 0 3000 3 7 7 7
2 6 0 1 0 0 0 3000 2 12 12 7
2 7 0 1 0 0 0 3000 3 9 9 12
2 8 0 1 0 0 0 3000 3 2 2 9
2 9 0 1 0 0 0 3000 3 6 6 2
2 10 1 1 1 0 0 360 1 2 2 6
2 11 0 1 0 0 0 3000 2 4 4 2
2 12 0 1 0 0 0 3000 2 3 3 4
2 13 0 1 0 0 0 3000 2 11 11 3
2 14 0 0 0 0 1 445 2 10 10 11
2 15 0 1 0 0 0 3000 3 7 7 10
2 16 0 1 0 0 0 3000 2 13 13 7
2 17 0 1 0 0 0 3000 2 3 3 13
2 18 0 1 0 0 0 3000 2 6 6 3
2 19 1 1 1 0 0 462 1 3 3 6
2 20 1 1 1 0 0 448 1 6 6 3
2 21 1 1 1 0 0 371 1 3 3 6
2 22 0 1 0 0 0 3000 2 5 5 3
2 23 0 0 0 0 1 732 2 6 6 5
2 24 0 1 0 0 0 3000 2 8 8 6
2 25 0 1 0 0 0 3000 3 15 15 8
3 1 0 1 0 0 0 3000 3 7 7 15
3 2 0 1 0 0 0 3000 3 14 14 7
3 3 1 1 1 0 0 493 1 7 7 14
3 4 0 1 0 0 0 3000 2 15 15 7
3 5 0 1 0 0 0 3000 2 11 11 15
3 6 1 1 1 0 0 399 1 15 15 11
3 7 0 1 0 0 0 3000 2 9 9 15
3 8 0 1 0 0 0 3000 2 3 3 9
3 9 0 1 0 0 0 3000 3 13 13 3
3 10 0 1 0 0 0 3000 3 9 9 13
3 11 0 1 0 0 0 3000 2 5 5 9
3 12 0 1 0 0 0 3000 2 5 5 5
3 13 0 1 0 0 0 3000 2 2 2 5
3 14 0 1 0 0 0 3000 3 15 15 2
3 15 0 1 0 0 0 3000 3 8 8 15
3 16 1 1 1 0 0 336 1 15 15 8
3 17 0 1 0 0 0 3000 2 6 6 15
3 18 1 1 1 0 0 409 1 15 15 6
3 19 0 1 0 0 0 3000 2 11 11 15
3 20 1 0 0 1 0 3000 1 15 15 11
3 21 1 1 1 0 0 380 1 11 11 15
3 22 1 0 0 1 0 3000 1 15 15 11
3 23 0 1 0 0 0 3000 2 4 4 15
3 24 1 1 1 0 0 417 1 15 15 4
3 25 0 1 0 0 0 3000 3 10 10 15
