1 1 0 1 0 0 0 3000 3 13 13 0
1 2 0 1 0 0 0 3000 1 2 2 13
1 3 1 1 1 0 0 644 1 13 13 2
1 4 0 1 0 0 0 3000 3 13 13 13
1 5 0 1 0 0 0 3000 2 6 6 13
1 6 0 1 0 0 0 3000 2 5 5 6
1 7 1 1 1 0 0 509 1 6 6 5
1 8 0 1 0 0 0 3000 2 2 2 6
1 9 1 0 0 1 0 3000 1 6 6 2
1 10 0 1 0 0 0 3000 3 5 5 6
1 11 0 1 0 0 0 3000 3 9 9 5
1 12 0 1 0 0 0 3000 2 15 15 9
1 13 0 1 0 0 0 3000 2 15 15 15
1 14 0 1 0 0 0 3000 2 9 9 15
1 15 0 1 0 0 0 3000 3 4 4 9
1 16 0 1 0 0 0 3000 2 12 12 4
1 17 0 1 0 0 0 3000 2 13 13 12
1 18 1 1 1 0 0 1043 1 12 12 13
1 19 1 1 1 0 0 906 1 13 13 12
1 20 0 1 0 0 0 3000 2 9 9 13
1 21 1 1 1 0 0 382 1 13 13 9
1 22 0 1 0 0 0 3000 3 4 4 13
1 23 0 1 0 0 0 3000 2 4 4 4
1 24 0 1 0 0 0 3000 2 7 7 4
1 25 1 0 0 1 0 3000 1 4 4 7
2 1 0 1 0 0 0 3000 1 6 6 4
2 2 0 1 0 0 0 3000 1 15 15 6
2 3 1 1 1 0 0 1100 1 6 6 15
2 4 0 1 0 0 0 3000 2 10 10 6
2 5 0 1 0 0 0 3000 3 4 4 10
2 6 0 1 0 0 0 3000 3 2 2 4
2 7 1 1 1 0 0 782 1 4 4 2
2 8 0 1 0 0 0 3000 3 1 1 4
2 9 0 1 0 0 0 3000 3 6 6 1
2 10 0 1 0 0 0 3000 2 15 15 6
2 11 0 1 0 0 0 3000 2 11 11 15
2 12 1 1 1 0 0 870 1 15 15 11
2 13 1 1 1 0 0 418 1 11 11 15
2 14 0 1 0 0 0 3000 2 7 7 11
2 15 0 1 0 0 0 3000 3 3 3 7
2 16 0 1 0 0 0 3000 2 8 8 3
2 17 0 1 0 0 0 3000 2 4 4 8
2 18 0 1 0 0 0 3000 2 15 15 4
2 19 0 1 0 0 0 3000 2 1 1 15
2 20 0 1 0 0 0 3000 3 12 12 1
2 21 1 1 1 0 0 480 1 1 1 12
2 22 0 1 0 0 0 3000 3 2 2 1
2 23 1 1 1 0 0 552 1 1 1 2
2 24 0 1 0 0 0 3000 3 5 5 1
2 25 1 1 1 0 0 463 1 1 1 5
3 1 0 1 0 0 0 3000 2 11 11 1
3 2 0 1 0 0 0 3000 2 5 5 11
3 3 0 1 0 0 0 3000 3 7 7 5
3 4 0 1 0 0 0 3000 2 13 13 7
3 5 0 1 0 0 0 3000 3 1 1 13
3 6 0 1 0 0 0 3000 2 11 11 1
3 7 0 1 0 0 0 3000 2 8 8 11
3 8 1 1 1 0 0 368 1 11 11 8
3 9 0 1 0 0 0 3000 3 5 5 11
3 10 0 1 0 0 0 3000 3 8 8 5
3 11 0 1 0 0 0 3000 2 1 1 8
3 12 0 1 0 0 0 3000 3 13 13 1
3 13 0 1 0 0 0 3000 2 12 12 13
3 14 0 1 0 0 0 3000 2 14 14 12
3 15 0 1 0 0 0 3000 3 3 3 14
3 16 0 1 0 0 0 3000 3 6 6 3
3 17 0 1 0 0 0 3000 2 9 9 6
3 18 0 1 0 0 0 3000 3 2 2 9
3 19 0 1 0 0 0 3000 2 6 6 2
3 20 1 1 1 0 0 659 1 2 2 6
3 21 0 1 0 0 0 3000 3 13 13 2
3 22 1 1 1 0 0 2774 1 2 2 13
3 23 1 1 1 0 0 1251 1 13 13 2
3 24 1 1 1 0 0 407 1 2 2 13
3 25 0 1 0 0 0 3000 2 14 14 2
