1 1 0 1 0 0 0 3000 3 14 14 0
1 2 0 1 0 0 0 3000 3 1 1 14
1 3 0 1 0 0 0 3000 3 1 1 1
1 4 0 1 0 0 0 3000 2 9 9 1
1 5 1 1 1 0 0 353 1 1 1 9
1 6 1 0 0 1 0 3000 1 9 9 1
1 7 0 1 0 0 0 3000 3 8 8 9
1 8 1 0 0 1 0 3000 1 9 9 8
1 9 0 1 0 0 0 3000 2 1 1 9
1 10 0 1 0 0 0 3000 3 13 13 1
1 11 1 1 1 0 0 419 1 1 1 13
1 12 0 1 0 0 0 3000 3 8 8 1
1 13 1 0 0 1 0 3000 1 1 1 8
1 14 1 1 1 0 0 361 1 8 8 1
1 15 0 1 0 0 0 3000 3 14 14 8
1 16 1 0 0 1 0 3000 1 8 8 14
1 17 1 1 1 0 0 342 1 14 14 8
1 18 0 1 0 0 0 3000 3 3 3 14
1 19 0 1 0 0 0 3000 2 3 3 3
1 20 0 1 0 0 0 3000 3 4 4 3
1 21 0 1 0 0 0 3000 2 6 6 4
1 22 0 1 0 0 0 3000 2 8 8 6
1 23 0 1 0 0 0 3000 2 8 8 8
1 24 0 1 0 0 0 3000 2 1 1 8
1 25 0 1 0 0 0 3000 3 1 1 1
2 1 0 1 0 0 0 3000 2 12 12 1
2 2 0 1 0 0 0 3000 1 7 7 12
2 3 0 1 0 0 0 3000 3 13 13 7
2 4 1 1 1 0 0 330 1 7 7 13
2 5 1 0 0 1 0 3000 1 13 13 7
2 6 1 1 1 0 0 403 1 7 7 13
2 7 1 0 0 1 0 3000 1 13 13 7
2 8 0 0 0 0 1 424 3 4 4 13
2 9 1 0 0 1 0 3000 1 13 13 4
2 10 0 0 0 0 1 439 3 7 7 13
2 11 0 1 0 0 0 3000 2 6 6 7
2 12 0 1 0 0 0 3000 3 6 6 6
2 13 0 1 0 0 0 3000 3 13 13 6
2 14 0 1 0 0 0 3000 3 10 10 13
2 15 0 1 0 0 0 3000 2 5 5 10
2 16 0 1 0 0 0 3000 3 12 12 5
2 17 1 1 1 0 0 462 1 5 5 12
2 18 1 1 1 0 0 1103 1 12 12 5
2 19 0 1 0 0 0 3000 2 2 2 12
2 20 0 1 0 0 0 3000 2 10 10 2
2 21 0 1 0 0 0 3000 3 11 11 10
2 22 0 1 0 0 0 3000 2 5 5 11
2 23 0 1 0 0 0 3000 3 12 12 5
2 24 0 1 0 0 0 3000 3 2 2 12
2 25 1 1 1 0 0 396 1 12 12 2
3 1 0 1 0 0 0 3000 3 1 1 12
3 2 0 1 0 0 0 3000 2 6 6 1
3 3 0 1 0 0 0 3000 2 3 3 6
3 4 1 1 1 0 0 385 1 6 6 3
3 5 0 1 0 0 0 3000 2 10 10 6
3 6 0 1 0 0 0 3000 2 2 2 10
3 7 0 0 0 0 1 586 2 6 6 2
3 8 1 0 0 1 0 3000 1 2 2 6
3 9 0 1 0 0 0 3000 3 9 9 2
3 10 1 1 1 0 0 322 1 2 2 9
3 11 0 1 0 0 0 3000 3 12 12 2
3 12 1 0 0 1 0 3000 1 2 2 12
3 13 0 1 0 0 0 3000 3 13 13 2
3 14 0 1 0 0 0 3000 2 4 4 13
3 15 1 1 1 0 0 339 1 13 13 4
3 16 1 1 1 0 0 743 1 4 4 13
3 17 0 1 0 0 0 3000 2 3 3 4
3 18 0 1 0 0 0 3000 3 1 1 3
3 19 0 1 0 0 0 3000 3 5 5 1
3 20 0 1 0 0 0 3000 3 7 7 5
3 21 0 1 0 0 0 3000 3 8 8 7
3 22 0 1 0 0 0 3000 3 12 12 8
3 23 0 1 0 0 0 3000 2 10 10 12
3 24 0 1 0 0 0 3000 2 3 3 10
3 25 0 1 0 0 0 3000 3 11 11 3
