1 1 0 1 0 0 0 3000 1 5 5 0
1 2 0 1 0 0 0 3000 2 13 13 5
1 3 0 0 0 0 1 565 3 14 14 13
1 4 0 1 0 0 0 3000 3 5 5 14
1 5 0 1 0 0 0 3000 2 5 5 5
1 6 1 1 1 0 0 890 1 5 5 5
1 7 0 1 0 0 0 3000 2 2 2 5
1 8 0 1 0 0 0 3000 3 9 9 2
1 9 0 1 0 0 0 3000 3 6 6 9
1 10 0 1 0 0 0 3000 2 11 11 6
1 11 1 0 0 1 0 3000 1 6 6 11
1 12 0 0 0 0 1 486 2 13 13 6
1 13 0 1 0 0 0 3000 2 11 11 13
1 14 1 0 0 1 0 3000 1 13 13 11
1 15 0 1 0 0 0 3000 2 4 4 13
1 16 1 1 1 0 0 402 1 13 13 4
1 17 0 1 0 0 0 3000 3 15 15 13
1 18 0 1 0 0 0 3000 2 12 12 15
1 19 1 1 1 0 0 411 1 15 15 12
1 20 0 1 0 0 0 3000 3 8 8 15
1 21 0 1 0 0 0 3000 2 6 6 8
1 22 1 1 1 0 0 593 1 8 8 6
1 23 0 0 0 0 1 464 2 8 8 8
1 24 1 0 0 1 0 3000 1 8 8 8
1 25 0 1 0 0 0 3000 3 11 11 8
2 1 0 1 0 0 0 3000 2 5 5 11
2 2 0 1 0 0 0 3000 2 4 4 5
2 3 0 1 0 0 0 3000 2 10 10 4
2 4 0 1 0 0 0 3000 3 8 8 10
2 5 0 1 0 0 0 3000 3 11 11 8
2 6 0 1 0 0 0 3000 2 5 5 11
2 7 0 1 0 0 0 3000 2 4 4 5
2 8 0 1 0 0 0 3000 2 4 4 4
2 9 1 1 1 0 0 466 1 4 4 4
2 10 0 1 0 0 0 3000 2 5 5 4
2 11 0 1 0 0 0 3000 2 6 6 5
2 12 0 1 0 0 0 3000 3 1 1 6
2 13 0 1 0 0 0 3000 3 10 10 1
2 14 0 1 0 0 0 3000 2 5 5 10
2 15 1 1 1 0 0 412 1 10 10 5
2 16 1 1 1 0 0 1014 1 5 5 10
2 17 1 1 1 0 0 1304 1 10 10 5
2 18 0 1 0 0 0 3000 2 13 13 10
2 19 1 1 1 0 0 371 1 10 10 13
2 20 0 1 0 0 0 3000 2 8 8 10
2 21 0 1 0 0 0 3000 2 11 11 8
2 22 0 1 0 0 0 3000 3 13 13 11
2 23 0 1 0 0 0 3000 3 2 2 13
2 24 1 0 0 1 0 3000 1 13 13 2
2 25 1 0 0 1 0 3000 1 2 2 13
3 1 0 1 0 0 0 3000 1 11 11 2
3 2 0 1 0 0 0 3000 2 6 6 11
3 3 0 1 0 0 0 3000 2 1 1 6
3 4 0 1 0 0 0 3000 2 7 7 1
3 5 0 1 0 0 0 3000 3 6 6 7
3 6 0 1 0 0 0 3000 3 11 11 6
3 7 0 1 0 0 0 3000 2 1 1 11
3 8 0 1 0 0 0 3000 2 3 3 1
3 9 0 1 0 0 0 3000 3 7 7 3
3 10 1 1 1 0 0 485 1 3 3 7
3 11 1 1 1 0 0 710 1 7 7 3
3 12 0 1 0 0 0 3000 2 6 6 7
3 13 0 1 0 0 0 3000 3 3 3 6
3 14 1 1 1 0 0 438 1 6 6 3
3 15 1 1 1 0 0 879 1 3 3 6
3 16 0 1 0 0 0 3000 3 4 4 3
3 17 0 1 0 0 0 3000 3 1 1 4
3 18 0 1 0 0 0 3000 3 9 9 1
3 19 0 0 0 0 1 570 3 9 9 9
3 20 0 1 0 0 0 3000 3 4 4 9
3 21 1 1 1 0 0 734 1 9 9 4
3 22 1 1 1 0 0 1209 1 4 4 9
3 23 0 1 0 0 0 3000 2 6 6 4
3 24 0 1 0 0 0 3000 3 9 9 6
3 25 0 1 0 0 0 3000 2 11 11 9
