1 1 0 1 0 0 0 3000 2 15 15 0
1 2 0 1 0 0 0 3000 2 10 10 15
1 3 0 1 0 0 0 3000 2 10 10 10
1 4 1 0 0 1 0 3000 1 10 10 10
1 5 0 1 0 0 0 3000 2 7 7 10
1 6 0 1 0 0 0 3000 2 3 3 7
1 7 0 1 0 0 0 3000 2 8 8 3
1 8 0 1 0 0 0 3000 3 13 13 8
1 9 1 0 0 1 0 3000 1 8 8 13
1 10 1 1 1 0 0 586 1 13 13 8
1 11 0 1 0 0 0 3000 2 11 11 13
1 12 1 1 1 0 0 949 1 13 13 11
1 13 1 1 1 0 0 706 1 11 11 13
1 14 0 1 0 0 0 3000 2 8 8 11
1 15 0 1 0 0 0 3000 3 3 3 8
1 16 0 1 0 0 0 3000 3 14 14 3
1 17 0 1 0 0 0 3000 2 12 12 14
1 18 1 1 1 0 0 453 1 14 14 12
1 19 0 1 0 0 0 3000 2 13 13 14
1 20 0 1 0 0 0 3000 3 13 13 13
1 21 0 1 0 0 0 3000 3 10 10 13
1 22 0 0 0 0 1 591 3 5 5 10
1 23 1 1 1 0 0 1076 1 10 10 5
1 24 0 1 0 0 0 3000 2 2 2 10
1 25 0 1 0 0 0 3000 2 8 8 2
2 1 0 1 0 0 0 3000 1 4 4 8
2 2 0 1 0 0 0 3000 2 11 11 4
2 3 1 1 1 0 0 349 1 4 4 11
2 4 0 1 0 0 0 3000 2 13 13 4
2 5 1 0 0 1 0 3000 1 4 4 13
2 6 0 1 0 0 0 3000 2 15 15 4
2 7 1 1 1 0 0 429 1 4 4 15
2 8 0 1 0 0 0 3000 3 11 11 4
2 9 0 1 0 0 0 3000 2 1 1 11
2 10 0 1 0 0 0 3000 2 5 5 1
2 11 0 0 0 0 1 559 3 11 11 5
2 12 0 1 0 0 0 3000 2 10 10 11
2 13 0 0 0 0 1 1003 3 5 5 10
2 14 0 1 0 0 0 3000 2 1 1 5
2 15 0 1 0 0 0 3000 3 9 9 1
2 16 1 1 1 0 0 739 1 1 1 9
2 17 0 1 0 0 0 3000 2 5 5 1
2 18 0 1 0 0 0 3000 3 7 7 5
2 19 1 1 1 0 0 656 1 5 5 7
2 20 1 1 1 0 0 752 1 7 7 5
2 21 0 1 0 0 0 3000 2 11 11 7
2 22 1 1 1 0 0 928 1 7 7 11
2 23 0 1 0 0 0 3000 2 1 1 7
2 24 0 1 0 0 0 3000 2 3 3 1
2 25 1 1 1 0 0 765 1 1 1 3
3 1 0 1 0 0 0 3000 2 13 13 1
3 2 0 1 0 0 0 3000 3 10 10 13
3 3 1 1 1 0 0 342 1 13 13 10
3 4 1 1 1 0 0 968 1 10 10 13
3 5 0 1 0 0 0 3000 2 3 3 10
3 6 1 1 1 0 0 627 1 10 10 3
3 7 0 1 0 0 0 3000 2 11 11 10
3 8 1 1 1 0 0 610 1 10 10 11
3 9 0 0 0 0 1 607 2 15 15 10
3 10 1 1 1 0 0 720 1 10 10 15
3 11 0 1 0 0 0 3000 3 1 1 10
3 12 1 1 1 0 0 647 1 10 10 1
3 13 1 1 1 0 0 721 1 1 1 10
3 14 0 1 0 0 0 3000 3 13 13 1
3 15 0 1 0 0 0 3000 2 10 10 13
3 16 0 1 0 0 0 3000 2 6 6 10
3 17 0 1 0 0 0 3000 3 5 5 6
3 18 0 1 0 0 0 3000 2 13 13 5
3 19 0 1 0 0 0 3000 3 4 4 13
3 20 0 1 0 0 0 3000 3 2 2 4
3 21 0 1 0 0 0 3000 2 15 15 2
3 22 1 1 1 0 0 723 1 2 2 15
3 23 0 1 0 0 0 3000 2 13 13 2
3 24 0 1 0 0 0 3000 2 13 13 13
3 25 1 1 1 0 0 836 1 13 13 13
