1 1 0 1 0 0 0 3000 3 10 10 0
1 2 0 1 0 0 0 3000 2 3 3 10
1 3 1 1 1 0 0 762 1 10 10 3
1 4 1 1 1 0 0 415 1 3 3 10
1 5 1 1 1 0 0 603 1 10 10 3
1 6 1 1 1 0 0 1181 1 3 3 10
1 7 0 1 0 0 0 3000 3 13 13 3
1 8 0 1 0 0 0 3000 3 9 9 13
1 9 1 1 1 0 0 506 1 13 13 9
1 10 0 1 0 0 0 3000 2 7 7 13
1 11 0 1 0 0 0 3000 3 4 4 7
1 12 0 1 0 0 0 3000 2 12 12 4
1 13 0 1 0 0 0 3000 2 10 10 12
1 14 0 0 0 0 1 617 2 4 4 10
1 15 1 1 1 0 0 753 1 10 10 4
1 16 0 1 0 0 0 3000 3 5 5 10
1 17 0 1 0 0 0 3000 2 15 15 5
1 18 0 1 0 0 0 3000 2 8 8 15
1 19 0 1 0 0 0 3000 2 7 7 8
1 20 1 1 1 0 0 519 1 8 8 7
1 21 0 1 0 0 0 3000 2 11 11 8
1 22 1 1 1 0 0 520 1 8 8 11
1 23 0 1 0 0 0 3000 3 9 9 8
1 24 0 1 0 0 0 3000 2 4 4 9
1 25 1 1 1 0 0 360 1 9 9 4
2 1 0 1 0 0 0 3000 3 12 12 9
2 2 0 1 0 0 0 3000 3 13 13 12
2 3 1 1 1 0 0 436 1 12 12 13
2 4 0 1 0 0 0 3000 2 12 12 12
2 5 1 1 1 0 0 956 1 12 12 12
2 6 0 0 0 0 1 1705 3 13 13 12
2 7 1 1 1 0 0 845 1 12 12 13
2 8 0 1 0 0 0 3000 3 2 2 12
2 9 0 1 0 0 0 3000 3 4 4 2
2 10 1 1 1 0 0 596 1 2 2 4
2 11 0 1 0 0 0 3000 2 5 5 2
2 12 1 1 1 0 0 549 1 2 2 5
2 13 1 1 1 0 0 731 1 5 5 2
2 14 0 1 0 0 0 3000 3 10 10 5
2 15 0 1 0 0 0 3000 2 14 14 10
2 16 1 1 1 0 0 354 1 10 10 14
2 17 1 1 1 0 0 507 1 14 14 10
2 18 1 1 1 0 0 530 1 10 10 14
2 19 1 1 1 0 0 621 1 14 14 10
2 20 0 1 0 0 0 3000 3 8 8 14
2 21 0 1 0 0 0 3000 2 15 15 8
2 22 0 1 0 0 0 3000 3 11 11 15
2 23 0 1 0 0 0 3000 2 3 3 11
2 24 1 1 1 0 0 1790 1 11 11 3
2 25 1 1 1 0 0 676 1 3 3 11
3 1 0 1 0 0 0 3000 3 8 8 3
3 2 0 1 0 0 0 3000 2 13 13 8
3 3 1 1 1 0 0 448 1 8 8 13
3 4 1 0 0 1 0 3000 1 13 13 8
3 5 1 1 1 0 0 697 1 8 8 13
3 6 0 1 0 0 0 3000 2 6 6 8
3 7 1 1 1 0 0 1021 1 8 8 6
3 8 0 1 0 0 0 3000 2 4 4 8
3 9 0 1 0 0 0 3000 3 14 14 4
3 10 0 1 0 0 0 3000 2 5 5 14
3 11 1 1 1 0 0 739 1 14 14 5
3 12 1 1 1 0 0 470 1 5 5 14
3 13 1 1 1 0 0 841 1 14 14 5
3 14 0 1 0 0 0 3000 3 15 15 14
3 15 1 1 1 0 0 409 1 14 14 15
3 16 1 1 1 0 0 766 1 15 15 14
3 17 0 1 0 0 0 3000 2 4 4 15
3 18 0 1 0 0 0 3000 3 11 11 4
3 19 1 1 1 0 0 959 1 4 4 11
3 20 1 1 1 0 0 1124 1 11 11 4
3 21 0 1 0 0 0 3000 2 13 13 11
3 22 1 1 1 0 0 589 1 11 11 13
3 23 0 1 0 0 0 3000 3 14 14 11
3 24 0 1 0 0 0 3000 3 12 12 14
3 25 0 1 0 0 0 3000 3 4 4 12
