1 1 0 1 0 0 0 3000 1 12 12 0
1 2 0 1 0 0 0 3000 3 10 10 12
1 3 1 1 1 0 0 442 1 12 12 10
1 4 1 0 0 1 0 3000 1 10 10 12
1 5 1 1 1 0 0 485 1 12 12 10
1 6 1 0 0 1 0 3000 1 10 10 12
1 7 1 1 1 0 0 354 1 12 12 10
1 8 0 1 0 0 0 3000 2 8 8 12
1 9 0 1 0 0 0 3000 2 5 5 8
1 10 1 1 1 0 0 662 1 8 8 5
1 11 1 1 1 0 0 936 1 5 5 8
1 12 0 1 0 0 0 3000 2 2 2 5
1 13 0 1 0 0 0 3000 2 12 12 2
1 14 1 0 0 1 0 3000 1 2 2 12
1 15 0 0 0 0 1 496 3 13 13 2
1 16 0 0 0 0 1 736 3 12 12 13
1 17 0 1 0 0 0 3000 2 10 10 12
1 18 1 1 1 0 0 504 1 12 12 10
1 19 1 1 1 0 0 1019 1 10 10 12
1 20 1 1 1 0 0 592 1 12 12 10
1 21 1 1 1 0 0 382 1 10 10 12
1 22 0 1 0 0 0 3000 3 8 8 10
1 23 1 1 1 0 0 408 1 10 10 8
1 24 1 1 1 0 0 438 1 8 8 10
1 25 0 1 0 0 0 3000 3 4 4 8
2 1 0 1 0 0 0 3000 3 14 14 4
2 2 0 1 0 0 0 3000 2 14 14 14
2 3 0 1 0 0 0 3000 2 5 5 14
2 4 1 1 1 0 0 510 1 14 14 5
2 5 0 1 0 0 0 3000 2 10 10 14
2 6 1 1 1 0 0 360 1 14 14 10
2 7 1 1 1 0 0 526 1 10 10 14
2 8 0 1 0 0 0 3000 3 9 9 10
2 9 0 1 0 0 0 3000 3 12 12 9
2 10 0 1 0 0 0 3000 3 5 5 12
2 11 1 1 1 0 0 390 1 12 12 5
2 12 1 1 1 0 0 495 1 5 5 12
2 13 1 1 1 0 0 488 1 12 12 5
2 14 1 1 1 0 0 608 1 5 5 12
2 15 0 1 0 0 0 3000 3 3 3 5
2 16 1 1 1 0 0 526 1 5 5 3
2 17 0 1 0 0 0 3000 2 4 4 5
2 18 0 1 0 0 0 3000 3 2 2 4
2 19 1 1 1 0 0 369 1 4 4 2
2 20 0 1 0 0 0 3000 2 6 6 4
2 21 0 1 0 0 0 3000 3 9 9 6
2 22 0 1 0 0 0 3000 2 7 7 9
2 23 1 1 1 0 0 370 1 9 9 7
2 24 0 1 0 0 0 3000 2 13 13 9
2 25 1 1 1 0 0 411 1 9 9 13
3 1 0 1 0 0 0 3000 1 14 14 9
3 2 0 1 0 0 0 3000 3 3 3 14
3 3 0 1 0 0 0 3000 3 1 1 3
3 4 1 1 1 0 0 315 1 3 3 1
3 5 0 1 0 0 0 3000 2 14 14 3
3 6 0 1 0 0 0 3000 2 5 5 14
3 7 0 1 0 0 0 3000 2 5 5 5
3 8 1 1 1 0 0 372 1 5 5 5
3 9 1 1 1 0 0 426 1 5 5 5
3 10 1 1 1 0 0 384 1 5 5 5
3 11 1 1 1 0 0 380 1 5 5 5
3 12 0 1 0 0 0 3000 3 7 7 5
3 13 0 1 0 0 0 3000 2 2 2 7
3 14 0 1 0 0 0 3000 2 1 1 2
3 15 0 1 0 0 0 3000 3 6 6 1
3 16 1 1 1 0 0 370 1 1 1 6
3 17 0 1 0 0 0 3000 2 14 14 1
3 18 0 1 0 0 0 3000 3 4 4 14
3 19 0 1 0 0 0 3000 3 15 15 4
3 20 1 1 1 0 0 505 1 4 4 15
3 21 0 1 0 0 0 3000 2 9 9 4
3 22 1 1 1 0 0 586 1 4 4 9
3 23 0 1 0 0 0 3000 2 1 1 4
3 24 0 1 0 0 0 3000 2 9 9 1
3 25 0 1 0 0 0 3000 3 2 2 9
