1 1 0 1 0 0 0 3000 1 8 8 0
1 2 0 1 0 0 0 3000 3 11 11 8
1 3 0 1 0 0 0 3000 3 7 7 11
1 4 1 1 1 0 0 833 1 11 11 7
1 5 0 1 0 0 0 3000 3 6 6 11
1 6 0 1 0 0 0 3000 2 12 12 6
1 7 0 1 0 0 0 3000 2 9 9 12
1 8 0 0 0 0 1 340 2 4 4 9
1 9 0 1 0 0 0 3000 2 3 3 4
1 10 1 1 1 0 0 477 1 4 4 3
1 11 0 1 0 0 0 3000 2 11 11 4
1 12 0 1 0 0 0 3000 3 6 6 11
1 13 0 1 0 0 0 3000 3 7 7 6
1 14 0 0 0 0 1 319 2 7 7 7
1 15 1 1 1 0 0 597 1 7 7 7
1 16 0 1 0 0 0 3000 3 2 2 7
1 17 1 1 1 0 0 396 1 7 7 2
1 18 1 1 1 0 0 428 1 2 2 7
1 19 0 1 0 0 0 3000 3 15 15 2
1 20 0 1 0 0 0 3000 2 7 7 15
1 21 1 1 1 0 0 319 1 15 15 7
1 22 1 1 1 0 0 400 1 7 7 15
1 23 0 1 0 0 0 3000 2 6 6 7
1 24 0 1 0 0 0 3000 2 12 12 6
1 25 1 1 1 0 0 447 1 6 6 12
2 1 0 1 0 0 0 3000 3 7 7 6
2 2 0 1 0 0 0 3000 2 5 5 7
2 3 1 1 1 0 0 341 1 7 7 5
2 4 0 1 0 0 0 3000 3 15 15 7
2 5 0 1 0 0 0 3000 3 14 14 15
2 6 0 1 0 0 0 3000 2 10 10 14
2 7 1 1 1 0 0 257 1 14 14 10
2 8 0 1 0 0 0 3000 2 12 12 14
2 9 0 1 0 0 0 3000 2 15 15 12
2 10 1 1 1 0 0 450 1 12 12 15
2 11 0 1 0 0 0 3000 2 8 8 12
2 12 0 1 0 0 0 3000 3 4 4 8
2 13 0 1 0 0 0 3000 2 1 1 4
2 14 0 1 0 0 0 3000 3 12 12 1
2 15 0 1 0 0 0 3000 3 10 10 12
2 16 1 0 0 1 0 3000 1 12 12 10
2 17 1 1 1 0 0 414 1 10 10 12
2 18 0 1 0 0 0 3000 2 13 13 10
2 19 1 1 1 0 0 412 1 10 10 13
2 20 0 0 0 0 1 527 2 11 11 10
2 21 0 1 0 0 0 3000 3 9 9 11
2 22 1 1 1 0 0 411 1 11 11 9
2 23 0 1 0 0 0 3000 3 10 10 11
2 24 1 1 1 0 0 373 1 11 11 10
2 25 0 1 0 0 0 3000 3 7 7 11
3 1 0 1 0 0 0 3000 1 15 15 7
3 2 0 1 0 0 0 3000 2 9 9 15
3 3 0 1 0 0 0 3000 3 14 14 9
3 4 1 1 1 0 0 377 1 9 9 14
3 5 0 1 0 0 0 3000 3 4 4 9
3 6 0 1 0 0 0 3000 3 7 7 4
3 7 0 1 0 0 0 3000 3 7 7 7
3 8 0 1 0 0 0 3000 3 2 2 7
3 9 0 0 0 0 1 287 2 9 9 2
3 10 0 1 0 0 0 3000 2 12 12 9
3 11 0 1 0 0 0 3000 3 13 13 12
3 12 1 1 1 0 0 297 1 12 12 13
3 13 0 1 0 0 0 3000 3 6 6 12
3 14 0 1 0 0 0 3000 2 5 5 6
3 15 0 1 0 0 0 3000 2 7 7 5
3 16 0 0 0 0 1 320 2 6 6 7
3 17 0 1 0 0 0 3000 2 12 12 6
3 18 0 1 0 0 0 3000 2 5 5 12
3 19 1 0 0 1 0 3000 1 12 12 5
3 20 0 0 0 0 1 363 2 11 11 12
3 21 0 0 0 0 1 502 2 11 11 11
3 22 0 0 0 0 1 409 3 4 4 11
3 23 0 1 0 0 0 3000 2 3 3 4
3 24 1 1 1 0 0 286 1 4 4 3
3 25 0 1 0 0 0 3000 3 1 1 4
