1 1 0 1 0 0 0 3000 2 1 1 0
1 2 0 1 0 0 0 3000 3 9 9 1
1 3 0 1 0 0 0 3000 3 11 11 9
1 4 1 1 1 0 0 523 1 9 9 11
1 5 1 1 1 0 0 643 1 11 11 9
1 6 0 1 0 0 0 3000 2 2 2 11
1 7 1 1 1 0 0 545 1 11 11 2
1 8 0 1 0 0 0 3000 3 12 12 11
1 9 0 1 0 0 0 3000 2 8 8 12
1 10 0 1 0 0 0 3000 3 4 4 8
1 11 0 1 0 0 0 3000 2 11 11 4
1 12 0 1 0 0 0 3000 3 5 5 11
1 13 0 0 0 0 1 568 2 4 4 5
1 14 0 1 0 0 0 3000 2 7 7 4
1 15 1 0 0 1 0 3000 1 4 4 7
1 16 0 0 0 0 1 936 2 3 3 4
1 17 0 1 0 0 0 3000 3 8 8 3
1 18 1 0 0 1 0 3000 1 3 3 8
1 19 0 1 0 0 0 3000 2 2 2 3
1 20 0 1 0 0 0 3000 3 6 6 2
1 21 0 1 0 0 0 3000 3 3 3 6
1 22 0 1 0 0 0 3000 2 5 5 3
1 23 1 1 1 0 0 1194 1 3 3 5
1 24 1 0 0 1 0 3000 1 5 5 3
1 25 0 1 0 0 0 3000 3 14 14 5
2 1 0 1 0 0 0 3000 3 14 14 14
2 2 0 1 0 0 0 3000 1 11 11 14
2 3 0 1 0 0 0 3000 2 10 10 11
2 4 1 1 1 0 0 742 1 11 11 10
2 5 0 1 0 0 0 3000 2 8 8 11
2 6 1 0 0 1 0 3000 1 11 11 8
2 7 0 1 0 0 0 3000 3 6 6 11
2 8 0 1 0 0 0 3000 3 8 8 6
2 9 0 1 0 0 0 3000 3 4 4 8
2 10 0 1 0 0 0 3000 2 2 2 4
2 11 1 1 1 0 0 614 1 4 4 2
2 12 1 0 0 1 0 3000 1 2 2 4
2 13 0 1 0 0 0 3000 3 15 15 2
2 14 1 1 1 0 0 414 1 2 2 15
2 15 0 1 0 0 0 3000 3 7 7 2
2 16 0 1 0 0 0 3000 3 7 7 7
2 17 0 1 0 0 0 3000 3 3 3 7
2 18 0 1 0 0 0 3000 2 2 2 3
2 19 1 0 0 1 0 3000 1 3 3 2
2 20 0 1 0 0 0 3000 3 10 10 3
2 21 0 1 0 0 0 3000 2 5 5 10
2 22 0 1 0 0 0 3000 2 4 4 5
2 23 0 1 0 0 0 3000 3 4 4 4
2 24 0 1 0 0 0 3000 3 14 14 4
2 25 0 1 0 0 0 3000 3 15 15 14
3 1 0 1 0 0 0 3000 3 10 10 15
3 2 0 1 0 0 0 3000 1 12 12 10
3 3 1 1 1 0 0 387 1 10 10 12
3 4 0 1 0 0 0 3000 3 15 15 10
3 5 0 1 0 0 0 3000 2 14 14 15
3 6 1 1 1 0 0 479 1 15 15 14
3 7 0 1 0 0 0 3000 2 1 1 15
3 8 0 1 0 0 0 3000 3 10 10 1
3 9 1 1 1 0 0 1799 1 1 1 10
3 10 0 1 0 0 0 3000 2 4 4 1
3 11 1 0 0 1 0 3000 1 1 1 4
3 12 0 1 0 0 0 3000 2 1 1 1
3 13 0 1 0 0 0 3000 3 9 9 1
3 14 0 0 0 0 1 531 2 7 7 9
3 15 0 1 0 0 0 3000 2 13 13 7
3 16 1 0 0 1 0 3000 1 7 7 13
3 17 1 1 1 0 0 498 1 13 13 7
3 18 1 1 1 0 0 571 1 7 7 13
3 19 0 1 0 0 0 3000 3 14 14 7
3 20 1 1 1 0 0 1130 1 7 7 14
3 21 0 1 0 0 0 3000 2 13 13 7
3 22 0 1 0 0 0 3000 2 14 14 13
3 23 0 1 0 0 0 3000 3 9 9 14
3 24 1 1 1 0 0 428 1 14 14 9
3 25 1 1 1 0 0 1324 1 9 9 14
