1 1 0 1 0 0 0 3000 2 12 12 0
1 2 0 1 0 0 0 3000 2 7 7 12
1 3 0 1 0 0 0 3000 3 6 6 7
1 4 1 1 1 0 0 576 1 7 7 6
1 5 1 0 0 1 0 3000 1 6 6 7
1 6 1 0 0 1 0 3000 1 7 7 6
1 7 0 1 0 0 0 3000 3 14 14 7
1 8 1 1 1 0 0 433 1 7 7 14
1 9 0 1 0 0 0 3000 2 12 12 7
1 10 1 0 0 1 0 3000 1 7 7 12
1 11 0 1 0 0 0 3000 2 8 8 7
1 12 1 1 1 0 0 425 1 7 7 8
1 13 1 0 0 1 0 3000 1 8 8 7
1 14 0 1 0 0 0 3000 3 9 9 8
1 15 0 1 0 0 0 3000 2 11 11 9
1 16 0 1 0 0 0 3000 2 12 12 11
1 17 0 1 0 0 0 3000 2 10 10 12
1 18 1 0 0 1 0 3000 1 12 12 10
1 19 0 1 0 0 0 3000 3 8 8 12
1 20 0 1 0 0 0 3000 2 13 13 8
1 21 0 1 0 0 0 3000 3 15 15 13
1 22 0 1 0 0 0 3000 3 9 9 15
1 23 0 1 0 0 0 3000 2 2 2 9
1 24 1 1 1 0 0 601 1 9 9 2
1 25 0 1 0 0 0 3000 2 4 4 9
2 1 0 1 0 0 0 3000 2 3 3 4
2 2 0 1 0 0 0 3000 2 15 15 3
2 3 1 1 1 0 0 420 1 3 3 15
2 4 0 1 0 0 0 3000 2 7 7 3
2 5 0 1 0 0 0 3000 2 12 12 7
2 6 0 1 0 0 0 3000 2 2 2 12
2 7 0 1 0 0 0 3000 2 4 4 2
2 8 0 1 0 0 0 3000 3 3 3 4
2 9 0 1 0 0 0 3000 3 3 3 3
2 10 0 1 0 0 0 3000 2 14 14 3
2 11 0 1 0 0 0 3000 2 5 5 14
2 12 1 1 1 0 0 555 1 14 14 5
2 13 0 1 0 0 0 3000 3 14 14 14
2 14 0 1 0 0 0 3000 3 4 4 14
2 15 1 1 1 0 0 478 1 14 14 4
2 16 0 1 0 0 0 3000 3 11 11 14
2 17 0 0 0 0 1 500 3 4 4 11
2 18 0 1 0 0 0 3000 2 9 9 4
2 19 1 0 0 1 0 3000 1 4 4 9
2 20 0 1 0 0 0 3000 3 8 8 4
2 21 0 1 0 0 0 3000 3 5 5 8
2 22 1 1 1 0 0 433 1 8 8 5
2 23 0 1 0 0 0 3000 3 8 8 8
2 24 0 1 0 0 0 3000 3 14 14 8
2 25 0 1 0 0 0 3000 3 1 1 14
3 1 0 1 0 0 0 3000 2 9 9 1
3 2 0 1 0 0 0 3000 3 6 6 9
3 3 0 1 0 0 0 3000 2 11 11 6
3 4 0 1 0 0 0 3000 3 13 13 11
3 5 0 1 0 0 0 3000 3 9 9 13
3 6 0 1 0 0 0 3000 3 8 8 9
3 7 1 1 1 0 0 396 1 9 9 8
3 8 1 1 1 0 0 496 1 8 8 9
3 9 0 1 0 0 0 3000 3 12 12 8
3 10 0 0 0 0 1 532 2 9 9 12
3 11 1 1 1 0 0 752 1 12 12 9
3 12 0 1 0 0 0 3000 3 10 10 12
3 13 0 1 0 0 0 3000 2 11 11 10
3 14 0 1 0 0 0 3000 3 2 2 11
3 15 0 1 0 0 0 3000 3 7 7 2
3 16 1 1 1 0 0 469 1 2 2 7
3 17 0 1 0 0 0 3000 2 15 15 2
3 18 1 0 0 1 0 3000 1 2 2 15
3 19 0 1 0 0 0 3000 2 9 9 2
3 20 0 1 0 0 0 3000 3 14 14 9
3 21 1 0 0 1 0 3000 1 9 9 14
3 22 0 1 0 0 0 3000 2 1 1 9
3 23 1 1 1 0 0 597 1 9 9 1
3 24 0 1 0 0 0 3000 3 4 4 9
3 25 0 1 0 0 0 3000 2 3 3 4
