1 1 0 1 0 0 0 3000 1 1 1 0
1 2 0 1 0 0 0 3000 1 13 13 1
1 3 1 0 0 1 0 3000 1 1 1 13
1 4 0 1 0 0 0 3000 2 10 10 1
1 5 0 1 0 0 0 3000 3 11 11 10
1 6 0 1 0 0 0 3000 3 3 3 11
1 7 1 1 1 0 0 1066 1 11 11 3
1 8 1 0 0 1 0 3000 1 3 3 11
1 9 0 0 0 0 1 503 2 13 13 3
1 10 1 1 1 0 0 898 1 3 3 13
1 11 0 1 0 0 0 3000 2 7 7 3
1 12 0 1 0 0 0 3000 3 15 15 7
1 13 0 0 0 0 1 803 2 6 6 15
1 14 1 1 1 0 0 709 1 15 15 6
1 15 0 1 0 0 0 3000 3 8 8 15
1 16 1 1 1 0 0 629 1 15 15 8
1 17 0 0 0 0 1 892 3 15 15 15
1 18 0 0 0 0 1 1454 2 6 6 15
1 19 0 1 0 0 0 3000 2 4 4 6
1 20 0 0 0 0 1 525 3 11 11 4
1 21 0 1 0 0 0 3000 2 14 14 11
1 22 0 0 0 0 1 704 2 1 1 14
1 23 0 1 0 0 0 3000 2 2 2 1
1 24 0 0 0 0 1 550 2 12 12 2
1 25 1 1 1 0 0 859 1 2 2 12
2 1 0 1 0 0 0 3000 1 10 10 2
2 2 0 1 0 0 0 3000 2 9 9 10
2 3 0 1 0 0 0 3000 3 8 8 9
2 4 0 1 0 0 0 3000 3 3 3 8
2 5 1 0 0 1 0 3000 1 8 8 3
2 6 0 1 0 0 0 3000 3 14 14 8
2 7 0 0 0 0 1 1494 3 3 3 14
2 8 0 1 0 0 0 3000 2 12 12 3
2 9 1 0 0 1 0 3000 1 3 3 12
2 10 0 1 0 0 0 3000 3 15 15 3
2 11 1 1 1 0 0 311 1 3 3 15
2 12 1 1 1 0 0 1013 1 15 15 3
2 13 0 0 0 0 1 695 2 8 8 15
2 14 1 1 1 0 0 800 1 15 15 8
2 15 0 0 0 0 1 771 2 13 13 15
2 16 0 0 0 0 1 419 2 14 14 13
2 17 0 1 0 0 0 3000 3 12 12 14
2 18 0 0 0 0 1 593 3 4 4 12
2 19 0 0 0 0 1 1532 3 3 3 4
2 20 1 1 1 0 0 691 1 4 4 3
2 21 1 1 1 0 0 433 1 3 3 4
2 22 0 1 0 0 0 3000 2 9 9 3
2 23 0 0 0 0 1 581 2 8 8 9
2 24 1 1 1 0 0 1082 1 9 9 8
2 25 0 0 0 0 1 399 2 1 1 9
3 1 0 1 0 0 0 3000 1 5 5 1
3 2 0 1 0 0 0 3000 3 9 9 5
3 3 0 1 0 0 0 3000 2 11 11 9
3 4 1 1 1 0 0 638 1 9 9 11
3 5 1 0 0 1 0 3000 1 11 11 9
3 6 0 0 0 0 1 518 3 12 12 11
3 7 1 1 1 0 0 388 1 11 11 12
3 8 0 0 0 0 1 511 3 5 5 11
3 9 0 0 0 0 1 557 2 9 9 5
3 10 1 1 1 0 0 469 1 5 5 9
3 11 0 1 0 0 0 3000 2 8 8 5
3 12 0 0 0 0 1 444 2 1 1 8
3 13 0 0 0 0 1 635 3 5 5 1
3 14 0 0 0 0 1 403 3 9 9 5
3 15 0 0 0 0 1 444 3 1 1 9
3 16 0 1 0 0 0 3000 2 15 15 1
3 17 0 1 0 0 0 3000 3 12 12 15
3 18 1 1 1 0 0 510 1 15 15 12
3 19 1 1 1 0 0 1550 1 12 12 15
3 20 0 1 0 0 0 3000 2 6 6 12
3 21 0 1 0 0 0 3000 2 2 2 6
3 22 1 1 1 0 0 330 1 6 6 2
3 23 0 1 0 0 0 3000 2 14 14 6
3 24 0 1 0 0 0 3000 2 9 9 14
3 25 0 0 0 0 1 791 2 2 2 9
