1 1 0 1 0 0 0 3000 3 2 2 0
1 2 0 1 0 0 0 3000 2 5 5 2
1 3 0 1 0 0 0 3000 3 6 6 5
1 4 1 1 1 0 0 376 1 5 5 6
1 5 0 1 0 0 0 3000 2 11 11 5
1 6 0 1 0 0 0 3000 2 2 2 11
1 7 0 1 0 0 0 3000 3 1 1 2
1 8 1 1 1 0 0 362 1 2 2 1
1 9 1 1 1 0 0 738 1 1 1 2
1 10 0 1 0 0 0 3000 3 9 9 1
1 11 1 1 1 0 0 523 1 1 1 9
1 12 1 1 1 0 0 732 1 9 9 1
1 13 1 1 1 0 0 396 1 1 1 9
1 14 0 1 0 0 0 3000 2 14 14 1
1 15 1 1 1 0 0 379 1 1 1 14
1 16 1 1 1 0 0 376 1 14 14 1
1 17 0 1 0 0 0 3000 3 9 9 14
1 18 0 1 0 0 0 3000 3 6 6 9
1 19 0 1 0 0 0 3000 2 11 11 6
1 20 1 1 1 0 0 362 1 6 6 11
1 21 0 1 0 0 0 3000 2 4 4 6
1 22 0 1 0 0 0 3000 3 10 10 4
1 23 1 1 1 0 0 518 1 4 4 10
1 24 1 1 1 0 0 539 1 10 10 4
1 25 0 1 0 0 0 3000 2 3 3 10
2 1 0 1 0 0 0 3000 2 6 6 3
2 2 0 1 0 0 0 3000 3 4 4 6
2 3 0 1 0 0 0 3000 3 15 15 4
2 4 0 1 0 0 0 3000 3 14 14 15
2 5 0 1 0 0 0 3000 3 11 11 14
2 6 0 1 0 0 0 3000 3 7 7 11
2 7 0 1 0 0 0 3000 3 6 6 7
2 8 1 1 1 0 0 391 1 7 7 6
2 9 1 1 1 0 0 642 1 6 6 7
2 10 0 1 0 0 0 3000 3 11 11 6
2 11 0 1 0 0 0 3000 2 9 9 11
2 12 0 1 0 0 0 3000 3 5 5 9
2 13 0 1 0 0 0 3000 2 10 10 5
2 14 1 1 1 0 0 363 1 5 5 10
2 15 1 1 1 0 0 593 1 10 10 5
2 16 0 1 0 0 0 3000 3 1 1 10
2 17 1 1 1 0 0 434 1 10 10 1
2 18 1 1 1 0 0 548 1 1 1 10
2 19 0 0 0 0 1 511 3 7 7 1
2 20 0 1 0 0 0 3000 2 8 8 7
2 21 0 1 0 0 0 3000 3 1 1 8
2 22 1 1 1 0 0 521 1 8 8 1
2 23 1 1 1 0 0 531 1 1 1 8
2 24 0 1 0 0 0 3000 3 5 5 1
2 25 0 1 0 0 0 3000 3 15 15 5
3 1 0 1 0 0 0 3000 2 6 6 15
3 2 0 1 0 0 0 3000 2 2 2 6
3 3 0 1 0 0 0 3000 3 8 8 2
3 4 0 1 0 0 0 3000 2 10 10 8
3 5 0 1 0 0 0 3000 2 7 7 10
3 6 0 1 0 0 0 3000 3 5 5 7
3 7 0 1 0 0 0 3000 2 9 9 5
3 8 1 1 1 0 0 352 1 5 5 9
3 9 0 1 0 0 0 3000 2 12 12 5
3 10 1 1 1 0 0 475 1 5 5 12
3 11 0 1 0 0 0 3000 2 9 9 5
3 12 1 1 1 0 0 1356 1 5 5 9
3 13 0 1 0 0 0 3000 2 14 14 5
3 14 1 1 1 0 0 651 1 5 5 14
3 15 1 1 1 0 0 729 1 14 14 5
3 16 0 1 0 0 0 3000 2 3 3 14
3 17 0 1 0 0 0 3000 2 6 6 3
3 18 0 1 0 0 0 3000 3 4 4 6
3 19 1 1 1 0 0 2160 1 6 6 4
3 20 0 1 0 0 0 3000 3 5 5 6
3 21 1 1 1 0 0 526 1 6 6 5
3 22 1 1 1 0 0 525 1 5 5 6
3 23 0 1 0 0 0 3000 2 11 11 5
3 24 0 1 0 0 0 3000 3 14 14 11
3 25 0 1 0 0 0 3000 2 2 2 14
