1 1 0 1 0 0 0 3000 3 2 2 0
1 2 0 1 0 0 0 3000 2 9 9 2
1 3 0 1 0 0 0 3000 3 12 12 9
1 4 0 1 0 0 0 3000 2 8 8 12
1 5 1 1 1 0 0 963 1 12 12 8
1 6 0 1 0 0 0 3000 3 11 11 12
1 7 0 1 0 0 0 3000 2 10 10 11
1 8 0 1 0 0 0 3000 3 13 13 10
1 9 1 1 1 0 0 935 1 10 10 13
1 10 0 0 0 0 1 843 2 11 11 10
1 11 0 1 0 0 0 3000 3 4 4 11
1 12 1 1 1 0 0 527 1 11 11 4
1 13 0 1 0 0 0 3000 3 15 15 11
1 14 1 0 0 1 0 3000 1 11 11 15
1 15 0 1 0 0 0 3000 3 2 2 11
1 16 0 1 0 0 0 3000 3 3 3 2
1 17 1 1 1 0 0 496 1 2 2 3
1 18 0 1 0 0 0 3000 2 9 9 2
1 19 0 1 0 0 0 3000 3 13 13 9
1 20 0 1 0 0 0 3000 3 7 7 13
1 21 0 1 0 0 0 3000 2 1 1 7
1 22 0 1 0 0 0 3000 2 1 1 1
1 23 0 1 0 0 0 3000 3 12 12 1
1 24 0 0 0 0 1 740 2 13 13 12
1 25 0 1 0 0 0 3000 2 11 11 13
2 1 0 1 0 0 0 3000 2 7 7 11
2 2 0 1 0 0 0 3000 3 8 8 7
2 3 0 1 0 0 0 3000 2 15 15 8
2 4 0 1 0 0 0 3000 3 3 3 15
2 5 1 1 1 0 0 883 1 15 15 3
2 6 0 1 0 0 0 3000 2 13 13 15
2 7 0 1 0 0 0 3000 3 3 3 13
2 8 1 1 1 0 0 498 1 13 13 3
2 9 1 1 1 0 0 846 1 3 3 13
2 10 1 1 1 0 0 795 1 13 13 3
2 11 1 1 1 0 0 409 1 3 3 13
2 12 1 1 1 0 0 575 1 13 13 3
2 13 0 1 0 0 0 3000 2 1 1 13
2 14 1 1 1 0 0 574 1 13 13 1
2 15 0 1 0 0 0 3000 3 11 11 13
2 16 1 1 1 0 0 450 1 13 13 11
2 17 0 0 0 0 1 569 2 1 1 13
2 18 1 1 1 0 0 441 1 13 13 1
2 19 1 0 0 1 0 3000 1 1 1 13
2 20 1 1 1 0 0 328 1 13 13 1
2 21 1 1 1 0 0 1124 1 1 1 13
2 22 0 1 0 0 0 3000 2 4 4 1
2 23 1 1 1 0 0 625 1 1 1 4
2 24 1 1 1 0 0 682 1 4 4 1
2 25 1 1 1 0 0 401 1 1 1 4
3 1 0 1 0 0 0 3000 3 1 1 1
3 2 0 1 0 0 0 3000 1 8 8 1
3 3 1 1 1 0 0 601 1 1 1 8
3 4 0 1 0 0 0 3000 2 5 5 1
3 5 0 1 0 0 0 3000 2 13 13 5
3 6 0 0 0 0 1 1052 2 8 8 13
3 7 0 1 0 0 0 3000 3 7 7 8
3 8 0 1 0 0 0 3000 3 11 11 7
3 9 0 1 0 0 0 3000 2 12 12 11
3 10 1 1 1 0 0 563 1 11 11 12
3 11 1 1 1 0 0 420 1 12 12 11
3 12 1 1 1 0 0 415 1 11 11 12
3 13 0 1 0 0 0 3000 2 5 5 11
3 14 0 0 0 0 1 494 3 12 12 5
3 15 0 1 0 0 0 3000 3 9 9 12
3 16 1 1 1 0 0 413 1 12 12 9
3 17 0 0 0 0 1 529 2 13 13 12
3 18 1 1 1 0 0 693 1 12 12 13
3 19 0 1 0 0 0 3000 3 1 1 12
3 20 1 1 1 0 0 377 1 12 12 1
3 21 1 1 1 0 0 445 1 1 1 12
3 22 0 1 0 0 0 3000 3 2 2 1
3 23 0 1 0 0 0 3000 2 6 6 2
3 24 1 1 1 0 0 362 1 2 2 6
3 25 1 1 1 0 0 538 1 6 6 2
