1 1 0 1 0 0 0 3000 2 4 4 0
1 2 0 1 0 0 0 3000 2 12 12 4
1 3 1 1 1 0 0 525 1 4 4 12
1 4 0 1 0 0 0 3000 3 9 9 4
1 5 0 0 0 0 1 763 3 2 2 9
1 6 1 0 0 1 0 3000 1 9 9 2
1 7 1 0 0 1 0 3000 1 2 2 9
1 8 1 1 1 0 0 348 1 9 9 2
1 9 1 1 1 0 0 613 1 2 2 9
1 10 1 0 0 1 0 3000 1 9 9 2
1 11 0 0 0 0 1 528 2 9 9 9
1 12 0 1 0 0 0 3000 3 3 3 9
1 13 0 1 0 0 0 3000 2 15 15 3
1 14 0 1 0 0 0 3000 2 6 6 15
1 15 0 1 0 0 0 3000 2 11 11 6
1 16 0 1 0 0 0 3000 2 9 9 11
1 17 0 1 0 0 0 3000 3 1 1 9
1 18 0 1 0 0 0 3000 3 15 15 1
1 19 0 1 0 0 0 3000 2 9 9 15
1 20 0 1 0 0 0 3000 2 11 11 9
1 21 1 0 0 1 0 3000 1 9 9 11
1 22 0 1 0 0 0 3000 2 3 3 9
1 23 0 1 0 0 0 3000 2 2 2 3
1 24 0 1 0 0 0 3000 3 12 12 2
1 25 0 1 0 0 0 3000 2 7 7 12
2 1 0 1 0 0 0 3000 3 13 13 7
2 2 0 1 0 0 0 3000 2 12 12 13
2 3 1 1 1 0 0 343 1 13 13 12
2 4 1 1 1 0 0 736 1 12 12 13
2 5 0 1 0 0 0 3000 3 10 10 12
2 6 1 0 0 1 0 3000 1 12 12 10
2 7 0 1 0 0 0 3000 3 14 14 12
2 8 0 1 0 0 0 3000 2 13 13 14
2 9 0 1 0 0 0 3000 2 10 10 13
2 10 0 1 0 0 0 3000 2 3 3 10
2 11 1 1 1 0 0 345 1 10 10 3
2 12 1 1 1 0 0 388 1 3 3 10
2 13 0 1 0 0 0 3000 2 6 6 3
2 14 0 1 0 0 0 3000 2 4 4 6
2 15 0 1 0 0 0 3000 2 12 12 4
2 16 0 1 0 0 0 3000 3 6 6 12
2 17 1 1 1 0 0 369 1 12 12 6
2 18 0 1 0 0 0 3000 3 14 14 12
2 19 0 1 0 0 0 3000 3 9 9 14
2 20 1 1 1 0 0 344 1 14 14 9
2 21 1 1 1 0 0 371 1 9 9 14
2 22 1 1 1 0 0 591 1 14 14 9
2 23 0 1 0 0 0 3000 2 7 7 14
2 24 1 0 0 1 0 3000 1 14 14 7
2 25 1 1 1 0 0 324 1 7 7 14
3 1 0 1 0 0 0 3000 3 6 6 7
3 2 0 1 0 0 0 3000 3 10 10 6
3 3 1 1 1 0 0 379 1 6 6 10
3 4 0 1 0 0 0 3000 2 8 8 6
3 5 0 0 0 0 1 405 2 13 13 8
3 6 0 0 0 0 1 641 2 13 13 13
3 7 0 1 0 0 0 3000 3 7 7 13
3 8 0 1 0 0 0 3000 3 15 15 7
3 9 0 1 0 0 0 3000 3 14 14 15
3 10 0 1 0 0 0 3000 3 8 8 14
3 11 1 1 1 0 0 682 1 14 14 8
3 12 1 1 1 0 0 1380 1 8 8 14
3 13 0 1 0 0 0 3000 2 15 15 8
3 14 0 0 0 0 1 639 2 10 10 15
3 15 0 1 0 0 0 3000 3 5 5 10
3 16 0 0 0 0 1 743 3 14 14 5
3 17 0 1 0 0 0 3000 2 6 6 14
3 18 0 1 0 0 0 3000 2 12 12 6
3 19 1 1 1 0 0 466 1 6 6 12
3 20 0 1 0 0 0 3000 3 1 1 6
3 21 0 1 0 0 0 3000 3 4 4 1
3 22 0 1 0 0 0 3000 3 9 9 4
3 23 0 1 0 0 0 3000 3 3 3 9
3 24 0 1 0 0 0 3000 2 8 8 3
3 25 0 1 0 0 0 3000 2 2 2 8
