1 1 0 1 0 0 0 3000 3 14 14 0
1 2 0 1 0 0 0 3000 3 10 10 14
1 3 0 1 0 0 0 3000 2 4 4 10
1 4 0 1 0 0 0 3000 3 14 14 4
1 5 0 1 0 0 0 3000 3 8 8 14
1 6 0 1 0 0 0 3000 2 2 2 8
1 7 1 0 0 1 0 3000 1 8 8 2
1 8 1 0 0 1 0 3000 1 2 2 8
1 9 0 0 0 0 1 1117 2 3 3 2
1 10 1 0 0 1 0 3000 1 2 2 3
1 11 0 1 0 0 0 3000 2 11 11 2
1 12 1 1 1 0 0 329 1 2 2 11
1 13 0 1 0 0 0 3000 2 7 7 2
1 14 0 1 0 0 0 3000 3 12 12 7
1 15 1 1 1 0 0 350 1 7 7 12
1 16 0 1 0 0 0 3000 3 13 13 7
1 17 0 1 0 0 0 3000 2 10 10 13
1 18 1 1 1 0 0 352 1 13 13 10
1 19 0 1 0 0 0 3000 3 6 6 13
1 20 0 1 0 0 0 3000 2 14 14 6
1 21 0 1 0 0 0 3000 2 7 7 14
1 22 0 1 0 0 0 3000 2 2 2 7
1 23 1 0 0 1 0 3000 1 7 7 2
1 24 1 1 1 0 0 902 1 2 2 7
1 25 0 1 0 0 0 3000 3 9 9 2
2 1 0 1 0 0 0 3000 2 1 1 9
2 2 0 1 0 0 0 3000 1 3 3 1
2 3 1 1 1 0 0 340 1 1 1 3
2 4 0 1 0 0 0 3000 3 8 8 1
2 5 0 1 0 0 0 3000 2 11 11 8
2 6 1 1 1 0 0 332 1 8 8 11
2 7 0 1 0 0 0 3000 2 14 14 8
2 8 0 1 0 0 0 3000 2 6 6 14
2 9 0 1 0 0 0 3000 3 3 3 6
2 10 0 1 0 0 0 3000 2 14 14 3
2 11 1 0 0 1 0 3000 1 3 3 14
2 12 0 1 0 0 0 3000 2 12 12 3
2 13 0 1 0 0 0 3000 3 5 5 12
2 14 0 1 0 0 0 3000 3 1 1 5
2 15 0 1 0 0 0 3000 3 2 2 1
2 16 0 1 0 0 0 3000 2 3 3 2
2 17 1 0 0 1 0 3000 1 2 2 3
2 18 1 1 1 0 0 322 1 3 3 2
2 19 0 1 0 0 0 3000 3 1 1 3
2 20 1 0 0 1 0 3000 1 3 3 1
2 21 1 1 1 0 0 512 1 1 1 3
2 22 0 1 0 0 0 3000 3 10 10 1
2 23 0 1 0 0 0 3000 3 5 5 10
2 24 1 1 1 0 0 354 1 10 10 5
2 25 0 1 0 0 0 3000 3 8 8 10
3 1 0 1 0 0 0 3000 2 12 12 8
3 2 0 1 0 0 0 3000 3 9 9 12
3 3 0 1 0 0 0 3000 3 1 1 9
3 4 0 1 0 0 0 3000 2 13 13 1
3 5 0 1 0 0 0 3000 2 3 3 13
3 6 0 1 0 0 0 3000 3 6 6 3
3 7 0 1 0 0 0 3000 3 11 11 6
3 8 1 0 0 1 0 3000 1 6 6 11
3 9 0 1 0 0 0 3000 2 12 12 6
3 10 0 1 0 0 0 3000 2 11 11 12
3 11 1 0 0 1 0 3000 1 12 12 11
3 12 1 1 1 0 0 319 1 11 11 12
3 13 1 0 0 1 0 3000 1 12 12 11
3 14 0 1 0 0 0 3000 3 6 6 12
3 15 0 1 0 0 0 3000 2 2 2 6
3 16 0 1 0 0 0 3000 3 13 13 2
3 17 0 1 0 0 0 3000 2 12 12 13
3 18 1 1 1 0 0 355 1 13 13 12
3 19 0 1 0 0 0 3000 3 11 11 13
3 20 0 1 0 0 0 3000 2 15 15 11
3 21 0 1 0 0 0 3000 2 2 2 15
3 22 0 1 0 0 0 3000 3 12 12 2
3 23 0 1 0 0 0 3000 2 14 14 12
3 24 1 1 1 0 0 396 1 12 12 14
3 25 1 0 0 1 0 3000 1 14 14 12
