1 1 0 1 0 0 0 3000 1 9 9 0
1 2 0 1 0 0 0 3000 1 9 9 9
1 3 0 1 0 0 0 3000 2 5 5 9
1 4 1 0 0 1 0 3000 1 9 9 5
1 5 0 1 0 0 0 3000 3 6 6 9
1 6 1 1 1 0 0 320 1 9 9 6
1 7 0 1 0 0 0 3000 2 3 3 9
1 8 1 0 0 1 0 3000 1 9 9 3
1 9 1 1 1 0 0 327 1 3 3 9
1 10 1 0 0 1 0 3000 1 9 9 3
1 11 1 0 0 1 0 3000 1 3 3 9
1 12 0 1 0 0 0 3000 3 11 11 3
1 13 0 1 0 0 0 3000 2 5 5 11
1 14 0 1 0 0 0 3000 2 2 2 5
1 15 0 0 0 0 1 319 2 6 6 2
1 16 0 1 0 0 0 3000 3 5 5 6
1 17 0 1 0 0 0 3000 3 1 1 5
1 18 0 1 0 0 0 3000 2 13 13 1
1 19 0 1 0 0 0 3000 2 2 2 13
1 20 0 1 0 0 0 3000 3 11 11 2
1 21 0 1 0 0 0 3000 3 7 7 11
1 22 0 1 0 0 0 3000 2 12 12 7
1 23 0 1 0 0 0 3000 2 1 1 12
1 24 0 1 0 0 0 3000 3 5 5 1
1 25 1 0 0 1 0 3000 1 1 1 5
2 1 0 1 0 0 0 3000 3 1 1 1
2 2 0 1 0 0 0 3000 1 2 2 1
2 3 0 1 0 0 0 3000 2 5 5 2
2 4 0 1 0 0 0 3000 2 4 4 5
2 5 0 1 0 0 0 3000 2 13 13 4
2 6 0 1 0 0 0 3000 2 14 14 13
2 7 1 0 0 1 0 3000 1 13 13 14
2 8 0 1 0 0 0 3000 3 3 3 13
2 9 0 1 0 0 0 3000 3 9 9 3
2 10 1 0 0 1 0 3000 1 3 3 9
2 11 1 0 0 1 0 3000 1 9 9 3
2 12 0 1 0 0 0 3000 3 4 4 9
2 13 1 0 0 1 0 3000 1 9 9 4
2 14 1 0 0 1 0 3000 1 4 4 9
2 15 1 1 1 0 0 377 1 9 9 4
2 16 0 1 0 0 0 3000 2 10 10 9
2 17 1 0 0 1 0 3000 1 9 9 10
2 18 0 1 0 0 0 3000 3 15 15 9
2 19 1 0 0 1 0 3000 1 9 9 15
2 20 1 0 0 1 0 3000 1 15 15 9
2 21 1 1 1 0 0 419 1 9 9 15
2 22 1 0 0 1 0 3000 1 15 15 9
2 23 0 1 0 0 0 3000 3 7 7 15
2 24 0 1 0 0 0 3000 2 14 14 7
2 25 0 1 0 0 0 3000 3 5 5 14
3 1 0 1 0 0 0 3000 1 1 1 5
3 2 0 1 0 0 0 3000 1 9 9 1
3 3 0 1 0 0 0 3000 2 5 5 9
3 4 0 1 0 0 0 3000 2 13 13 5
3 5 0 1 0 0 0 3000 2 12 12 13
3 6 0 1 0 0 0 3000 2 5 5 12
3 7 0 1 0 0 0 3000 2 4 4 5
3 8 0 1 0 0 0 3000 2 14 14 4
3 9 1 1 1 0 0 343 1 4 4 14
3 10 1 0 0 1 0 3000 1 14 14 4
3 11 0 1 0 0 0 3000 3 10 10 14
3 12 0 0 0 0 1 626 2 11 11 10
3 13 0 1 0 0 0 3000 3 12 12 11
3 14 0 1 0 0 0 3000 2 4 4 12
3 15 1 1 1 0 0 426 1 12 12 4
3 16 0 1 0 0 0 3000 3 12 12 12
3 17 1 0 0 1 0 3000 1 12 12 12
3 18 1 1 1 0 0 472 1 12 12 12
3 19 0 1 0 0 0 3000 3 4 4 12
3 20 0 1 0 0 0 3000 3 11 11 4
3 21 1 1 1 0 0 406 1 4 4 11
3 22 1 0 0 1 0 3000 1 11 11 4
3 23 0 1 0 0 0 3000 2 9 9 11
3 24 1 1 1 0 0 380 1 11 11 9
3 25 0 1 0 0 0 3000 2 3 3 11
