1 1 0 1 0 0 0 3000 3 15 15 0
1 2 0 1 0 0 0 3000 1 2 2 15
1 3 0 1 0 0 0 3000 2 2 2 2
1 4 0 1 0 0 0 3000 3 10 10 2
1 5 1 1 1 0 0 1678 1 2 2 10
1 6 0 1 0 0 0 3000 2 8 8 2
1 7 1 1 1 0 0 513 1 2 2 8
1 8 1 1 1 0 0 556 1 8 8 2
1 9 0 1 0 0 0 3000 3 9 9 8
1 10 0 1 0 0 0 3000 3 15 15 9
1 11 0 1 0 0 0 3000 2 1 1 15
1 12 0 1 0 0 0 3000 3 14 14 1
1 13 0 1 0 0 0 3000 2 10 10 14
1 14 0 0 0 0 1 401 3 9 9 10
1 15 0 1 0 0 0 3000 3 1 1 9
1 16 0 1 0 0 0 3000 3 11 11 1
1 17 0 1 0 0 0 3000 2 6 6 11
1 18 0 1 0 0 0 3000 3 14 14 6
1 19 1 0 0 1 0 3000 1 6 6 14
1 20 1 1 1 0 0 755 1 14 14 6
1 21 0 1 0 0 0 3000 3 12 12 14
1 22 1 1 1 0 0 677 1 14 14 12
1 23 0 1 0 0 0 3000 3 6 6 14
1 24 0 1 0 0 0 3000 3 11 11 6
1 25 0 1 0 0 0 3000 2 13 13 11
2 1 0 1 0 0 0 3000 3 15 15 13
2 2 0 1 0 0 0 3000 1 1 1 15
2 3 0 1 0 0 0 3000 2 7 7 1
2 4 0 1 0 0 0 3000 3 5 5 7
2 5 0 1 0 0 0 3000 2 4 4 5
2 6 1 1 1 0 0 611 1 5 5 4
2 7 0 1 0 0 0 3000 2 7 7 5
2 8 0 1 0 0 0 3000 3 15 15 7
2 9 0 1 0 0 0 3000 2 10 10 15
2 10 0 1 0 0 0 3000 3 12 12 10
2 11 1 1 1 0 0 714 1 10 10 12
2 12 0 1 0 0 0 3000 2 9 9 10
2 13 0 0 0 0 1 682 3 2 2 9
2 14 0 1 0 0 0 3000 2 10 10 2
2 15 0 1 0 0 0 3000 2 3 3 10
2 16 0 1 0 0 0 3000 2 12 12 3
2 17 0 1 0 0 0 3000 2 7 7 12
2 18 0 1 0 0 0 3000 3 13 13 7
2 19 1 1 1 0 0 549 1 7 7 13
2 20 1 0 0 1 0 3000 1 13 13 7
2 21 0 1 0 0 0 3000 3 4 4 13
2 22 1 1 1 0 0 755 1 13 13 4
2 23 1 0 0 1 0 3000 1 4 4 13
2 24 0 0 0 0 1 1292 2 15 15 4
2 25 0 0 0 0 1 1598 3 7 7 15
3 1 0 1 0 0 0 3000 2 4 4 7
3 2 0 1 0 0 0 3000 1 9 9 4
3 3 0 1 0 0 0 3000 2 9 9 9
3 4 0 1 0 0 0 3000 3 5 5 9
3 5 1 1 1 0 0 398 1 9 9 5
3 6 1 1 1 0 0 1079 1 5 5 9
3 7 1 1 1 0 0 559 1 9 9 5
3 8 1 1 1 0 0 576 1 5 5 9
3 9 0 1 0 0 0 3000 3 1 1 5
3 10 0 1 0 0 0 3000 3 7 7 1
3 11 0 0 0 0 1 610 2 7 7 7
3 12 1 0 0 1 0 3000 1 7 7 7
3 13 1 1 1 0 0 496 1 7 7 7
3 14 0 1 0 0 0 3000 3 9 9 7
3 15 0 1 0 0 0 3000 3 15 15 9
3 16 0 0 0 0 1 606 3 15 15 15
3 17 1 1 1 0 0 565 1 15 15 15
3 18 0 1 0 0 0 3000 2 13 13 15
3 19 0 1 0 0 0 3000 2 7 7 13
3 20 0 1 0 0 0 3000 2 7 7 7
3 21 1 0 0 1 0 3000 1 7 7 7
3 22 0 1 0 0 0 3000 3 2 2 7
3 23 1 1 1 0 0 622 1 7 7 2
3 24 0 1 0 0 0 3000 3 12 12 7
3 25 0 1 0 0 0 3000 3 5 5 12
