1 1 0 1 0 0 0 3000 2 14 14 0
1 2 0 1 0 0 0 3000 3 4 4 14
1 3 0 1 0 0 0 3000 3 7 7 4
1 4 1 1 1 0 0 693 1 4 4 7
1 5 0 1 0 0 0 3000 3 8 8 4
1 6 0 1 0 0 0 3000 2 6 6 8
1 7 1 1 1 0 0 558 1 8 8 6
1 8 0 1 0 0 0 3000 3 9 9 8
1 9 0 1 0 0 0 3000 3 15 15 9
1 10 1 1 1 0 0 590 1 9 9 15
1 11 1 0 0 1 0 3000 1 15 15 9
1 12 0 1 0 0 0 3000 3 8 8 15
1 13 1 1 1 0 0 623 1 15 15 8
1 14 0 1 0 0 0 3000 3 2 2 15
1 15 0 1 0 0 0 3000 3 3 3 2
1 16 0 1 0 0 0 3000 2 10 10 3
1 17 1 1 1 0 0 571 1 3 3 10
1 18 1 1 1 0 0 799 1 10 10 3
1 19 0 1 0 0 0 3000 2 12 12 10
1 20 0 1 0 0 0 3000 3 14 14 12
1 21 0 1 0 0 0 3000 2 9 9 14
1 22 1 0 0 1 0 3000 1 14 14 9
1 23 1 1 1 0 0 2348 1 9 9 14
1 24 0 1 0 0 0 3000 3 9 9 9
1 25 0 1 0 0 0 3000 3 10 10 9
2 1 0 1 0 0 0 3000 1 10 10 10
2 2 0 1 0 0 0 3000 3 7 7 10
2 3 0 1 0 0 0 3000 2 14 14 7
2 4 0 1 0 0 0 3000 2 12 12 14
2 5 0 1 0 0 0 3000 2 1 1 12
2 6 1 1 1 0 0 954 1 12 12 1
2 7 1 1 1 0 0 605 1 1 1 12
2 8 0 1 0 0 0 3000 3 13 13 1
2 9 1 1 1 0 0 1053 1 1 1 13
2 10 1 1 1 0 0 909 1 13 13 1
2 11 1 1 1 0 0 1401 1 1 1 13
2 12 0 1 0 0 0 3000 3 10 10 1
2 13 0 1 0 0 0 3000 3 2 2 10
2 14 0 1 0 0 0 3000 2 5 5 2
2 15 1 1 1 0 0 721 1 2 2 5
2 16 0 1 0 0 0 3000 3 9 9 2
2 17 1 1 1 0 0 1099 1 2 2 9
2 18 1 0 0 1 0 3000 1 9 9 2
2 19 1 1 1 0 0 987 1 2 2 9
2 20 0 1 0 0 0 3000 2 15 15 2
2 21 0 1 0 0 0 3000 2 7 7 15
2 22 0 1 0 0 0 3000 2 7 7 7
2 23 0 1 0 0 0 3000 3 13 13 7
2 24 0 1 0 0 0 3000 3 11 11 13
2 25 0 1 0 0 0 3000 2 12 12 11
3 1 0 1 0 0 0 3000 3 15 15 12
3 2 0 1 0 0 0 3000 2 14 14 15
3 3 0 1 0 0 0 3000 3 13 13 14
3 4 0 1 0 0 0 3000 3 8 8 13
3 5 1 1 1 0 0 616 1 13 13 8
3 6 0 1 0 0 0 3000 2 7 7 13
3 7 0 1 0 0 0 3000 3 12 12 7
3 8 0 1 0 0 0 3000 2 10 10 12
3 9 1 1 1 0 0 435 1 12 12 10
3 10 1 1 1 0 0 642 1 10 10 12
3 11 1 0 0 1 0 3000 1 12 12 10
3 12 0 0 0 0 1 688 2 12 12 12
3 13 0 1 0 0 0 3000 3 15 15 12
3 14 0 1 0 0 0 3000 3 6 6 15
3 15 0 1 0 0 0 3000 3 13 13 6
3 16 0 1 0 0 0 3000 3 5 5 13
3 17 1 1 1 0 0 427 1 13 13 5
3 18 0 1 0 0 0 3000 2 9 9 13
3 19 0 1 0 0 0 3000 2 15 15 9
3 20 0 1 0 0 0 3000 2 4 4 15
3 21 0 1 0 0 0 3000 3 9 9 4
3 22 0 1 0 0 0 3000 3 6 6 9
3 23 1 1 1 0 0 554 1 9 9 6
3 24 1 1 1 0 0 423 1 6 6 9
3 25 0 1 0 0 0 3000 2 13 13 6
