1 1 0 1 0 0 0 3000 1 9 9 0
1 2 0 1 0 0 0 3000 2 11 11 9
1 3 0 1 0 0 0 3000 2 12 12 11
1 4 0 1 0 0 0 3000 2 1 1 12
1 5 1 1 1 0 0 487 1 12 12 1
1 6 1 1 1 0 0 589 1 1 1 12
1 7 0 1 0 0 0 3000 3 14 14 1
1 8 1 1 1 0 0 683 1 1 1 14
1 9 1 1 1 0 0 894 1 14 14 1
1 10 0 1 0 0 0 3000 3 3 3 14
1 11 1 0 0 1 0 3000 1 14 14 3
1 12 0 1 0 0 0 3000 2 9 9 14
1 13 0 1 0 0 0 3000 2 10 10 9
1 14 0 1 0 0 0 3000 3 6 6 10
1 15 0 1 0 0 0 3000 3 13 13 6
1 16 0 1 0 0 0 3000 3 7 7 13
1 17 1 1 1 0 0 712 1 13 13 7
1 18 0 1 0 0 0 3000 2 11 11 13
1 19 0 1 0 0 0 3000 3 12 12 11
1 20 0 0 0 0 1 515 3 14 14 12
1 21 0 1 0 0 0 3000 2 8 8 14
1 22 0 1 0 0 0 3000 2 1 1 8
1 23 1 1 1 0 0 373 1 8 8 1
1 24 0 1 0 0 0 3000 3 4 4 8
1 25 0 1 0 0 0 3000 3 9 9 4
2 1 0 1 0 0 0 3000 1 7 7 9
2 2 0 1 0 0 0 3000 1 2 2 7
2 3 1 1 1 0 0 271 1 7 7 2
2 4 0 1 0 0 0 3000 3 15 15 7
2 5 0 1 0 0 0 3000 3 4 4 15
2 6 0 1 0 0 0 3000 3 6 6 4
2 7 1 1 1 0 0 424 1 4 4 6
2 8 0 1 0 0 0 3000 2 8 8 4
2 9 1 1 1 0 0 304 1 4 4 8
2 10 1 1 1 0 0 398 1 8 8 4
2 11 0 1 0 0 0 3000 2 12 12 8
2 12 0 1 0 0 0 3000 2 13 13 12
2 13 0 1 0 0 0 3000 3 4 4 13
2 14 0 1 0 0 0 3000 3 2 2 4
2 15 1 0 0 1 0 3000 1 4 4 2
2 16 0 0 0 0 1 281 2 15 15 4
2 17 0 0 0 0 1 540 2 11 11 15
2 18 0 0 0 0 1 526 2 4 4 11
2 19 0 0 0 0 1 450 3 6 6 4
2 20 0 1 0 0 0 3000 3 6 6 6
2 21 0 1 0 0 0 3000 3 5 5 6
2 22 1 1 1 0 0 379 1 6 6 5
2 23 0 1 0 0 0 3000 2 1 1 6
2 24 0 1 0 0 0 3000 2 9 9 1
2 25 1 1 1 0 0 857 1 1 1 9
3 1 0 1 0 0 0 3000 3 14 14 1
3 2 0 1 0 0 0 3000 1 12 12 14
3 3 1 1 1 0 0 438 1 14 14 12
3 4 0 0 0 0 1 516 2 14 14 14
3 5 0 1 0 0 0 3000 3 10 10 14
3 6 0 0 0 0 1 470 2 10 10 10
3 7 0 1 0 0 0 3000 3 9 9 10
3 8 0 1 0 0 0 3000 2 4 4 9
3 9 0 0 0 0 1 280 2 10 10 4
3 10 0 1 0 0 0 3000 2 5 5 10
3 11 1 1 1 0 0 702 1 10 10 5
3 12 1 1 1 0 0 650 1 5 5 10
3 13 0 1 0 0 0 3000 2 15 15 5
3 14 0 1 0 0 0 3000 2 10 10 15
3 15 0 1 0 0 0 3000 2 12 12 10
3 16 1 1 1 0 0 288 1 10 10 12
3 17 0 1 0 0 0 3000 3 6 6 10
3 18 0 1 0 0 0 3000 3 8 8 6
3 19 0 0 0 0 1 559 3 8 8 8
3 20 1 1 1 0 0 511 1 8 8 8
3 21 0 1 0 0 0 3000 3 13 13 8
3 22 0 1 0 0 0 3000 3 10 10 13
3 23 0 0 0 0 1 523 3 10 10 10
3 24 0 1 0 0 0 3000 3 15 15 10
3 25 0 1 0 0 0 3000 3 15 15 15
