1 1 0 1 0 0 0 3000 1 9 9 0
1 2 0 1 0 0 0 3000 1 7 7 9
1 3 0 1 0 0 0 3000 3 6 6 7
1 4 0 1 0 0 0 3000 3 10 10 6
1 5 1 1 1 0 0 779 1 6 6 10
1 6 0 1 0 0 0 3000 2 5 5 6
1 7 0 1 0 0 0 3000 2 13 13 5
1 8 0 1 0 0 0 3000 2 8 8 13
1 9 0 0 0 0 1 597 3 5 5 8
1 10 0 1 0 0 0 3000 3 7 7 5
1 11 0 1 0 0 0 3000 3 7 7 7
1 12 1 1 1 0 0 549 1 7 7 7
1 13 0 1 0 0 0 3000 2 5 5 7
1 14 1 1 1 0 0 1050 1 7 7 5
1 15 1 1 1 0 0 1185 1 5 5 7
1 16 1 1 1 0 0 943 1 7 7 5
1 17 0 1 0 0 0 3000 3 12 12 7
1 18 0 0 0 0 1 854 3 5 5 12
1 19 0 1 0 0 0 3000 2 8 8 5
1 20 1 1 1 0 0 507 1 5 5 8
1 21 0 1 0 0 0 3000 2 10 10 5
1 22 0 1 0 0 0 3000 3 3 3 10
1 23 0 1 0 0 0 3000 3 4 4 3
1 24 0 1 0 0 0 3000 2 2 2 4
1 25 1 1 1 0 0 609 1 4 4 2
2 1 0 1 0 0 0 3000 1 4 4 4
2 2 0 1 0 0 0 3000 2 11 11 4
2 3 1 1 1 0 0 590 1 4 4 11
2 4 0 1 0 0 0 3000 2 12 12 4
2 5 1 0 0 1 0 3000 1 4 4 12
2 6 0 1 0 0 0 3000 3 9 9 4
2 7 0 1 0 0 0 3000 3 10 10 9
2 8 0 0 0 0 1 333 3 15 15 10
2 9 0 1 0 0 0 3000 3 13 13 15
2 10 1 0 0 1 0 3000 1 15 15 13
2 11 1 1 1 0 0 945 1 13 13 15
2 12 1 1 1 0 0 649 1 15 15 13
2 13 0 1 0 0 0 3000 2 15 15 15
2 14 1 1 1 0 0 490 1 15 15 15
2 15 1 0 0 1 0 3000 1 15 15 15
2 16 1 1 1 0 0 482 1 15 15 15
2 17 1 0 0 1 0 3000 1 15 15 15
2 18 0 1 0 0 0 3000 3 3 3 15
2 19 0 1 0 0 0 3000 2 8 8 3
2 20 0 1 0 0 0 3000 3 10 10 8
2 21 1 1 1 0 0 499 1 8 8 10
2 22 0 1 0 0 0 3000 3 3 3 8
2 23 0 1 0 0 0 3000 2 4 4 3
2 24 1 0 0 1 0 3000 1 3 3 4
2 25 0 1 0 0 0 3000 3 1 1 3
3 1 0 1 0 0 0 3000 3 1 1 1
3 2 0 1 0 0 0 3000 3 14 14 1
3 3 0 1 0 0 0 3000 2 13 13 14
3 4 0 1 0 0 0 3000 3 9 9 13
3 5 1 1 1 0 0 543 1 13 13 9
3 6 0 1 0 0 0 3000 2 14 14 13
3 7 1 1 1 0 0 613 1 13 13 14
3 8 1 1 1 0 0 703 1 14 14 13
3 9 0 1 0 0 0 3000 2 15 15 14
3 10 0 1 0 0 0 3000 3 4 4 15
3 11 0 1 0 0 0 3000 3 12 12 4
3 12 0 0 0 0 1 804 2 12 12 12
3 13 0 1 0 0 0 3000 2 8 8 12
3 14 0 1 0 0 0 3000 2 13 13 8
3 15 1 1 1 0 0 462 1 8 8 13
3 16 1 1 1 0 0 526 1 13 13 8
3 17 1 0 0 1 0 3000 1 8 8 13
3 18 1 0 0 1 0 3000 1 13 13 8
3 19 0 0 0 0 1 394 3 3 3 13
3 20 0 1 0 0 0 3000 2 5 5 3
3 21 0 0 0 0 1 663 2 10 10 5
3 22 0 1 0 0 0 3000 2 4 4 10
3 23 0 0 0 0 1 612 2 5 5 4
3 24 0 1 0 0 0 3000 3 11 11 5
3 25 0 1 0 0 0 3000 2 15 15 11
