1 1 0 1 0 0 0 3000 2 6 6 0
1 2 0 1 0 0 0 3000 3 1 1 6
1 3 0 1 0 0 0 3000 3 9 9 1
1 4 1 1 1 0 0 478 1 1 1 9
1 5 0 1 0 0 0 3000 3 11 11 1
1 6 1 1 1 0 0 725 1 1 1 11
1 7 0 1 0 0 0 3000 2 2 2 1
1 8 0 1 0 0 0 3000 3 5 5 2
1 9 0 1 0 0 0 3000 2 4 4 5
1 10 1 1 1 0 0 469 1 5 5 4
1 11 0 1 0 0 0 3000 3 11 11 5
1 12 1 1 1 0 0 1131 1 5 5 11
1 13 1 1 1 0 0 833 1 11 11 5
1 14 1 1 1 0 0 1300 1 5 5 11
1 15 1 1 1 0 0 946 1 11 11 5
1 16 0 1 0 0 0 3000 3 13 13 11
1 17 0 1 0 0 0 3000 2 13 13 13
1 18 0 1 0 0 0 3000 2 14 14 13
1 19 0 1 0 0 0 3000 2 7 7 14
1 20 0 1 0 0 0 3000 2 10 10 7
1 21 0 1 0 0 0 3000 2 15 15 10
1 22 0 1 0 0 0 3000 3 7 7 15
1 23 0 1 0 0 0 3000 2 2 2 7
1 24 0 1 0 0 0 3000 2 4 4 2
1 25 0 1 0 0 0 3000 2 9 9 4
2 1 0 1 0 0 0 3000 1 8 8 9
2 2 0 1 0 0 0 3000 3 13 13 8
2 3 0 1 0 0 0 3000 3 9 9 13
2 4 1 1 1 0 0 1381 1 13 13 9
2 5 0 1 0 0 0 3000 2 4 4 13
2 6 0 1 0 0 0 3000 3 14 14 4
2 7 0 1 0 0 0 3000 2 15 15 14
2 8 0 1 0 0 0 3000 3 1 1 15
2 9 0 1 0 0 0 3000 3 8 8 1
2 10 0 1 0 0 0 3000 3 13 13 8
2 11 0 1 0 0 0 3000 2 13 13 13
2 12 0 1 0 0 0 3000 3 10 10 13
2 13 0 1 0 0 0 3000 3 7 7 10
2 14 1 1 1 0 0 547 1 10 10 7
2 15 1 0 0 1 0 3000 1 7 7 10
2 16 0 1 0 0 0 3000 3 14 14 7
2 17 1 1 1 0 0 1179 1 7 7 14
2 18 0 1 0 0 0 3000 3 5 5 7
2 19 0 1 0 0 0 3000 3 15 15 5
2 20 0 1 0 0 0 3000 2 2 2 15
2 21 1 1 1 0 0 725 1 15 15 2
2 22 0 1 0 0 0 3000 2 3 3 15
2 23 0 1 0 0 0 3000 2 9 9 3
2 24 1 1 1 0 0 432 1 3 3 9
2 25 0 1 0 0 0 3000 2 8 8 3
3 1 0 1 0 0 0 3000 1 10 10 8
3 2 0 1 0 0 0 3000 1 6 6 10
3 3 0 1 0 0 0 3000 2 6 6 6
3 4 0 1 0 0 0 3000 3 3 3 6
3 5 0 1 0 0 0 3000 3 13 13 3
3 6 1 1 1 0 0 1380 1 3 3 13
3 7 0 1 0 0 0 3000 3 6 6 3
3 8 1 1 1 0 0 507 1 3 3 6
3 9 0 1 0 0 0 3000 3 4 4 3
3 10 1 1 1 0 0 495 1 3 3 4
3 11 0 1 0 0 0 3000 2 1 1 3
3 12 0 1 0 0 0 3000 2 8 8 1
3 13 0 1 0 0 0 3000 2 5 5 8
3 14 0 1 0 0 0 3000 2 1 1 5
3 15 1 0 0 1 0 3000 1 5 5 1
3 16 0 1 0 0 0 3000 3 12 12 5
3 17 0 1 0 0 0 3000 3 6 6 12
3 18 1 1 1 0 0 1305 1 12 12 6
3 19 0 1 0 0 0 3000 3 4 4 12
3 20 0 1 0 0 0 3000 2 7 7 4
3 21 1 1 1 0 0 445 1 4 4 7
3 22 1 1 1 0 0 697 1 7 7 4
3 23 0 1 0 0 0 3000 3 9 9 7
3 24 0 1 0 0 0 3000 2 4 4 9
3 25 0 1 0 0 0 3000 3 6 6 4
