1 1 0 1 0 0 0 3000 2 14 14 0
1 2 0 1 0 0 0 3000 2 3 3 14
1 3 1 1 1 0 0 506 1 14 14 3
1 4 0 1 0 0 0 3000 3 13 13 14
1 5 0 1 0 0 0 3000 3 8 8 13
1 6 1 1 1 0 0 518 1 13 13 8
1 7 0 1 0 0 0 3000 3 4 4 13
1 8 0 1 0 0 0 3000 3 9 9 4
1 9 1 1 1 0 0 675 1 4 4 9
1 10 0 1 0 0 0 3000 3 12 12 4
1 11 1 0 0 1 0 3000 1 4 4 12
1 12 1 1 1 0 0 605 1 12 12 4
1 13 1 0 0 1 0 3000 1 4 4 12
1 14 0 1 0 0 0 3000 3 6 6 4
1 15 0 1 0 0 0 3000 2 3 3 6
1 16 0 1 0 0 0 3000 3 8 8 3
1 17 0 1 0 0 0 3000 2 8 8 8
1 18 0 1 0 0 0 3000 2 4 4 8
1 19 0 1 0 0 0 3000 2 7 7 4
1 20 0 1 0 0 0 3000 3 6 6 7
1 21 0 1 0 0 0 3000 3 1 1 6
1 22 1 0 0 1 0 3000 1 6 6 1
1 23 0 1 0 0 0 3000 3 2 2 6
1 24 1 1 1 0 0 488 1 6 6 2
1 25 0 1 0 0 0 3000 2 1 1 6
2 1 0 1 0 0 0 3000 2 14 14 1
2 2 0 1 0 0 0 3000 1 5 5 14
2 3 0 1 0 0 0 3000 2 1 1 5
2 4 0 1 0 0 0 3000 3 4 4 1
2 5 0 1 0 0 0 3000 2 6 6 4
2 6 0 1 0 0 0 3000 3 1 1 6
2 7 1 0 0 1 0 3000 1 6 6 1
2 8 0 1 0 0 0 3000 2 3 3 6
2 9 0 1 0 0 0 3000 3 1 1 3
2 10 0 1 0 0 0 3000 3 10 10 1
2 11 0 1 0 0 0 3000 2 11 11 10
2 12 0 1 0 0 0 3000 2 9 9 11
2 13 0 1 0 0 0 3000 2 13 13 9
2 14 0 1 0 0 0 3000 2 10 10 13
2 15 1 1 1 0 0 655 1 13 13 10
2 16 1 0 0 1 0 3000 1 10 10 13
2 17 0 1 0 0 0 3000 2 11 11 10
2 18 0 1 0 0 0 3000 2 3 3 11
2 19 1 0 0 1 0 3000 1 11 11 3
2 20 0 1 0 0 0 3000 3 9 9 11
2 21 0 1 0 0 0 3000 3 15 15 9
2 22 1 0 0 1 0 3000 1 9 9 15
2 23 1 1 1 0 0 852 1 15 15 9
2 24 0 1 0 0 0 3000 3 13 13 15
2 25 0 1 0 0 0 3000 2 5 5 13
3 1 0 1 0 0 0 3000 1 8 8 5
3 2 0 1 0 0 0 3000 3 9 9 8
3 3 0 1 0 0 0 3000 3 4 4 9
3 4 0 1 0 0 0 3000 2 3 3 4
3 5 0 0 0 0 1 924 2 9 9 3
3 6 1 0 0 1 0 3000 1 3 3 9
3 7 0 0 0 0 1 606 2 3 3 3
3 8 0 1 0 0 0 3000 3 14 14 3
3 9 0 1 0 0 0 3000 3 2 2 14
3 10 0 1 0 0 0 3000 3 15 15 2
3 11 0 1 0 0 0 3000 3 4 4 15
3 12 0 1 0 0 0 3000 3 12 12 4
3 13 0 1 0 0 0 3000 2 5 5 12
3 14 0 1 0 0 0 3000 3 13 13 5
3 15 0 1 0 0 0 3000 3 15 15 13
3 16 1 1 1 0 0 886 1 13 13 15
3 17 1 0 0 1 0 3000 1 15 15 13
3 18 0 1 0 0 0 3000 2 6 6 15
3 19 1 1 1 0 0 817 1 15 15 6
3 20 1 0 0 1 0 3000 1 6 6 15
3 21 0 1 0 0 0 3000 2 3 3 6
3 22 0 1 0 0 0 3000 2 5 5 3
3 23 1 0 0 1 0 3000 1 3 3 5
3 24 0 1 0 0 0 3000 3 3 3 3
3 25 1 1 1 0 0 499 1 3 3 3
