1 1 0 1 0 0 0 3000 1 6 6 0
1 2 0 1 0 0 0 3000 3 2 2 6
1 3 0 1 0 0 0 3000 3 2 2 2
1 4 0 1 0 0 0 3000 3 3 3 2
1 5 0 1 0 0 0 3000 2 1 1 3
1 6 1 1 1 0 0 1101 1 3 3 1
1 7 0 1 0 0 0 3000 3 12 12 3
1 8 1 1 1 0 0 686 1 3 3 12
1 9 0 1 0 0 0 3000 3 8 8 3
1 10 0 1 0 0 0 3000 3 13 13 8
1 11 1 1 1 0 0 646 1 8 8 13
1 12 1 0 0 1 0 3000 1 13 13 8
1 13 0 1 0 0 0 3000 2 13 13 13
1 14 0 1 0 0 0 3000 3 1 1 13
1 15 0 1 0 0 0 3000 3 14 14 1
1 16 0 1 0 0 0 3000 3 2 2 14
1 17 1 1 1 0 0 496 1 14 14 2
1 18 0 1 0 0 0 3000 2 14 14 14
1 19 1 1 1 0 0 679 1 14 14 14
1 20 0 1 0 0 0 3000 3 3 3 14
1 21 0 1 0 0 0 3000 2 5 5 3
1 22 1 1 1 0 0 1786 1 3 3 5
1 23 0 1 0 0 0 3000 3 9 9 3
1 24 0 1 0 0 0 3000 3 8 8 9
1 25 1 1 1 0 0 671 1 9 9 8
2 1 0 1 0 0 0 3000 1 15 15 9
2 2 0 1 0 0 0 3000 2 7 7 15
2 3 0 1 0 0 0 3000 3 14 14 7
2 4 0 1 0 0 0 3000 3 15 15 14
2 5 1 1 1 0 0 974 1 14 14 15
2 6 0 1 0 0 0 3000 3 12 12 14
2 7 1 1 1 0 0 1729 1 14 14 12
2 8 0 1 0 0 0 3000 3 10 10 14
2 9 1 1 1 0 0 536 1 14 14 10
2 10 0 1 0 0 0 3000 2 7 7 14
2 11 0 1 0 0 0 3000 2 3 3 7
2 12 0 1 0 0 0 3000 2 11 11 3
2 13 1 0 0 1 0 3000 1 3 3 11
2 14 0 1 0 0 0 3000 2 5 5 3
2 15 1 1 1 0 0 521 1 3 3 5
2 16 0 1 0 0 0 3000 3 4 4 3
2 17 0 0 0 0 1 605 2 5 5 4
2 18 0 0 0 0 1 536 2 9 9 5
2 19 0 0 0 0 1 533 2 7 7 9
2 20 0 0 0 0 1 841 3 15 15 7
2 21 0 1 0 0 0 3000 3 9 9 15
2 22 0 1 0 0 0 3000 2 13 13 9
2 23 0 1 0 0 0 3000 2 1 1 13
2 24 0 0 0 0 1 643 3 12 12 1
2 25 0 1 0 0 0 3000 2 6 6 12
3 1 0 1 0 0 0 3000 2 7 7 6
3 2 0 1 0 0 0 3000 1 11 11 7
3 3 1 1 1 0 0 481 1 7 7 11
3 4 0 1 0 0 0 3000 2 4 4 7
3 5 0 0 0 0 1 726 2 13 13 4
3 6 1 1 1 0 0 1382 1 4 4 13
3 7 0 1 0 0 0 3000 3 8 8 4
3 8 1 1 1 0 0 508 1 4 4 8
3 9 0 1 0 0 0 3000 2 10 10 4
3 10 0 0 0 0 1 686 2 5 5 10
3 11 0 0 0 0 1 652 2 2 2 5
3 12 1 0 0 1 0 3000 1 5 5 2
3 13 0 0 0 0 1 559 2 9 9 5
3 14 0 1 0 0 0 3000 3 1 1 9
3 15 0 0 0 0 1 565 2 10 10 1
3 16 1 1 1 0 0 520 1 1 1 10
3 17 1 0 0 1 0 3000 1 10 10 1
3 18 0 1 0 0 0 3000 3 12 12 10
3 19 1 1 1 0 0 565 1 10 10 12
3 20 1 0 0 1 0 3000 1 12 12 10
3 21 1 1 1 0 0 514 1 10 10 12
3 22 1 1 1 0 0 534 1 12 12 10
3 23 0 0 0 0 1 714 2 12 12 12
3 24 0 1 0 0 0 3000 3 8 8 12
3 25 0 1 0 0 0 3000 3 2 2 8
