1 1 0 1 0 0 0 3000 3 11 11 0
1 2 0 1 0 0 0 3000 1 12 12 11
1 3 1 1 1 0 0 489 1 11 11 12
1 4 1 0 0 1 0 3000 1 12 12 11
1 5 1 1 1 0 0 767 1 11 11 12
1 6 0 1 0 0 0 3000 2 5 5 11
1 7 0 1 0 0 0 3000 3 7 7 5
1 8 0 1 0 0 0 3000 2 1 1 7
1 9 1 1 1 0 0 419 1 7 7 1
1 10 0 1 0 0 0 3000 3 13 13 7
1 11 1 1 1 0 0 476 1 7 7 13
1 12 1 1 1 0 0 497 1 13 13 7
1 13 1 0 0 1 0 3000 1 7 7 13
1 14 1 0 0 1 0 3000 1 13 13 7
1 15 0 1 0 0 0 3000 2 3 3 13
1 16 0 1 0 0 0 3000 3 2 2 3
1 17 0 1 0 0 0 3000 2 8 8 2
1 18 1 1 1 0 0 278 1 2 2 8
1 19 0 0 0 0 1 1039 2 3 3 2
1 20 0 1 0 0 0 3000 3 15 15 3
1 21 0 1 0 0 0 3000 3 9 9 15
1 22 1 1 1 0 0 511 1 15 15 9
1 23 0 1 0 0 0 3000 3 15 15 15
1 24 0 1 0 0 0 3000 3 11 11 15
1 25 0 1 0 0 0 3000 2 10 10 11
2 1 0 1 0 0 0 3000 2 9 9 10
2 2 0 1 0 0 0 3000 2 12 12 9
2 3 0 1 0 0 0 3000 3 14 14 12
2 4 1 1 1 0 0 352 1 12 12 14
2 5 0 1 0 0 0 3000 2 6 6 12
2 6 0 1 0 0 0 3000 2 5 5 6
2 7 1 1 1 0 0 372 1 6 6 5
2 8 1 1 1 0 0 473 1 5 5 6
2 9 0 1 0 0 0 3000 2 2 2 5
2 10 1 1 1 0 0 310 1 5 5 2
2 11 1 0 0 1 0 3000 1 2 2 5
2 12 1 1 1 0 0 462 1 5 5 2
2 13 0 1 0 0 0 3000 3 15 15 5
2 14 0 1 0 0 0 3000 2 14 14 15
2 15 1 1 1 0 0 345 1 15 15 14
2 16 0 0 0 0 1 637 3 5 5 15
2 17 0 1 0 0 0 3000 2 6 6 5
2 18 0 1 0 0 0 3000 2 12 12 6
2 19 0 1 0 0 0 3000 3 7 7 12
2 20 0 0 0 0 1 1708 2 6 6 7
2 21 0 1 0 0 0 3000 3 13 13 6
2 22 1 0 0 1 0 3000 1 6 6 13
2 23 0 1 0 0 0 3000 2 15 15 6
2 24 0 1 0 0 0 3000 3 8 8 15
2 25 0 1 0 0 0 3000 2 4 4 8
3 1 0 1 0 0 0 3000 3 6 6 4
3 2 0 1 0 0 0 3000 1 11 11 6
3 3 1 0 0 1 0 3000 1 6 6 11
3 4 0 1 0 0 0 3000 3 10 10 6
3 5 1 1 1 0 0 419 1 6 6 10
3 6 0 1 0 0 0 3000 2 11 11 6
3 7 1 1 1 0 0 565 1 6 6 11
3 8 0 1 0 0 0 3000 2 3 3 6
3 9 1 0 0 1 0 3000 1 6 6 3
3 10 0 0 0 0 1 617 2 12 12 6
3 11 0 1 0 0 0 3000 3 3 3 12
3 12 1 0 0 1 0 3000 1 12 12 3
3 13 0 1 0 0 0 3000 3 5 5 12
3 14 0 1 0 0 0 3000 3 11 11 5
3 15 0 1 0 0 0 3000 2 15 15 11
3 16 0 1 0 0 0 3000 2 9 9 15
3 17 0 0 0 0 1 303 2 11 11 9
3 18 0 1 0 0 0 3000 2 2 2 11
3 19 0 1 0 0 0 3000 2 12 12 2
3 20 0 0 0 0 1 519 3 11 11 12
3 21 0 1 0 0 0 3000 3 2 2 11
3 22 1 1 1 0 0 843 1 11 11 2
3 23 0 1 0 0 0 3000 3 9 9 11
3 24 0 1 0 0 0 3000 2 1 1 9
3 25 0 1 0 0 0 3000 2 14 14 1
