1 1 0 1 0 0 0 3000 1 2 2 0
1 2 0 1 0 0 0 3000 3 8 8 2
1 3 1 1 1 0 0 695 1 2 2 8
1 4 0 1 0 0 0 3000 2 12 12 2
1 5 1 1 1 0 0 580 1 2 2 12
1 6 0 1 0 0 0 3000 3 2 2 2
1 7 0 1 0 0 0 3000 3 4 4 2
1 8 0 1 0 0 0 3000 3 13 13 4
1 9 1 1 1 0 0 524 1 4 4 13
1 10 0 1 0 0 0 3000 3 10 10 4
1 11 0 1 0 0 0 3000 2 11 11 10
1 12 0 1 0 0 0 3000 3 1 1 11
1 13 1 1 1 0 0 379 1 11 11 1
1 14 0 1 0 0 0 3000 3 8 8 11
1 15 1 1 1 0 0 443 1 11 11 8
1 16 1 0 0 1 0 3000 1 8 8 11
1 17 0 1 0 0 0 3000 3 3 3 8
1 18 0 1 0 0 0 3000 2 5 5 3
1 19 1 1 1 0 0 407 1 3 3 5
1 20 1 0 0 1 0 3000 1 5 5 3
1 21 1 1 1 0 0 444 1 3 3 5
1 22 0 1 0 0 0 3000 2 2 2 3
1 23 0 1 0 0 0 3000 2 7 7 2
1 24 0 1 0 0 0 3000 3 5 5 7
1 25 1 1 1 0 0 340 1 7 7 5
2 1 0 1 0 0 0 3000 1 11 11 7
2 2 0 1 0 0 0 3000 2 14 14 11
2 3 0 1 0 0 0 3000 3 10 10 14
2 4 1 0 0 1 0 3000 1 14 14 10
2 5 1 1 1 0 0 405 1 10 10 14
2 6 1 0 0 1 0 3000 1 14 14 10
2 7 1 1 1 0 0 411 1 10 10 14
2 8 1 0 0 1 0 3000 1 14 14 10
2 9 1 1 1 0 0 392 1 10 10 14
2 10 0 1 0 0 0 3000 3 9 9 10
2 11 0 1 0 0 0 3000 3 8 8 9
2 12 0 1 0 0 0 3000 2 4 4 8
2 13 0 1 0 0 0 3000 3 9 9 4
2 14 0 1 0 0 0 3000 2 15 15 9
2 15 0 1 0 0 0 3000 3 10 10 15
2 16 0 1 0 0 0 3000 2 7 7 10
2 17 1 1 1 0 0 437 1 10 10 7
2 18 1 0 0 1 0 3000 1 7 7 10
2 19 0 0 0 0 1 436 2 6 6 7
2 20 0 1 0 0 0 3000 3 3 3 6
2 21 0 1 0 0 0 3000 3 14 14 3
2 22 1 0 0 1 0 3000 1 3 3 14
2 23 0 1 0 0 0 3000 3 7 7 3
2 24 0 1 0 0 0 3000 3 10 10 7
2 25 0 1 0 0 0 3000 3 14 14 10
3 1 0 1 0 0 0 3000 1 1 1 14
3 2 0 1 0 0 0 3000 2 4 4 1
3 3 0 1 0 0 0 3000 3 10 10 4
3 4 1 0 0 1 0 3000 1 4 4 10
3 5 0 1 0 0 0 3000 2 9 9 4
3 6 0 1 0 0 0 3000 2 3 3 9
3 7 0 1 0 0 0 3000 2 11 11 3
3 8 0 1 0 0 0 3000 3 2 2 11
3 9 0 1 0 0 0 3000 3 3 3 2
3 10 0 1 0 0 0 3000 2 6 6 3
3 11 0 1 0 0 0 3000 3 1 1 6
3 12 0 1 0 0 0 3000 3 2 2 1
3 13 0 1 0 0 0 3000 2 5 5 2
3 14 0 1 0 0 0 3000 3 11 11 5
3 15 1 1 1 0 0 477 1 5 5 11
3 16 0 1 0 0 0 3000 2 2 2 5
3 17 0 1 0 0 0 3000 2 11 11 2
3 18 1 0 0 1 0 3000 1 2 2 11
3 19 1 1 1 0 0 497 1 11 11 2
3 20 1 0 0 1 0 3000 1 2 2 11
3 21 0 1 0 0 0 3000 3 4 4 2
3 22 0 1 0 0 0 3000 3 5 5 4
3 23 0 1 0 0 0 3000 3 6 6 5
3 24 0 1 0 0 0 3000 2 1 1 6
3 25 0 1 0 0 0 3000 2 15 15 1
