1 1 0 1 0 0 0 3000 1 2 2 0
1 2 0 1 0 0 0 3000 2 10 10 2
1 3 1 1 1 0 0 656 1 2 2 10
1 4 1 1 1 0 0 866 1 10 10 2
1 5 0 1 0 0 0 3000 2 11 11 10
1 6 0 1 0 0 0 3000 2 13 13 11
1 7 0 1 0 0 0 3000 2 4 4 13
1 8 1 1 1 0 0 851 1 13 13 4
1 9 1 1 1 0 0 822 1 4 4 13
1 10 0 1 0 0 0 3000 3 6 6 4
1 11 1 1 1 0 0 527 1 4 4 6
1 12 1 0 0 1 0 3000 1 6 6 4
1 13 0 0 0 0 1 575 2 13 13 6
1 14 0 1 0 0 0 3000 2 10 10 13
1 15 0 1 0 0 0 3000 3 8 8 10
1 16 0 1 0 0 0 3000 3 12 12 8
1 17 0 1 0 0 0 3000 2 5 5 12
1 18 0 0 0 0 1 743 3 8 8 5
1 19 1 1 1 0 0 1449 1 5 5 8
1 20 0 1 0 0 0 3000 2 6 6 5
1 21 1 1 1 0 0 537 1 5 5 6
1 22 0 1 0 0 0 3000 3 2 2 5
1 23 0 1 0 0 0 3000 3 8 8 2
1 24 1 1 1 0 0 511 1 2 2 8
1 25 0 1 0 0 0 3000 3 4 4 2
2 1 0 1 0 0 0 3000 1 6 6 4
2 2 0 1 0 0 0 3000 1 7 7 6
2 3 0 1 0 0 0 3000 3 14 14 7
2 4 1 1 1 0 0 448 1 7 7 14
2 5 1 1 1 0 0 729 1 14 14 7
2 6 0 1 0 0 0 3000 2 5 5 14
2 7 1 1 1 0 0 464 1 14 14 5
2 8 1 1 1 0 0 680 1 5 5 14
2 9 0 1 0 0 0 3000 2 5 5 5
2 10 0 1 0 0 0 3000 3 9 9 5
2 11 0 1 0 0 0 3000 3 2 2 9
2 12 0 1 0 0 0 3000 2 7 7 2
2 13 0 1 0 0 0 3000 3 8 8 7
2 14 1 1 1 0 0 529 1 7 7 8
2 15 1 1 1 0 0 676 1 8 8 7
2 16 0 1 0 0 0 3000 3 9 9 8
2 17 1 1 1 0 0 692 1 8 8 9
2 18 1 1 1 0 0 811 1 9 9 8
2 19 0 1 0 0 0 3000 3 11 11 9
2 20 0 1 0 0 0 3000 3 6 6 11
2 21 0 1 0 0 0 3000 3 5 5 6
2 22 0 1 0 0 0 3000 3 2 2 5
2 23 0 1 0 0 0 3000 3 4 4 2
2 24 0 1 0 0 0 3000 2 15 15 4
2 25 0 1 0 0 0 3000 2 3 3 15
3 1 0 1 0 0 0 3000 3 12 12 3
3 2 0 1 0 0 0 3000 3 11 11 12
3 3 1 1 1 0 0 523 1 12 12 11
3 4 0 1 0 0 0 3000 2 2 2 12
3 5 1 1 1 0 0 566 1 12 12 2
3 6 1 1 1 0 0 665 1 2 2 12
3 7 1 1 1 0 0 663 1 12 12 2
3 8 1 1 1 0 0 704 1 2 2 12
3 9 0 1 0 0 0 3000 3 11 11 2
3 10 0 1 0 0 0 3000 2 1 1 11
3 11 0 1 0 0 0 3000 3 4 4 1
3 12 0 1 0 0 0 3000 2 11 11 4
3 13 0 1 0 0 0 3000 2 1 1 11
3 14 0 1 0 0 0 3000 2 15 15 1
3 15 1 1 1 0 0 590 1 1 1 15
3 16 0 1 0 0 0 3000 3 14 14 1
3 17 0 1 0 0 0 3000 3 5 5 14
3 18 0 0 0 0 1 1053 3 5 5 5
3 19 1 1 1 0 0 1416 1 5 5 5
3 20 0 1 0 0 0 3000 3 15 15 5
3 21 0 1 0 0 0 3000 3 7 7 15
3 22 1 1 1 0 0 696 1 15 15 7
3 23 1 1 1 0 0 758 1 7 7 15
3 24 0 1 0 0 0 3000 3 11 11 7
3 25 0 1 0 0 0 3000 2 3 3 11
