1 1 0 1 0 0 0 3000 2 14 14 0
1 2 0 1 0 0 0 3000 1 1 1 14
1 3 0 1 0 0 0 3000 2 1 1 1
1 4 1 1 1 0 0 462 1 1 1 1
1 5 0 1 0 0 0 3000 2 2 2 1
1 6 0 1 0 0 0 3000 2 11 11 2
1 7 1 1 1 0 0 472 1 2 2 11
1 8 0 1 0 0 0 3000 2 8 8 2
1 9 0 1 0 0 0 3000 2 3 3 8
1 10 1 1 1 0 0 419 1 8 8 3
1 11 1 1 1 0 0 466 1 3 3 8
1 12 1 1 1 0 0 399 1 8 8 3
1 13 1 1 1 0 0 378 1 3 3 8
1 14 0 1 0 0 0 3000 3 4 4 3
1 15 0 1 0 0 0 3000 3 6 6 4
1 16 1 1 1 0 0 1332 1 4 4 6
1 17 0 1 0 0 0 3000 2 9 9 4
1 18 1 1 1 0 0 564 1 4 4 9
1 19 1 1 1 0 0 634 1 9 9 4
1 20 0 1 0 0 0 3000 3 1 1 9
1 21 0 1 0 0 0 3000 2 11 11 1
1 22 0 0 0 0 1 333 2 9 9 11
1 23 1 1 1 0 0 597 1 11 11 9
1 24 0 1 0 0 0 3000 3 11 11 11
1 25 0 1 0 0 0 3000 2 2 2 11
2 1 0 1 0 0 0 3000 2 15 15 2
2 2 0 1 0 0 0 3000 3 15 15 15
2 3 1 1 1 0 0 446 1 15 15 15
2 4 1 1 1 0 0 381 1 15 15 15
2 5 0 1 0 0 0 3000 3 4 4 15
2 6 0 1 0 0 0 3000 2 9 9 4
2 7 0 1 0 0 0 3000 3 11 11 9
2 8 0 1 0 0 0 3000 3 13 13 11
2 9 0 1 0 0 0 3000 2 9 9 13
2 10 0 1 0 0 0 3000 2 3 3 9
2 11 0 1 0 0 0 3000 2 5 5 3
2 12 1 1 1 0 0 508 1 3 3 5
2 13 1 1 1 0 0 828 1 5 5 3
2 14 0 1 0 0 0 3000 2 11 11 5
2 15 1 1 1 0 0 621 1 5 5 11
2 16 0 1 0 0 0 3000 2 15 15 5
2 17 0 1 0 0 0 3000 3 11 11 15
2 18 1 1 1 0 0 355 1 15 15 11
2 19 1 1 1 0 0 665 1 11 11 15
2 20 0 1 0 0 0 3000 3 1 1 11
2 21 0 1 0 0 0 3000 2 13 13 1
2 22 0 1 0 0 0 3000 2 15 15 13
2 23 0 1 0 0 0 3000 2 14 14 15
2 24 0 1 0 0 0 3000 3 8 8 14
2 25 1 1 1 0 0 540 1 14 14 8
3 1 0 1 0 0 0 3000 3 14 14 14
3 2 0 1 0 0 0 3000 3 4 4 14
3 3 1 1 1 0 0 573 1 14 14 4
3 4 0 1 0 0 0 3000 3 7 7 14
3 5 0 1 0 0 0 3000 2 12 12 7
3 6 0 1 0 0 0 3000 3 1 1 12
3 7 0 1 0 0 0 3000 2 5 5 1
3 8 1 1 1 0 0 720 1 1 1 5
3 9 0 1 0 0 0 3000 3 8 8 1
3 10 0 0 0 0 1 612 2 8 8 8
3 11 1 1 1 0 0 706 1 8 8 8
3 12 0 1 0 0 0 3000 2 7 7 8
3 13 0 1 0 0 0 3000 3 12 12 7
3 14 1 1 1 0 0 566 1 7 7 12
3 15 1 1 1 0 0 772 1 12 12 7
3 16 1 1 1 0 0 569 1 7 7 12
3 17 1 1 1 0 0 421 1 12 12 7
3 18 0 1 0 0 0 3000 2 5 5 12
3 19 0 1 0 0 0 3000 3 6 6 5
3 20 1 0 0 1 0 3000 1 5 5 6
3 21 1 1 1 0 0 660 1 6 6 5
3 22 0 1 0 0 0 3000 2 9 9 6
3 23 0 1 0 0 0 3000 2 9 9 9
3 24 1 1 1 0 0 500 1 9 9 9
3 25 0 1 0 0 0 3000 3 13 13 9
