1 1 0 1 0 0 0 3000 1 13 13 0
1 2 0 1 0 0 0 3000 3 7 7 13
1 3 0 1 0 0 0 3000 3 15 15 7
1 4 0 1 0 0 0 3000 3 9 9 15
1 5 0 1 0 0 0 3000 2 5 5 9
1 6 0 1 0 0 0 3000 3 4 4 5
1 7 1 1 1 0 0 871 1 5 5 4
1 8 1 1 1 0 0 754 1 4 4 5
1 9 0 1 0 0 0 3000 3 6 6 4
1 10 0 1 0 0 0 3000 3 11 11 6
1 11 1 1 1 0 0 752 1 6 6 11
1 12 0 1 0 0 0 3000 2 1 1 6
1 13 0 1 0 0 0 3000 3 12 12 1
1 14 0 1 0 0 0 3000 3 10 10 12
1 15 0 0 0 0 1 2324 3 10 10 10
1 16 1 1 1 0 0 1786 1 10 10 10
1 17 0 1 0 0 0 3000 3 8 8 10
1 18 0 1 0 0 0 3000 2 7 7 8
1 19 0 1 0 0 0 3000 2 13 13 7
1 20 0 0 0 0 1 584 2 15 15 13
1 21 0 1 0 0 0 3000 3 10 10 15
1 22 0 1 0 0 0 3000 2 12 12 10
1 23 0 1 0 0 0 3000 2 11 11 12
1 24 1 1 1 0 0 763 1 12 12 11
1 25 1 1 1 0 0 897 1 11 11 12
2 1 0 1 0 0 0 3000 3 10 10 11
2 2 0 1 0 0 0 3000 3 12 12 10
2 3 1 1 1 0 0 495 1 10 10 12
2 4 1 1 1 0 0 775 1 12 12 10
2 5 1 1 1 0 0 1526 1 10 10 12
2 6 0 1 0 0 0 3000 2 7 7 10
2 7 1 1 1 0 0 1192 1 10 10 7
2 8 0 1 0 0 0 3000 3 9 9 10
2 9 0 1 0 0 0 3000 3 15 15 9
2 10 0 1 0 0 0 3000 3 11 11 15
2 11 1 1 1 0 0 952 1 15 15 11
2 12 1 1 1 0 0 1028 1 11 11 15
2 13 1 1 1 0 0 993 1 15 15 11
2 14 1 1 1 0 0 408 1 11 11 15
2 15 0 1 0 0 0 3000 3 12 12 11
2 16 0 1 0 0 0 3000 3 6 6 12
2 17 1 1 1 0 0 580 1 12 12 6
2 18 0 1 0 0 0 3000 2 2 2 12
2 19 1 1 1 0 0 794 1 12 12 2
2 20 1 1 1 0 0 1167 1 2 2 12
2 21 0 1 0 0 0 3000 3 9 9 2
2 22 1 1 1 0 0 659 1 2 2 9
2 23 0 1 0 0 0 3000 3 6 6 2
2 24 0 1 0 0 0 3000 2 11 11 6
2 25 1 1 1 0 0 684 1 6 6 11
3 1 0 1 0 0 0 3000 1 12 12 6
3 2 0 1 0 0 0 3000 2 2 2 12
3 3 1 1 1 0 0 401 1 12 12 2
3 4 1 1 1 0 0 1346 1 2 2 12
3 5 0 1 0 0 0 3000 3 5 5 2
3 6 0 1 0 0 0 3000 3 9 9 5
3 7 0 1 0 0 0 3000 3 14 14 9
3 8 0 1 0 0 0 3000 3 12 12 14
3 9 0 1 0 0 0 3000 3 15 15 12
3 10 0 1 0 0 0 3000 2 6 6 15
3 11 0 1 0 0 0 3000 2 2 2 6
3 12 0 1 0 0 0 3000 3 11 11 2
3 13 0 1 0 0 0 3000 3 8 8 11
3 14 0 1 0 0 0 3000 3 3 3 8
3 15 1 1 1 0 0 972 1 8 8 3
3 16 0 0 0 0 1 946 2 11 11 8
3 17 0 0 0 0 1 1752 3 6 6 11
3 18 1 1 1 0 0 630 1 11 11 6
3 19 1 1 1 0 0 647 1 6 6 11
3 20 1 1 1 0 0 1193 1 11 11 6
3 21 0 1 0 0 0 3000 3 1 1 11
3 22 1 1 1 0 0 644 1 11 11 1
3 23 0 0 0 0 1 526 2 7 7 11
3 24 0 1 0 0 0 3000 2 8 8 7
3 25 0 0 0 0 1 1679 3 6 6 8
