1 1 0 1 0 0 0 3000 2 5 5 0
1 2 0 1 0 0 0 3000 1 5 5 5
1 3 0 1 0 0 0 3000 2 4 4 5
1 4 1 0 0 1 0 3000 1 5 5 4
1 5 0 1 0 0 0 3000 3 11 11 5
1 6 0 1 0 0 0 3000 2 6 6 11
1 7 0 1 0 0 0 3000 2 3 3 6
1 8 0 1 0 0 0 3000 3 15 15 3
1 9 0 1 0 0 0 3000 3 2 2 15
1 10 0 1 0 0 0 3000 3 5 5 2
1 11 0 1 0 0 0 3000 2 5 5 5
1 12 0 1 0 0 0 3000 2 9 9 5
1 13 0 1 0 0 0 3000 2 9 9 9
1 14 0 1 0 0 0 3000 2 10 10 9
1 15 0 1 0 0 0 3000 2 12 12 10
1 16 0 1 0 0 0 3000 2 15 15 12
1 17 0 1 0 0 0 3000 2 15 15 15
1 18 0 1 0 0 0 3000 2 11 11 15
1 19 1 1 1 0 0 676 1 15 15 11
1 20 0 1 0 0 0 3000 3 2 2 15
1 21 1 1 1 0 0 710 1 15 15 2
1 22 0 1 0 0 0 3000 2 10 10 15
1 23 0 1 0 0 0 3000 3 9 9 10
1 24 0 1 0 0 0 3000 2 5 5 9
1 25 1 1 1 0 0 504 1 9 9 5
2 1 0 1 0 0 0 3000 3 15 15 9
2 2 0 1 0 0 0 3000 3 8 8 15
2 3 0 1 0 0 0 3000 3 3 3 8
2 4 0 1 0 0 0 3000 2 15 15 3
2 5 0 1 0 0 0 3000 3 14 14 15
2 6 0 1 0 0 0 3000 3 2 2 14
2 7 1 1 1 0 0 591 1 14 14 2
2 8 1 1 1 0 0 1173 1 2 2 14
2 9 0 1 0 0 0 3000 2 12 12 2
2 10 0 1 0 0 0 3000 2 5 5 12
2 11 1 1 1 0 0 457 1 12 12 5
2 12 0 1 0 0 0 3000 3 10 10 12
2 13 1 1 1 0 0 829 1 12 12 10
2 14 0 1 0 0 0 3000 3 8 8 12
2 15 0 1 0 0 0 3000 3 2 2 8
2 16 1 1 1 0 0 464 1 8 8 2
2 17 1 1 1 0 0 825 1 2 2 8
2 18 0 1 0 0 0 3000 3 1 1 2
2 19 1 0 0 1 0 3000 1 2 2 1
2 20 1 1 1 0 0 735 1 1 1 2
2 21 0 1 0 0 0 3000 3 13 13 1
2 22 0 1 0 0 0 3000 2 6 6 13
2 23 0 1 0 0 0 3000 3 14 14 6
2 24 0 1 0 0 0 3000 2 5 5 14
2 25 1 1 1 0 0 593 1 14 14 5
3 1 0 1 0 0 0 3000 3 12 12 14
3 2 0 1 0 0 0 3000 3 11 11 12
3 3 1 1 1 0 0 611 1 12 12 11
3 4 0 0 0 0 1 926 3 12 12 12
3 5 0 1 0 0 0 3000 3 2 2 12
3 6 0 1 0 0 0 3000 2 4 4 2
3 7 1 1 1 0 0 1233 1 2 2 4
3 8 1 1 1 0 0 645 1 4 4 2
3 9 1 1 1 0 0 2777 1 2 2 4
3 10 0 1 0 0 0 3000 3 11 11 2
3 11 0 1 0 0 0 3000 3 14 14 11
3 12 1 1 1 0 0 653 1 11 11 14
3 13 1 1 1 0 0 603 1 14 14 11
3 14 0 1 0 0 0 3000 2 3 3 14
3 15 0 1 0 0 0 3000 2 6 6 3
3 16 0 1 0 0 0 3000 3 7 7 6
3 17 1 1 1 0 0 719 1 6 6 7
3 18 0 1 0 0 0 3000 3 15 15 6
3 19 0 1 0 0 0 3000 3 12 12 15
3 20 0 1 0 0 0 3000 2 8 8 12
3 21 1 1 1 0 0 1054 1 12 12 8
3 22 1 1 1 0 0 597 1 8 8 12
3 23 0 1 0 0 0 3000 2 7 7 8
3 24 0 1 0 0 0 3000 2 15 15 7
3 25 0 1 0 0 0 3000 3 1 1 15
