1 1 0 1 0 0 0 3000 2 14 14 0
1 2 0 1 0 0 0 3000 1 2 2 14
1 3 0 1 0 0 0 3000 3 2 2 2
1 4 0 1 0 0 0 3000 3 4 4 2
1 5 0 1 0 0 0 3000 2 10 10 4
1 6 0 1 0 0 0 3000 3 13 13 10
1 7 1 0 0 1 0 3000 1 10 10 13
1 8 1 0 0 1 0 3000 1 13 13 10
1 9 1 0 0 1 0 3000 1 10 10 13
1 10 0 1 0 0 0 3000 3 6 6 10
1 11 0 1 0 0 0 3000 3 6 6 6
1 12 0 1 0 0 0 3000 3 13 13 6
1 13 0 1 0 0 0 3000 2 13 13 13
1 14 1 0 0 1 0 3000 1 13 13 13
1 15 0 1 0 0 0 3000 2 8 8 13
1 16 0 1 0 0 0 3000 2 15 15 8
1 17 1 0 0 1 0 3000 1 8 8 15
1 18 1 1 1 0 0 650 1 15 15 8
1 19 1 0 0 1 0 3000 1 8 8 15
1 20 1 1 1 0 0 355 1 15 15 8
1 21 1 1 1 0 0 340 1 8 8 15
1 22 0 1 0 0 0 3000 3 13 13 8
1 23 1 1 1 0 0 361 1 8 8 13
1 24 0 1 0 0 0 3000 3 5 5 8
1 25 1 0 0 1 0 3000 1 8 8 5
2 1 0 1 0 0 0 3000 3 12 12 8
2 2 0 1 0 0 0 3000 1 5 5 12
2 3 0 1 0 0 0 3000 3 13 13 5
2 4 0 1 0 0 0 3000 3 11 11 13
2 5 1 1 1 0 0 513 1 13 13 11
2 6 0 1 0 0 0 3000 3 2 2 13
2 7 1 1 1 0 0 315 1 13 13 2
2 8 1 1 1 0 0 343 1 2 2 13
2 9 0 1 0 0 0 3000 3 15 15 2
2 10 0 1 0 0 0 3000 3 6 6 15
2 11 0 1 0 0 0 3000 2 4 4 6
2 12 0 1 0 0 0 3000 3 12 12 4
2 13 0 1 0 0 0 3000 3 3 3 12
2 14 0 1 0 0 0 3000 3 14 14 3
2 15 0 1 0 0 0 3000 3 12 12 14
2 16 0 1 0 0 0 3000 2 3 3 12
2 17 1 1 1 0 0 522 1 12 12 3
2 18 0 1 0 0 0 3000 3 7 7 12
2 19 0 1 0 0 0 3000 2 10 10 7
2 20 0 1 0 0 0 3000 3 11 11 10
2 21 0 1 0 0 0 3000 3 12 12 11
2 22 0 1 0 0 0 3000 2 3 3 12
2 23 1 1 1 0 0 329 1 12 12 3
2 24 0 1 0 0 0 3000 3 15 15 12
2 25 0 1 0 0 0 3000 2 8 8 15
3 1 0 1 0 0 0 3000 2 3 3 8
3 2 0 1 0 0 0 3000 3 9 9 3
3 3 0 1 0 0 0 3000 2 9 9 9
3 4 1 1 1 0 0 352 1 9 9 9
3 5 0 1 0 0 0 3000 2 4 4 9
3 6 1 1 1 0 0 314 1 9 9 4
3 7 0 1 0 0 0 3000 3 8 8 9
3 8 0 1 0 0 0 3000 3 13 13 8
3 9 0 1 0 0 0 3000 2 9 9 13
3 10 0 1 0 0 0 3000 3 8 8 9
3 11 1 1 1 0 0 423 1 9 9 8
3 12 0 1 0 0 0 3000 3 1 1 9
3 13 0 1 0 0 0 3000 3 15 15 1
3 14 1 1 1 0 0 325 1 1 1 15
3 15 0 1 0 0 0 3000 2 11 11 1
3 16 1 1 1 0 0 299 1 1 1 11
3 17 0 1 0 0 0 3000 2 9 9 1
3 18 0 1 0 0 0 3000 3 8 8 9
3 19 1 1 1 0 0 611 1 9 9 8
3 20 0 1 0 0 0 3000 2 6 6 9
3 21 1 1 1 0 0 332 1 9 9 6
3 22 0 1 0 0 0 3000 2 2 2 9
3 23 1 1 1 0 0 260 1 9 9 2
3 24 0 1 0 0 0 3000 3 8 8 9
3 25 0 1 0 0 0 3000 3 10 10 8
