1 1 0 1 0 0 0 3000 1 1 1 0
1 2 0 1 0 0 0 3000 1 5 5 1
1 3 0 1 0 0 0 3000 2 13 13 5
1 4 0 1 0 0 0 3000 2 14 14 13
1 5 0 1 0 0 0 3000 2 4 4 14
1 6 1 0 0 1 0 3000 1 14 14 4
1 7 1 0 0 1 0 3000 1 4 4 14
1 8 0 1 0 0 0 3000 2 9 9 4
1 9 0 1 0 0 0 3000 2 7 7 9
1 10 1 0 0 1 0 3000 1 9 9 7
1 11 1 0 0 1 0 3000 1 7 7 9
1 12 0 1 0 0 0 3000 3 6 6 7
1 13 0 1 0 0 0 3000 3 13 13 6
1 14 0 1 0 0 0 3000 2 4 4 13
1 15 0 1 0 0 0 3000 3 8 8 4
1 16 0 1 0 0 0 3000 2 7 7 8
1 17 1 1 1 0 0 568 1 8 8 7
1 18 0 1 0 0 0 3000 2 10 10 8
1 19 0 1 0 0 0 3000 3 3 3 10
1 20 0 1 0 0 0 3000 2 7 7 3
1 21 1 1 1 0 0 1211 1 3 3 7
1 22 0 1 0 0 0 3000 3 12 12 3
1 23 0 1 0 0 0 3000 2 13 13 12
1 24 1 1 1 0 0 469 1 12 12 13
1 25 0 1 0 0 0 3000 2 15 15 12
2 1 0 1 0 0 0 3000 2 5 5 15
2 2 0 1 0 0 0 3000 3 6 6 5
2 3 1 1 1 0 0 426 1 5 5 6
2 4 1 0 0 1 0 3000 1 6 6 5
2 5 1 0 0 1 0 3000 1 5 5 6
2 6 1 1 1 0 0 801 1 6 6 5
2 7 0 1 0 0 0 3000 3 13 13 6
2 8 0 1 0 0 0 3000 3 8 8 13
2 9 0 1 0 0 0 3000 2 12 12 8
2 10 0 1 0 0 0 3000 2 12 12 12
2 11 0 1 0 0 0 3000 2 3 3 12
2 12 1 1 1 0 0 372 1 12 12 3
2 13 0 1 0 0 0 3000 2 11 11 12
2 14 0 1 0 0 0 3000 2 15 15 11
2 15 0 1 0 0 0 3000 2 6 6 15
2 16 1 1 1 0 0 434 1 15 15 6
2 17 0 1 0 0 0 3000 2 12 12 15
2 18 0 1 0 0 0 3000 3 12 12 12
2 19 0 1 0 0 0 3000 3 14 14 12
2 20 1 1 1 0 0 547 1 12 12 14
2 21 1 0 0 1 0 3000 1 14 14 12
2 22 1 0 0 1 0 3000 1 12 12 14
2 23 0 1 0 0 0 3000 2 7 7 12
2 24 0 1 0 0 0 3000 2 10 10 7
2 25 0 1 0 0 0 3000 3 9 9 10
3 1 0 1 0 0 0 3000 2 8 8 9
3 2 0 1 0 0 0 3000 3 5 5 8
3 3 0 1 0 0 0 3000 3 9 9 5
3 4 0 1 0 0 0 3000 3 6 6 9
3 5 0 1 0 0 0 3000 2 2 2 6
3 6 1 1 1 0 0 535 1 6 6 2
3 7 1 0 0 1 0 3000 1 2 2 6
3 8 0 1 0 0 0 3000 3 10 10 2
3 9 1 1 1 0 0 479 1 2 2 10
3 10 1 0 0 1 0 3000 1 10 10 2
3 11 1 0 0 1 0 3000 1 2 2 10
3 12 1 1 1 0 0 1039 1 10 10 2
3 13 0 1 0 0 0 3000 2 13 13 10
3 14 0 1 0 0 0 3000 2 15 15 13
3 15 0 1 0 0 0 3000 3 11 11 15
3 16 1 1 1 0 0 422 1 15 15 11
3 17 1 0 0 1 0 3000 1 11 11 15
3 18 1 0 0 1 0 3000 1 15 15 11
3 19 0 1 0 0 0 3000 2 5 5 15
3 20 1 1 1 0 0 483 1 15 15 5
3 21 0 1 0 0 0 3000 3 1 1 15
3 22 0 1 0 0 0 3000 3 3 3 1
3 23 1 1 1 0 0 462 1 1 1 3
3 24 1 0 0 1 0 3000 1 3 3 1
3 25 1 0 0 1 0 3000 1 1 1 3
