1 1 0 1 0 0 0 3000 2 12 12 0
1 2 0 1 0 0 0 3000 1 10 10 12
1 3 1 0 0 1 0 3000 1 12 12 10
1 4 0 1 0 0 0 3000 3 5 5 12
1 5 0 1 0 0 0 3000 2 9 9 5
1 6 0 1 0 0 0 3000 3 9 9 9
1 7 1 0 0 1 0 3000 1 9 9 9
1 8 0 1 0 0 0 3000 3 3 3 9
1 9 0 1 0 0 0 3000 3 10 10 3
1 10 0 1 0 0 0 3000 3 8 8 10
1 11 0 0 0 0 1 586 3 5 5 8
1 12 0 1 0 0 0 3000 2 11 11 5
1 13 1 0 0 1 0 3000 1 5 5 11
1 14 0 1 0 0 0 3000 3 7 7 5
1 15 0 1 0 0 0 3000 3 3 3 7
1 16 0 1 0 0 0 3000 2 3 3 3
1 17 0 1 0 0 0 3000 2 4 4 3
1 18 0 1 0 0 0 3000 2 5 5 4
1 19 1 0 0 1 0 3000 1 4 4 5
1 20 1 1 1 0 0 363 1 5 5 4
1 21 0 1 0 0 0 3000 2 5 5 5
1 22 0 1 0 0 0 3000 2 15 15 5
1 23 0 1 0 0 0 3000 2 13 13 15
1 24 0 1 0 0 0 3000 3 8 8 13
1 25 0 1 0 0 0 3000 3 14 14 8
2 1 0 1 0 0 0 3000 2 7 7 14
2 2 0 1 0 0 0 3000 3 11 11 7
2 3 1 1 1 0 0 354 1 7 7 11
2 4 0 1 0 0 0 3000 2 14 14 7
2 5 0 1 0 0 0 3000 2 10 10 14
2 6 0 1 0 0 0 3000 3 6 6 10
2 7 1 0 0 1 0 3000 1 10 10 6
2 8 1 0 0 1 0 3000 1 6 6 10
2 9 0 1 0 0 0 3000 3 15 15 6
2 10 0 1 0 0 0 3000 3 12 12 15
2 11 1 0 0 1 0 3000 1 15 15 12
2 12 1 1 1 0 0 422 1 12 12 15
2 13 0 1 0 0 0 3000 3 13 13 12
2 14 1 0 0 1 0 3000 1 12 12 13
2 15 0 1 0 0 0 3000 2 6 6 12
2 16 0 1 0 0 0 3000 3 15 15 6
2 17 1 0 0 1 0 3000 1 6 6 15
2 18 1 1 1 0 0 347 1 15 15 6
2 19 0 1 0 0 0 3000 3 11 11 15
2 20 0 1 0 0 0 3000 2 9 9 11
2 21 0 1 0 0 0 3000 3 3 3 9
2 22 0 1 0 0 0 3000 3 2 2 3
2 23 0 1 0 0 0 3000 3 10 10 2
2 24 0 1 0 0 0 3000 2 11 11 10
2 25 1 0 0 1 0 3000 1 10 10 11
3 1 0 1 0 0 0 3000 3 15 15 10
3 2 0 1 0 0 0 3000 1 6 6 15
3 3 0 1 0 0 0 3000 3 2 2 6
3 4 0 1 0 0 0 3000 3 13 13 2
3 5 0 1 0 0 0 3000 3 1 1 13
3 6 0 1 0 0 0 3000 3 5 5 1
3 7 0 1 0 0 0 3000 2 12 12 5
3 8 1 0 0 1 0 3000 1 5 5 12
3 9 1 1 1 0 0 370 1 12 12 5
3 10 0 1 0 0 0 3000 3 6 6 12
3 11 1 0 0 1 0 3000 1 12 12 6
3 12 1 1 1 0 0 411 1 6 6 12
3 13 0 1 0 0 0 3000 2 14 14 6
3 14 1 0 0 1 0 3000 1 6 6 14
3 15 0 1 0 0 0 3000 3 6 6 6
3 16 0 1 0 0 0 3000 3 8 8 6
3 17 0 1 0 0 0 3000 3 2 2 8
3 18 0 1 0 0 0 3000 3 11 11 2
3 19 1 0 0 1 0 3000 1 2 2 11
3 20 1 0 0 1 0 3000 1 11 11 2
3 21 1 1 1 0 0 529 1 2 2 11
3 22 0 1 0 0 0 3000 2 1 1 2
3 23 1 0 0 1 0 3000 1 2 2 1
3 24 0 1 0 0 0 3000 3 3 3 2
3 25 1 0 0 1 0 3000 1 2 2 3
