1 1 0 1 0 0 0 3000 2 4 4 0
1 2 0 1 0 0 0 3000 3 14 14 4
1 3 1 1 1 0 0 576 1 4 4 14
1 4 0 1 0 0 0 3000 3 2 2 4
1 5 0 1 0 0 0 3000 2 14 14 2
1 6 0 1 0 0 0 3000 3 13 13 14
1 7 0 1 0 0 0 3000 3 11 11 13
1 8 0 1 0 0 0 3000 2 5 5 11
1 9 0 1 0 0 0 3000 2 12 12 5
1 10 0 1 0 0 0 3000 2 3 3 12
1 11 1 0 0 1 0 3000 1 12 12 3
1 12 1 1 1 0 0 584 1 3 3 12
1 13 1 0 0 1 0 3000 1 12 12 3
1 14 0 1 0 0 0 3000 3 12 12 12
1 15 0 1 0 0 0 3000 3 3 3 12
1 16 1 0 0 1 0 3000 1 12 12 3
1 17 0 1 0 0 0 3000 2 14 14 12
1 18 0 1 0 0 0 3000 2 9 9 14
1 19 1 0 0 1 0 3000 1 14 14 9
1 20 1 0 0 1 0 3000 1 9 9 14
1 21 0 1 0 0 0 3000 3 6 6 9
1 22 1 0 0 1 0 3000 1 9 9 6
1 23 0 1 0 0 0 3000 3 15 15 9
1 24 0 1 0 0 0 3000 2 12 12 15
1 25 0 1 0 0 0 3000 3 12 12 12
2 1 0 1 0 0 0 3000 2 4 4 12
2 2 0 1 0 0 0 3000 2 10 10 4
2 3 0 1 0 0 0 3000 2 11 11 10
2 4 1 0 0 1 0 3000 1 10 10 11
2 5 0 1 0 0 0 3000 3 15 15 10
2 6 0 1 0 0 0 3000 3 3 3 15
2 7 1 0 0 1 0 3000 1 15 15 3
2 8 1 0 0 1 0 3000 1 3 3 15
2 9 0 1 0 0 0 3000 2 1 1 3
2 10 0 1 0 0 0 3000 3 2 2 1
2 11 0 1 0 0 0 3000 3 10 10 2
2 12 1 1 1 0 0 1032 1 2 2 10
2 13 1 0 0 1 0 3000 1 10 10 2
2 14 1 0 0 1 0 3000 1 2 2 10
2 15 0 1 0 0 0 3000 3 2 2 2
2 16 0 1 0 0 0 3000 2 7 7 2
2 17 0 1 0 0 0 3000 2 4 4 7
2 18 0 1 0 0 0 3000 3 5 5 4
2 19 0 1 0 0 0 3000 3 9 9 5
2 20 0 1 0 0 0 3000 3 13 13 9
2 21 0 1 0 0 0 3000 2 10 10 13
2 22 1 0 0 1 0 3000 1 13 13 10
2 23 0 1 0 0 0 3000 3 5 5 13
2 24 0 1 0 0 0 3000 3 11 11 5
2 25 0 1 0 0 0 3000 2 7 7 11
3 1 0 1 0 0 0 3000 1 9 9 7
3 2 0 1 0 0 0 3000 1 1 1 9
3 3 1 1 1 0 0 1030 1 9 9 1
3 4 1 0 0 1 0 3000 1 1 1 9
3 5 1 0 0 1 0 3000 1 9 9 1
3 6 0 1 0 0 0 3000 3 12 12 9
3 7 0 1 0 0 0 3000 3 1 1 12
3 8 0 1 0 0 0 3000 2 2 2 1
3 9 0 1 0 0 0 3000 2 10 10 2
3 10 0 1 0 0 0 3000 2 15 15 10
3 11 0 1 0 0 0 3000 3 13 13 15
3 12 0 1 0 0 0 3000 2 5 5 13
3 13 1 0 0 1 0 3000 1 13 13 5
3 14 0 1 0 0 0 3000 2 2 2 13
3 15 0 0 0 0 1 663 3 3 3 2
3 16 0 1 0 0 0 3000 3 10 10 3
3 17 0 1 0 0 0 3000 3 15 15 10
3 18 0 1 0 0 0 3000 2 5 5 15
3 19 1 0 0 1 0 3000 1 15 15 5
3 20 1 0 0 1 0 3000 1 5 5 15
3 21 1 1 1 0 0 664 1 15 15 5
3 22 0 1 0 0 0 3000 3 11 11 15
3 23 0 1 0 0 0 3000 3 10 10 11
3 24 1 1 1 0 0 683 1 11 11 10
3 25 1 0 0 1 0 3000 1 10 10 11
