1 1 0 1 0 0 0 3000 3 10 10 0
1 2 0 1 0 0 0 3000 3 4 4 10
1 3 0 1 0 0 0 3000 2 12 12 4
1 4 1 0 0 1 0 3000 1 4 4 12
1 5 0 1 0 0 0 3000 3 11 11 4
1 6 0 1 0 0 0 3000 2 1 1 11
1 7 1 1 1 0 0 2204 1 11 11 1
1 8 0 1 0 0 0 3000 2 7 7 11
1 9 1 0 0 1 0 3000 1 11 11 7
1 10 0 1 0 0 0 3000 3 13 13 11
1 11 1 0 0 1 0 3000 1 11 11 13
1 12 0 1 0 0 0 3000 2 9 9 11
1 13 0 1 0 0 0 3000 3 8 8 9
1 14 0 1 0 0 0 3000 2 11 11 8
1 15 0 1 0 0 0 3000 3 15 15 11
1 16 1 1 1 0 0 458 1 11 11 15
1 17 0 1 0 0 0 3000 3 1 1 11
1 18 0 1 0 0 0 3000 3 7 7 1
1 19 0 1 0 0 0 3000 2 8 8 7
1 20 1 0 0 1 0 3000 1 7 7 8
1 21 1 0 0 1 0 3000 1 8 8 7
1 22 1 1 1 0 0 424 1 7 7 8
1 23 0 1 0 0 0 3000 2 4 4 7
1 24 0 1 0 0 0 3000 3 9 9 4
1 25 0 1 0 0 0 3000 2 9 9 9
2 1 0 1 0 0 0 3000 3 11 11 9
2 2 0 1 0 0 0 3000 2 13 13 11
2 3 0 1 0 0 0 3000 2 15 15 13
2 4 0 1 0 0 0 3000 2 5 5 15
2 5 0 1 0 0 0 3000 2 8 8 5
2 6 1 1 1 0 0 445 1 5 5 8
2 7 0 1 0 0 0 3000 3 10 10 5
2 8 0 1 0 0 0 3000 2 4 4 10
2 9 0 1 0 0 0 3000 2 1 1 4
2 10 1 0 0 1 0 3000 1 4 4 1
2 11 1 0 0 1 0 3000 1 1 1 4
2 12 0 1 0 0 0 3000 2 5 5 1
2 13 0 1 0 0 0 3000 3 8 8 5
2 14 1 0 0 1 0 3000 1 5 5 8
2 15 0 1 0 0 0 3000 3 11 11 5
2 16 0 1 0 0 0 3000 2 7 7 11
2 17 1 0 0 1 0 3000 1 11 11 7
2 18 0 1 0 0 0 3000 2 11 11 11
2 19 1 0 0 1 0 3000 1 11 11 11
2 20 0 1 0 0 0 3000 2 4 4 11
2 21 1 1 1 0 0 433 1 11 11 4
2 22 0 1 0 0 0 3000 3 7 7 11
2 23 0 1 0 0 0 3000 2 13 13 7
2 24 0 1 0 0 0 3000 2 12 12 13
2 25 1 0 0 1 0 3000 1 13 13 12
3 1 0 1 0 0 0 3000 1 9 9 13
3 2 0 1 0 0 0 3000 1 14 14 9
3 3 1 1 1 0 0 443 1 9 9 14
3 4 0 1 0 0 0 3000 2 7 7 9
3 5 1 0 0 1 0 3000 1 9 9 7
3 6 0 1 0 0 0 3000 2 1 1 9
3 7 0 1 0 0 0 3000 2 14 14 1
3 8 0 1 0 0 0 3000 3 7 7 14
3 9 1 1 1 0 0 461 1 14 14 7
3 10 0 1 0 0 0 3000 2 15 15 14
3 11 0 1 0 0 0 3000 2 11 11 15
3 12 0 1 0 0 0 3000 2 13 13 11
3 13 1 0 0 1 0 3000 1 11 11 13
3 14 1 0 0 1 0 3000 1 13 13 11
3 15 1 1 1 0 0 315 1 11 11 13
3 16 0 1 0 0 0 3000 2 4 4 11
3 17 1 0 0 1 0 3000 1 11 11 4
3 18 0 1 0 0 0 3000 3 10 10 11
3 19 0 1 0 0 0 3000 3 10 10 10
3 20 0 1 0 0 0 3000 2 4 4 10
3 21 1 1 1 0 0 370 1 10 10 4
3 22 0 1 0 0 0 3000 3 14 14 10
3 23 1 0 0 1 0 3000 1 10 10 14
3 24 1 1 1 0 0 338 1 14 14 10
3 25 0 1 0 0 0 3000 3 14 14 14
