1 1 0 1 0 0 0 3000 2 6 6 0
1 2 0 1 0 0 0 3000 1 1 1 6
1 3 0 1 0 0 0 3000 3 7 7 1
1 4 0 1 0 0 0 3000 3 4 4 7
1 5 0 1 0 0 0 3000 2 9 9 4
1 6 0 0 0 0 1 489 3 7 7 9
1 7 1 0 0 1 0 3000 1 9 9 7
1 8 1 0 0 1 0 3000 1 7 7 9
1 9 0 1 0 0 0 3000 3 15 15 7
1 10 0 1 0 0 0 3000 3 2 2 15
1 11 0 1 0 0 0 3000 3 5 5 2
1 12 0 1 0 0 0 3000 3 14 14 5
1 13 0 1 0 0 0 3000 2 15 15 14
1 14 0 1 0 0 0 3000 3 9 9 15
1 15 0 1 0 0 0 3000 3 8 8 9
1 16 1 1 1 0 0 459 1 9 9 8
1 17 0 1 0 0 0 3000 2 14 14 9
1 18 1 0 0 1 0 3000 1 9 9 14
1 19 0 1 0 0 0 3000 3 10 10 9
1 20 0 1 0 0 0 3000 3 5 5 10
1 21 0 1 0 0 0 3000 3 11 11 5
1 22 0 1 0 0 0 3000 3 14 14 11
1 23 0 1 0 0 0 3000 2 13 13 14
1 24 0 1 0 0 0 3000 3 6 6 13
1 25 0 1 0 0 0 3000 3 5 5 6
2 1 0 1 0 0 0 3000 3 11 11 5
2 2 0 1 0 0 0 3000 3 12 12 11
2 3 0 1 0 0 0 3000 2 13 13 12
2 4 1 0 0 1 0 3000 1 12 12 13
2 5 0 1 0 0 0 3000 2 4 4 12
2 6 1 0 0 1 0 3000 1 12 12 4
2 7 0 1 0 0 0 3000 3 1 1 12
2 8 1 0 0 1 0 3000 1 12 12 1
2 9 1 0 0 1 0 3000 1 1 1 12
2 10 1 0 0 1 0 3000 1 12 12 1
2 11 0 1 0 0 0 3000 3 9 9 12
2 12 0 1 0 0 0 3000 3 14 14 9
2 13 0 1 0 0 0 3000 3 10 10 14
2 14 1 0 0 1 0 3000 1 14 14 10
2 15 0 0 0 0 1 758 3 1 1 14
2 16 1 0 0 1 0 3000 1 14 14 1
2 17 1 1 1 0 0 320 1 1 1 14
2 18 1 0 0 1 0 3000 1 14 14 1
2 19 1 1 1 0 0 433 1 1 1 14
2 20 1 1 1 0 0 619 1 14 14 1
2 21 0 1 0 0 0 3000 2 15 15 14
2 22 0 1 0 0 0 3000 3 9 9 15
2 23 0 1 0 0 0 3000 3 5 5 9
2 24 1 1 1 0 0 402 1 9 9 5
2 25 1 0 0 1 0 3000 1 5 5 9
3 1 0 1 0 0 0 3000 1 1 1 5
3 2 0 1 0 0 0 3000 3 2 2 1
3 3 0 1 0 0 0 3000 3 8 8 2
3 4 0 1 0 0 0 3000 3 14 14 8
3 5 0 1 0 0 0 3000 2 7 7 14
3 6 1 1 1 0 0 311 1 14 14 7
3 7 1 0 0 1 0 3000 1 7 7 14
3 8 0 1 0 0 0 3000 3 8 8 7
3 9 0 1 0 0 0 3000 3 1 1 8
3 10 0 1 0 0 0 3000 3 13 13 1
3 11 0 0 0 0 1 213 2 8 8 13
3 12 0 1 0 0 0 3000 3 2 2 8
3 13 0 0 0 0 1 370 3 3 3 2
3 14 0 1 0 0 0 3000 3 9 9 3
3 15 1 1 1 0 0 258 1 3 3 9
3 16 1 1 1 0 0 3003 1 9 9 3
3 17 0 1 0 0 0 3000 2 10 10 9
3 18 1 0 0 1 0 3000 1 9 9 10
3 19 0 1 0 0 0 3000 3 5 5 9
3 20 0 1 0 0 0 3000 2 11 11 5
3 21 1 0 0 1 0 3000 1 5 5 11
3 22 0 0 0 0 1 436 2 10 10 5
3 23 1 0 0 1 0 3000 1 5 5 10
3 24 1 1 1 0 0 337 1 10 10 5
3 25 1 1 1 0 0 498 1 5 5 10
