1 1 0 1 0 0 0 3000 2 7 7 0
1 2 0 1 0 0 0 3000 2 1 1 7
1 3 0 1 0 0 0 3000 3 13 13 1
1 4 0 1 0 0 0 3000 3 5 5 13
1 5 0 1 0 0 0 3000 3 14 14 5
1 6 0 1 0 0 0 3000 2 10 10 14
1 7 1 1 1 0 0 589 1 14 14 10
1 8 0 1 0 0 0 3000 2 1 1 14
1 9 0 1 0 0 0 3000 2 4 4 1
1 10 0 1 0 0 0 3000 3 7 7 4
1 11 0 1 0 0 0 3000 2 11 11 7
1 12 1 1 1 0 0 499 1 7 7 11
1 13 1 1 1 0 0 488 1 11 11 7
1 14 1 1 1 0 0 381 1 7 7 11
1 15 0 1 0 0 0 3000 3 4 4 7
1 16 0 1 0 0 0 3000 3 15 15 4
1 17 1 1 1 0 0 501 1 4 4 15
1 18 1 1 1 0 0 765 1 15 15 4
1 19 0 1 0 0 0 3000 2 1 1 15
1 20 1 1 1 0 0 380 1 15 15 1
1 21 0 1 0 0 0 3000 3 5 5 15
1 22 0 1 0 0 0 3000 2 5 5 5
1 23 1 0 0 1 0 3000 1 5 5 5
1 24 0 1 0 0 0 3000 2 2 2 5
1 25 1 1 1 0 0 526 1 5 5 2
2 1 0 1 0 0 0 3000 2 9 9 5
2 2 0 1 0 0 0 3000 2 9 9 9
2 3 1 1 1 0 0 352 1 9 9 9
2 4 0 1 0 0 0 3000 3 8 8 9
2 5 0 1 0 0 0 3000 2 15 15 8
2 6 0 1 0 0 0 3000 2 5 5 15
2 7 0 1 0 0 0 3000 3 9 9 5
2 8 0 1 0 0 0 3000 3 3 3 9
2 9 0 1 0 0 0 3000 3 4 4 3
2 10 1 1 1 0 0 357 1 3 3 4
2 11 1 1 1 0 0 747 1 4 4 3
2 12 0 1 0 0 0 3000 2 11 11 4
2 13 0 1 0 0 0 3000 2 11 11 11
2 14 0 1 0 0 0 3000 2 12 12 11
2 15 1 1 1 0 0 357 1 11 11 12
2 16 0 1 0 0 0 3000 3 15 15 11
2 17 0 1 0 0 0 3000 3 7 7 15
2 18 0 1 0 0 0 3000 3 10 10 7
2 19 1 1 1 0 0 434 1 7 7 10
2 20 0 1 0 0 0 3000 2 9 9 7
2 21 1 1 1 0 0 397 1 7 7 9
2 22 1 1 1 0 0 448 1 9 9 7
2 23 1 1 1 0 0 434 1 7 7 9
2 24 0 1 0 0 0 3000 2 11 11 7
2 25 1 0 0 1 0 3000 1 7 7 11
3 1 0 1 0 0 0 3000 2 5 5 7
3 2 0 1 0 0 0 3000 3 11 11 5
3 3 1 1 1 0 0 1068 1 5 5 11
3 4 0 1 0 0 0 3000 2 2 2 5
3 5 0 1 0 0 0 3000 3 2 2 2
3 6 0 1 0 0 0 3000 3 11 11 2
3 7 0 1 0 0 0 3000 3 9 9 11
3 8 0 1 0 0 0 3000 2 14 14 9
3 9 1 1 1 0 0 393 1 9 9 14
3 10 0 1 0 0 0 3000 3 5 5 9
3 11 0 1 0 0 0 3000 2 4 4 5
3 12 0 1 0 0 0 3000 2 14 14 4
3 13 0 1 0 0 0 3000 3 14 14 14
3 14 0 1 0 0 0 3000 2 7 7 14
3 15 0 1 0 0 0 3000 3 3 3 7
3 16 0 0 0 0 1 640 3 9 9 3
3 17 1 1 1 0 0 912 1 3 3 9
3 18 0 1 0 0 0 3000 2 6 6 3
3 19 0 1 0 0 0 3000 2 12 12 6
3 20 1 1 1 0 0 460 1 6 6 12
3 21 0 1 0 0 0 3000 3 9 9 6
3 22 0 1 0 0 0 3000 2 13 13 9
3 23 0 1 0 0 0 3000 2 10 10 13
3 24 0 1 0 0 0 3000 2 8 8 10
3 25 0 1 0 0 0 3000 2 15 15 8
