1 1 0 1 0 0 0 3000 1 6 6 0
1 2 0 1 0 0 0 3000 3 7 7 6
1 3 0 1 0 0 0 3000 3 5 5 7
1 4 1 0 0 1 0 3000 1 7 7 5
1 5 1 1 1 0 0 453 1 5 5 7
1 6 0 1 0 0 0 3000 3 11 11 5
1 7 1 0 0 1 0 3000 1 5 5 11
1 8 0 1 0 0 0 3000 3 2 2 5
1 9 0 1 0 0 0 3000 3 7 7 2
1 10 0 1 0 0 0 3000 3 11 11 7
1 11 0 1 0 0 0 3000 3 4 4 11
1 12 0 1 0 0 0 3000 3 2 2 4
1 13 0 1 0 0 0 3000 3 13 13 2
1 14 0 0 0 0 1 390 3 7 7 13
1 15 1 0 0 1 0 3000 1 13 13 7
1 16 1 1 1 0 0 364 1 7 7 13
1 17 0 1 0 0 0 3000 2 12 12 7
1 18 0 1 0 0 0 3000 3 5 5 12
1 19 1 1 1 0 0 379 1 12 12 5
1 20 0 1 0 0 0 3000 2 2 2 12
1 21 0 1 0 0 0 3000 3 2 2 2
1 22 0 1 0 0 0 3000 3 14 14 2
1 23 0 1 0 0 0 3000 3 1 1 14
1 24 1 1 1 0 0 557 1 14 14 1
1 25 0 1 0 0 0 3000 2 4 4 14
2 1 0 1 0 0 0 3000 1 3 3 4
2 2 0 1 0 0 0 3000 3 9 9 3
2 3 0 1 0 0 0 3000 3 11 11 9
2 4 0 1 0 0 0 3000 3 11 11 11
2 5 0 1 0 0 0 3000 3 2 2 11
2 6 0 1 0 0 0 3000 3 15 15 2
2 7 0 1 0 0 0 3000 2 12 12 15
2 8 0 1 0 0 0 3000 3 1 1 12
2 9 0 0 0 0 1 362 3 11 11 1
2 10 1 1 1 0 0 440 1 1 1 11
2 11 1 0 0 1 0 3000 1 11 11 1
2 12 1 1 1 0 0 349 1 1 1 11
2 13 0 1 0 0 0 3000 2 5 5 1
2 14 0 1 0 0 0 3000 2 14 14 5
2 15 0 1 0 0 0 3000 3 11 11 14
2 16 1 1 1 0 0 346 1 14 14 11
2 17 1 0 0 1 0 3000 1 11 11 14
2 18 0 1 0 0 0 3000 2 2 2 11
2 19 0 1 0 0 0 3000 2 8 8 2
2 20 0 1 0 0 0 3000 2 8 8 8
2 21 0 1 0 0 0 3000 3 7 7 8
2 22 1 1 1 0 0 458 1 8 8 7
2 23 1 0 0 1 0 3000 1 7 7 8
2 24 0 1 0 0 0 3000 2 4 4 7
2 25 0 0 0 0 1 601 2 4 4 4
3 1 0 1 0 0 0 3000 1 3 3 4
3 2 0 1 0 0 0 3000 2 10 10 3
3 3 0 1 0 0 0 3000 3 14 14 10
3 4 0 1 0 0 0 3000 2 9 9 14
3 5 1 1 1 0 0 516 1 14 14 9
3 6 0 1 0 0 0 3000 2 2 2 14
3 7 1 1 1 0 0 1025 1 14 14 2
3 8 0 1 0 0 0 3000 2 14 14 14
3 9 0 1 0 0 0 3000 2 5 5 14
3 10 1 0 0 1 0 3000 1 14 14 5
3 11 1 1 1 0 0 510 1 5 5 14
3 12 1 0 0 1 0 3000 1 14 14 5
3 13 0 1 0 0 0 3000 3 7 7 14
3 14 1 1 1 0 0 389 1 14 14 7
3 15 1 0 0 1 0 3000 1 7 7 14
3 16 1 1 1 0 0 694 1 14 14 7
3 17 0 1 0 0 0 3000 2 6 6 14
3 18 0 1 0 0 0 3000 2 7 7 6
3 19 1 1 1 0 0 1506 1 6 6 7
3 20 1 1 1 0 0 1189 1 7 7 6
3 21 1 1 1 0 0 1040 1 6 6 7
3 22 1 1 1 0 0 751 1 7 7 6
3 23 0 1 0 0 0 3000 3 5 5 7
3 24 1 1 1 0 0 571 1 7 7 5
3 25 1 1 1 0 0 1340 1 5 5 7
