1 1 0 1 0 0 0 3000 1 1 1 0
1 2 0 1 0 0 0 3000 3 4 4 1
1 3 0 1 0 0 0 3000 3 15 15 4
1 4 1 0 0 1 0 3000 1 4 4 15
1 5 0 0 0 0 1 113 3 13 13 4
1 6 0 1 0 0 0 3000 3 8 8 13
1 7 0 1 0 0 0 3000 3 14 14 8
1 8 0 1 0 0 0 3000 2 2 2 14
1 9 0 1 0 0 0 3000 2 3 3 2
1 10 0 1 0 0 0 3000 3 15 15 3
1 11 0 1 0 0 0 3000 3 8 8 15
1 12 0 0 0 0 1 940 2 8 8 8
1 13 0 1 0 0 0 3000 2 3 3 8
1 14 0 1 0 0 0 3000 3 7 7 3
1 15 0 1 0 0 0 3000 2 1 1 7
1 16 0 1 0 0 0 3000 2 9 9 1
1 17 0 1 0 0 0 3000 3 6 6 9
1 18 0 1 0 0 0 3000 3 3 3 6
1 19 0 1 0 0 0 3000 2 8 8 3
1 20 0 1 0 0 0 3000 3 8 8 8
1 21 1 1 1 0 0 557 1 8 8 8
1 22 0 1 0 0 0 3000 2 4 4 8
1 23 1 1 1 0 0 555 1 8 8 4
1 24 0 1 0 0 0 3000 2 5 5 8
1 25 1 1 1 0 0 493 1 8 8 5
2 1 0 1 0 0 0 3000 1 1 1 8
2 2 0 1 0 0 0 3000 2 7 7 1
2 3 0 1 0 0 0 3000 2 12 12 7
2 4 1 1 1 0 0 479 1 7 7 12
2 5 0 1 0 0 0 3000 2 5 5 7
2 6 0 1 0 0 0 3000 2 4 4 5
2 7 0 1 0 0 0 3000 2 1 1 4
2 8 0 1 0 0 0 3000 3 5 5 1
2 9 1 1 1 0 0 975 1 1 1 5
2 10 1 1 1 0 0 623 1 5 5 1
2 11 1 1 1 0 0 366 1 1 1 5
2 12 0 1 0 0 0 3000 3 8 8 1
2 13 1 1 1 0 0 336 1 1 1 8
2 14 0 0 0 0 1 288 3 10 10 1
2 15 0 1 0 0 0 3000 2 7 7 10
2 16 0 1 0 0 0 3000 2 13 13 7
2 17 0 1 0 0 0 3000 3 11 11 13
2 18 0 1 0 0 0 3000 3 10 10 11
2 19 1 1 1 0 0 419 1 11 11 10
2 20 0 1 0 0 0 3000 2 8 8 11
2 21 0 1 0 0 0 3000 2 12 12 8
2 22 0 0 0 0 1 1337 2 12 12 12
2 23 0 1 0 0 0 3000 3 15 15 12
2 24 0 1 0 0 0 3000 3 4 4 15
2 25 0 1 0 0 0 3000 3 5 5 4
3 1 0 1 0 0 0 3000 2 13 13 5
3 2 0 1 0 0 0 3000 1 9 9 13
3 3 0 1 0 0 0 3000 3 3 3 9
3 4 0 1 0 0 0 3000 3 6 6 3
3 5 0 1 0 0 0 3000 3 4 4 6
3 6 0 1 0 0 0 3000 2 15 15 4
3 7 0 1 0 0 0 3000 2 12 12 15
3 8 1 1 1 0 0 593 1 15 15 12
3 9 1 0 0 1 0 3000 1 12 12 15
3 10 1 0 0 1 0 3000 1 15 15 12
3 11 0 1 0 0 0 3000 2 4 4 15
3 12 0 1 0 0 0 3000 2 4 4 4
3 13 1 1 1 0 0 334 1 4 4 4
3 14 0 1 0 0 0 3000 2 5 5 4
3 15 0 1 0 0 0 3000 3 2 2 5
3 16 1 1 1 0 0 430 1 5 5 2
3 17 0 1 0 0 0 3000 3 13 13 5
3 18 0 1 0 0 0 3000 2 12 12 13
3 19 1 1 1 0 0 487 1 13 13 12
3 20 0 1 0 0 0 3000 3 5 5 13
3 21 1 0 0 1 0 3000 1 13 13 5
3 22 0 1 0 0 0 3000 3 2 2 13
3 23 0 1 0 0 0 3000 3 10 10 2
3 24 0 1 0 0 0 3000 3 11 11 10
3 25 1 0 0 1 0 3000 1 10 10 11
