1 1 0 1 0 0 0 3000 3 9 9 0
1 2 0 1 0 0 0 3000 1 11 11 9
1 3 0 1 0 0 0 3000 2 15 15 11
1 4 0 1 0 0 0 3000 2 8 8 15
1 5 1 1 1 0 0 449 1 15 15 8
1 6 0 1 0 0 0 3000 3 14 14 15
1 7 0 1 0 0 0 3000 3 14 14 14
1 8 1 1 1 0 0 760 1 14 14 14
1 9 0 1 0 0 0 3000 2 6 6 14
1 10 0 1 0 0 0 3000 3 8 8 6
1 11 0 1 0 0 0 3000 2 4 4 8
1 12 1 1 1 0 0 475 1 8 8 4
1 13 0 1 0 0 0 3000 2 3 3 8
1 14 1 1 1 0 0 721 1 8 8 3
1 15 0 0 0 0 1 966 2 4 4 8
1 16 1 1 1 0 0 642 1 8 8 4
1 17 0 1 0 0 0 3000 3 11 11 8
1 18 0 1 0 0 0 3000 2 9 9 11
1 19 0 1 0 0 0 3000 3 7 7 9
1 20 1 1 1 0 0 313 1 9 9 7
1 21 0 1 0 0 0 3000 2 1 1 9
1 22 0 1 0 0 0 3000 2 6 6 1
1 23 0 0 0 0 1 817 2 4 4 6
1 24 0 1 0 0 0 3000 3 15 15 4
1 25 0 1 0 0 0 3000 3 9 9 15
2 1 0 1 0 0 0 3000 1 3 3 9
2 2 0 1 0 0 0 3000 3 8 8 3
2 3 1 1 1 0 0 646 1 3 3 8
2 4 0 1 0 0 0 3000 3 6 6 3
2 5 0 1 0 0 0 3000 3 14 14 6
2 6 0 1 0 0 0 3000 2 10 10 14
2 7 0 1 0 0 0 3000 2 15 15 10
2 8 0 1 0 0 0 3000 2 12 12 15
2 9 0 1 0 0 0 3000 2 8 8 12
2 10 0 1 0 0 0 3000 2 2 2 8
2 11 0 1 0 0 0 3000 2 4 4 2
2 12 1 1 1 0 0 555 1 2 2 4
2 13 0 1 0 0 0 3000 3 3 3 2
2 14 0 1 0 0 0 3000 2 11 11 3
2 15 0 1 0 0 0 3000 3 10 10 11
2 16 0 1 0 0 0 3000 3 15 15 10
2 17 1 1 1 0 0 440 1 10 10 15
2 18 0 1 0 0 0 3000 2 2 2 10
2 19 0 0 0 0 1 399 2 2 2 2
2 20 1 1 1 0 0 550 1 2 2 2
2 21 0 1 0 0 0 3000 3 3 3 2
2 22 0 0 0 0 1 514 2 3 3 3
2 23 0 1 0 0 0 3000 3 5 5 3
2 24 0 1 0 0 0 3000 3 2 2 5
2 25 0 1 0 0 0 3000 2 4 4 2
3 1 0 1 0 0 0 3000 2 13 13 4
3 2 0 1 0 0 0 3000 1 15 15 13
3 3 0 1 0 0 0 3000 2 1 1 15
3 4 1 1 1 0 0 645 1 15 15 1
3 5 0 1 0 0 0 3000 3 11 11 15
3 6 1 1 1 0 0 639 1 15 15 11
3 7 0 0 0 0 1 504 3 1 1 15
3 8 1 1 1 0 0 646 1 15 15 1
3 9 0 1 0 0 0 3000 2 6 6 15
3 10 0 1 0 0 0 3000 3 7 7 6
3 11 0 1 0 0 0 3000 3 15 15 7
3 12 0 1 0 0 0 3000 3 14 14 15
3 13 0 1 0 0 0 3000 3 9 9 14
3 14 1 1 1 0 0 331 1 14 14 9
3 15 0 1 0 0 0 3000 3 7 7 14
3 16 0 1 0 0 0 3000 3 11 11 7
3 17 1 1 1 0 0 430 1 7 7 11
3 18 0 1 0 0 0 3000 2 6 6 7
3 19 0 1 0 0 0 3000 3 6 6 6
3 20 0 0 0 0 1 518 2 11 11 6
3 21 0 0 0 0 1 547 2 15 15 11
3 22 0 1 0 0 0 3000 3 9 9 15
3 23 0 1 0 0 0 3000 3 6 6 9
3 24 1 1 1 0 0 536 1 9 9 6
3 25 0 1 0 0 0 3000 2 7 7 9
