1 1 0 1 0 0 0 3000 3 15 15 0
1 2 0 1 0 0 0 3000 1 8 8 15
1 3 0 1 0 0 0 3000 3 4 4 8
1 4 1 1 1 0 0 1388 1 8 8 4
1 5 0 1 0 0 0 3000 2 14 14 8
1 6 0 1 0 0 0 3000 3 12 12 14
1 7 1 1 1 0 0 2656 1 14 14 12
1 8 0 1 0 0 0 3000 3 8 8 14
1 9 0 1 0 0 0 3000 2 3 3 8
1 10 0 1 0 0 0 3000 3 11 11 3
1 11 0 1 0 0 0 3000 3 11 11 11
1 12 0 1 0 0 0 3000 3 5 5 11
1 13 0 1 0 0 0 3000 3 9 9 5
1 14 1 1 1 0 0 814 1 5 5 9
1 15 1 0 0 1 0 3000 1 9 9 5
1 16 0 1 0 0 0 3000 3 6 6 9
1 17 0 1 0 0 0 3000 3 1 1 6
1 18 0 1 0 0 0 3000 3 13 13 1
1 19 0 1 0 0 0 3000 2 13 13 13
1 20 0 1 0 0 0 3000 3 2 2 13
1 21 0 1 0 0 0 3000 3 10 10 2
1 22 0 1 0 0 0 3000 3 5 5 10
1 23 0 1 0 0 0 3000 3 9 9 5
1 24 0 1 0 0 0 3000 2 3 3 9
1 25 0 0 0 0 1 833 3 3 3 3
2 1 0 1 0 0 0 3000 3 5 5 3
2 2 0 1 0 0 0 3000 1 9 9 5
2 3 0 1 0 0 0 3000 3 15 15 9
2 4 0 1 0 0 0 3000 3 3 3 15
2 5 0 1 0 0 0 3000 3 10 10 3
2 6 0 0 0 0 1 651 2 15 15 10
2 7 1 1 1 0 0 923 1 10 10 15
2 8 0 1 0 0 0 3000 2 12 12 10
2 9 0 1 0 0 0 3000 3 1 1 12
2 10 0 1 0 0 0 3000 3 13 13 1
2 11 1 1 1 0 0 429 1 1 1 13
2 12 0 1 0 0 0 3000 2 7 7 1
2 13 0 0 0 0 1 786 3 13 13 7
2 14 0 1 0 0 0 3000 2 13 13 13
2 15 1 1 1 0 0 653 1 13 13 13
2 16 0 1 0 0 0 3000 3 1 1 13
2 17 0 1 0 0 0 3000 3 4 4 1
2 18 0 1 0 0 0 3000 3 11 11 4
2 19 0 1 0 0 0 3000 2 12 12 11
2 20 1 1 1 0 0 700 1 11 11 12
2 21 1 1 1 0 0 802 1 12 12 11
2 22 0 1 0 0 0 3000 3 9 9 12
2 23 0 1 0 0 0 3000 2 14 14 9
2 24 1 1 1 0 0 551 1 9 9 14
2 25 1 1 1 0 0 463 1 14 14 9
3 1 0 1 0 0 0 3000 2 11 11 14
3 2 0 1 0 0 0 3000 2 6 6 11
3 3 0 1 0 0 0 3000 2 2 2 6
3 4 1 1 1 0 0 569 1 6 6 2
3 5 1 1 1 0 0 515 1 2 2 6
3 6 0 1 0 0 0 3000 3 14 14 2
3 7 0 1 0 0 0 3000 2 15 15 14
3 8 0 1 0 0 0 3000 2 2 2 15
3 9 0 1 0 0 0 3000 3 9 9 2
3 10 0 1 0 0 0 3000 2 6 6 9
3 11 0 1 0 0 0 3000 2 13 13 6
3 12 0 1 0 0 0 3000 2 1 1 13
3 13 0 1 0 0 0 3000 3 9 9 1
3 14 0 1 0 0 0 3000 2 9 9 9
3 15 0 1 0 0 0 3000 3 10 10 9
3 16 0 1 0 0 0 3000 3 5 5 10
3 17 0 1 0 0 0 3000 3 1 1 5
3 18 1 1 1 0 0 517 1 5 5 1
3 19 0 1 0 0 0 3000 3 13 13 5
3 20 0 1 0 0 0 3000 2 12 12 13
3 21 1 1 1 0 0 470 1 13 13 12
3 22 0 1 0 0 0 3000 3 6 6 13
3 23 0 1 0 0 0 3000 3 15 15 6
3 24 1 1 1 0 0 447 1 6 6 15
3 25 1 1 1 0 0 594 1 15 15 6
