1 1 0 1 0 0 0 3000 1 11 11 0
1 2 0 1 0 0 0 3000 3 14 14 11
1 3 0 1 0 0 0 3000 3 12 12 14
1 4 0 0 0 0 1 269 2 12 12 12
1 5 0 0 0 0 1 517 3 10 10 12
1 6 0 0 0 0 1 455 3 11 11 10
1 7 0 0 0 0 1 499 3 14 14 11
1 8 0 1 0 0 0 3000 2 9 9 14
1 9 1 1 1 0 0 341 1 14 14 9
1 10 1 0 0 1 0 3000 1 9 9 14
1 11 1 1 1 0 0 341 1 14 14 9
1 12 0 1 0 0 0 3000 2 2 2 14
1 13 0 1 0 0 0 3000 3 1 1 2
1 14 1 1 1 0 0 512 1 2 2 1
1 15 0 1 0 0 0 3000 2 7 7 2
1 16 0 1 0 0 0 3000 3 3 3 7
1 17 0 0 0 0 1 416 3 1 1 3
1 18 1 0 0 1 0 3000 1 3 3 1
1 19 0 1 0 0 0 3000 3 12 12 3
1 20 0 1 0 0 0 3000 3 13 13 12
1 21 0 1 0 0 0 3000 3 8 8 13
1 22 0 0 0 0 1 399 2 2 2 8
1 23 0 0 0 0 1 439 2 9 9 2
1 24 1 1 1 0 0 441 1 2 2 9
1 25 1 0 0 1 0 3000 1 9 9 2
2 1 0 1 0 0 0 3000 1 3 3 9
2 2 0 0 0 0 1 608 3 3 3 3
2 3 0 1 0 0 0 3000 3 15 15 3
2 4 0 1 0 0 0 3000 2 5 5 15
2 5 1 1 1 0 0 548 1 15 15 5
2 6 1 1 1 0 0 570 1 5 5 15
2 7 0 0 0 0 1 606 3 3 3 5
2 8 0 0 0 0 1 465 2 4 4 3
2 9 0 1 0 0 0 3000 3 12 12 4
2 10 1 1 1 0 0 502 1 4 4 12
2 11 1 1 1 0 0 447 1 12 12 4
2 12 0 1 0 0 0 3000 2 6 6 12
2 13 0 0 0 0 1 530 2 4 4 6
2 14 0 1 0 0 0 3000 3 5 5 4
2 15 0 1 0 0 0 3000 2 7 7 5
2 16 0 1 0 0 0 3000 3 9 9 7
2 17 1 1 1 0 0 398 1 7 7 9
2 18 1 0 0 1 0 3000 1 9 9 7
2 19 0 1 0 0 0 3000 3 1 1 9
2 20 0 1 0 0 0 3000 2 6 6 1
2 21 0 1 0 0 0 3000 2 11 11 6
2 22 0 0 0 0 1 372 3 12 12 11
2 23 1 1 1 0 0 342 1 11 11 12
2 24 0 1 0 0 0 3000 3 3 3 11
2 25 1 1 1 0 0 462 1 11 11 3
3 1 0 1 0 0 0 3000 3 4 4 11
3 2 0 1 0 0 0 3000 2 1 1 4
3 3 0 1 0 0 0 3000 3 13 13 1
3 4 0 1 0 0 0 3000 3 6 6 13
3 5 1 1 1 0 0 503 1 13 13 6
3 6 0 0 0 0 1 626 2 13 13 13
3 7 1 1 1 0 0 507 1 13 13 13
3 8 0 1 0 0 0 3000 2 14 14 13
3 9 0 0 0 0 1 363 3 4 4 14
3 10 1 1 1 0 0 411 1 14 14 4
3 11 1 1 1 0 0 410 1 4 4 14
3 12 0 0 0 0 1 412 2 3 3 4
3 13 0 1 0 0 0 3000 3 11 11 3
3 14 0 0 0 0 1 361 3 12 12 11
3 15 0 0 0 0 1 506 2 13 13 12
3 16 1 1 1 0 0 443 1 12 12 13
3 17 0 1 0 0 0 3000 3 11 11 12
3 18 0 1 0 0 0 3000 2 1 1 11
3 19 0 1 0 0 0 3000 2 4 4 1
3 20 0 0 0 0 1 440 2 4 4 4
3 21 1 1 1 0 0 450 1 4 4 4
3 22 0 1 0 0 0 3000 2 10 10 4
3 23 1 1 1 0 0 469 1 4 4 10
3 24 0 0 0 0 1 591 3 13 13 4
3 25 0 1 0 0 0 3000 3 9 9 13
