1 1 0 1 0 0 0 3000 3 10 10 0
1 2 0 1 0 0 0 3000 2 12 12 10
1 3 0 1 0 0 0 3000 3 1 1 12
1 4 0 1 0 0 0 3000 3 15 15 1
1 5 0 1 0 0 0 3000 3 14 14 15
1 6 0 1 0 0 0 3000 2 2 2 14
1 7 0 1 0 0 0 3000 3 6 6 2
1 8 1 0 0 1 0 3000 1 2 2 6
1 9 1 1 1 0 0 782 1 6 6 2
1 10 0 1 0 0 0 3000 2 1 1 6
1 11 0 1 0 0 0 3000 3 11 11 1
1 12 0 1 0 0 0 3000 2 5 5 11
1 13 1 1 1 0 0 1099 1 11 11 5
1 14 0 0 0 0 1 142 2 15 15 11
1 15 1 1 1 0 0 744 1 11 11 15
1 16 0 1 0 0 0 3000 3 3 3 11
1 17 0 1 0 0 0 3000 2 3 3 3
1 18 1 1 1 0 0 570 1 3 3 3
1 19 1 0 0 1 0 3000 1 3 3 3
1 20 0 1 0 0 0 3000 3 15 15 3
1 21 1 1 1 0 0 537 1 3 3 15
1 22 0 1 0 0 0 3000 3 11 11 3
1 23 0 1 0 0 0 3000 3 8 8 11
1 24 0 1 0 0 0 3000 2 5 5 8
1 25 0 1 0 0 0 3000 3 6 6 5
2 1 0 1 0 0 0 3000 2 8 8 6
2 2 0 1 0 0 0 3000 2 11 11 8
2 3 0 1 0 0 0 3000 3 7 7 11
2 4 0 1 0 0 0 3000 3 5 5 7
2 5 0 1 0 0 0 3000 2 13 13 5
2 6 0 1 0 0 0 3000 3 9 9 13
2 7 0 1 0 0 0 3000 2 3 3 9
2 8 0 1 0 0 0 3000 2 14 14 3
2 9 0 1 0 0 0 3000 2 2 2 14
2 10 1 1 1 0 0 410 1 14 14 2
2 11 0 1 0 0 0 3000 2 4 4 14
2 12 0 1 0 0 0 3000 3 9 9 4
2 13 0 1 0 0 0 3000 3 5 5 9
2 14 1 1 1 0 0 390 1 9 9 5
2 15 1 1 1 0 0 605 1 5 5 9
2 16 0 1 0 0 0 3000 2 10 10 5
2 17 0 1 0 0 0 3000 2 6 6 10
2 18 0 1 0 0 0 3000 2 3 3 6
2 19 0 1 0 0 0 3000 2 2 2 3
2 20 0 1 0 0 0 3000 2 4 4 2
2 21 1 1 1 0 0 1158 1 2 2 4
2 22 1 1 1 0 0 502 1 4 4 2
2 23 0 1 0 0 0 3000 3 3 3 4
2 24 0 1 0 0 0 3000 2 8 8 3
2 25 0 1 0 0 0 3000 3 6 6 8
3 1 0 1 0 0 0 3000 2 1 1 6
3 2 0 1 0 0 0 3000 2 3 3 1
3 3 1 1 1 0 0 446 1 1 1 3
3 4 1 1 1 0 0 674 1 3 3 1
3 5 1 1 1 0 0 435 1 1 1 3
3 6 0 1 0 0 0 3000 3 8 8 1
3 7 0 1 0 0 0 3000 2 8 8 8
3 8 0 1 0 0 0 3000 2 4 4 8
3 9 1 1 1 0 0 1180 1 8 8 4
3 10 0 1 0 0 0 3000 2 5 5 8
3 11 0 1 0 0 0 3000 3 15 15 5
3 12 1 1 1 0 0 468 1 5 5 15
3 13 0 1 0 0 0 3000 2 8 8 5
3 14 0 1 0 0 0 3000 2 11 11 8
3 15 0 1 0 0 0 3000 2 12 12 11
3 16 0 1 0 0 0 3000 3 10 10 12
3 17 1 1 1 0 0 983 1 12 12 10
3 18 1 1 1 0 0 751 1 10 10 12
3 19 0 1 0 0 0 3000 3 13 13 10
3 20 0 1 0 0 0 3000 2 6 6 13
3 21 1 1 1 0 0 962 1 13 13 6
3 22 0 1 0 0 0 3000 3 2 2 13
3 23 0 1 0 0 0 3000 3 2 2 2
3 24 0 1 0 0 0 3000 3 12 12 2
3 25 0 1 0 0 0 3000 3 8 8 12
