1 1 0 0 0 0 1 1456 1 13 13 0
1 2 0 1 0 0 0 3000 3 2 2 13
1 3 0 1 0 0 0 3000 3 4 4 2
1 4 0 1 0 0 0 3000 3 4 4 4
1 5 1 1 1 0 0 833 1 4 4 4
1 6 1 1 1 0 0 2503 1 4 4 4
1 7 0 1 0 0 0 3000 3 15 15 4
1 8 0 1 0 0 0 3000 3 13 13 15
1 9 1 1 1 0 0 1145 1 15 15 13
1 10 0 1 0 0 0 3000 3 10 10 15
1 11 0 1 0 0 0 3000 3 2 2 10
1 12 1 1 1 0 0 1069 1 10 10 2
1 13 1 1 1 0 0 962 1 2 2 10
1 14 1 1 1 0 0 1819 1 10 10 2
1 15 1 1 1 0 0 1041 1 2 2 10
1 16 0 1 0 0 0 3000 3 1 1 2
1 17 0 1 0 0 0 3000 2 10 10 1
1 18 0 1 0 0 0 3000 2 9 9 10
1 19 0 1 0 0 0 3000 2 5 5 9
1 20 1 1 1 0 0 962 1 9 9 5
1 21 1 1 1 0 0 1084 1 5 5 9
1 22 1 1 1 0 0 1104 1 9 9 5
1 23 0 1 0 0 0 3000 3 15 15 9
1 24 0 1 0 0 0 3000 2 15 15 15
1 25 0 1 0 0 0 3000 3 9 9 15
2 1 0 1 0 0 0 3000 3 1 1 9
2 2 0 1 0 0 0 3000 1 2 2 1
2 3 0 1 0 0 0 3000 2 3 3 2
2 4 1 1 1 0 0 869 1 2 2 3
2 5 0 1 0 0 0 3000 3 12 12 2
2 6 1 1 1 0 0 1117 1 2 2 12
2 7 1 1 1 0 0 728 1 12 12 2
2 8 0 1 0 0 0 3000 2 1 1 12
2 9 0 1 0 0 0 3000 2 7 7 1
2 10 0 1 0 0 0 3000 3 6 6 7
2 11 0 1 0 0 0 3000 2 11 11 6
2 12 0 1 0 0 0 3000 3 10 10 11
2 13 1 1 1 0 0 787 1 11 11 10
2 14 0 1 0 0 0 3000 3 13 13 11
2 15 1 1 1 0 0 858 1 11 11 13
2 16 0 1 0 0 0 3000 2 4 4 11
2 17 1 1 1 0 0 610 1 11 11 4
2 18 1 1 1 0 0 674 1 4 4 11
2 19 1 1 1 0 0 934 1 11 11 4
2 20 0 1 0 0 0 3000 3 10 10 11
2 21 0 1 0 0 0 3000 3 2 2 10
2 22 0 1 0 0 0 3000 3 14 14 2
2 23 1 1 1 0 0 764 1 2 2 14
2 24 1 1 1 0 0 1005 1 14 14 2
2 25 1 1 1 0 0 444 1 2 2 14
3 1 0 1 0 0 0 3000 3 7 7 2
3 2 0 1 0 0 0 3000 3 10 10 7
3 3 0 1 0 0 0 3000 2 14 14 10
3 4 0 1 0 0 0 3000 2 6 6 14
3 5 0 1 0 0 0 3000 3 3 3 6
3 6 1 1 1 0 0 788 1 6 6 3
3 7 0 1 0 0 0 3000 3 4 4 6
3 8 0 1 0 0 0 3000 2 12 12 4
3 9 0 1 0 0 0 3000 3 14 14 12
3 10 0 1 0 0 0 3000 2 13 13 14
3 11 0 1 0 0 0 3000 2 3 3 13
3 12 0 1 0 0 0 3000 2 11 11 3
3 13 1 1 1 0 0 756 1 3 3 11
3 14 1 1 1 0 0 744 1 11 11 3
3 15 1 1 1 0 0 905 1 3 3 11
3 16 1 1 1 0 0 783 1 11 11 3
3 17 0 1 0 0 0 3000 2 11 11 11
3 18 1 1 1 0 0 896 1 11 11 11
3 19 0 1 0 0 0 3000 2 3 3 11
3 20 1 1 1 0 0 863 1 11 11 3
3 21 0 1 0 0 0 3000 2 5 5 11
3 22 0 1 0 0 0 3000 3 8 8 5
3 23 0 1 0 0 0 3000 3 3 3 8
3 24 0 1 0 0 0 3000 3 11 11 3
3 25 1 1 1 0 0 653 1 3 3 11
