1 1 0 1 0 0 0 3000 1 3 3 0
1 2 0 1 0 0 0 3000 1 2 2 3
1 3 1 1 1 0 0 299 1 3 3 2
1 4 0 1 0 0 0 3000 2 7 7 3
1 5 0 1 0 0 0 3000 3 5 5 7
1 6 1 1 1 0 0 292 1 7 7 5
1 7 0 1 0 0 0 3000 2 4 4 7
1 8 1 1 1 0 0 418 1 7 7 4
1 9 0 1 0 0 0 3000 3 2 2 7
1 10 1 1 1 0 0 320 1 7 7 2
1 11 0 1 0 0 0 3000 3 5 5 7
1 12 0 1 0 0 0 3000 3 5 5 5
1 13 0 1 0 0 0 3000 2 3 3 5
1 14 1 1 1 0 0 344 1 5 5 3
1 15 1 0 0 1 0 3000 1 3 3 5
1 16 0 1 0 0 0 3000 2 13 13 3
1 17 1 1 1 0 0 294 1 3 3 13
1 18 0 1 0 0 0 3000 3 11 11 3
1 19 1 1 1 0 0 436 1 3 3 11
1 20 0 1 0 0 0 3000 3 5 5 3
1 21 0 1 0 0 0 3000 3 14 14 5
1 22 1 1 1 0 0 351 1 5 5 14
1 23 0 1 0 0 0 3000 2 5 5 5
1 24 0 1 0 0 0 3000 3 14 14 5
1 25 0 1 0 0 0 3000 3 13 13 14
2 1 0 1 0 0 0 3000 2 10 10 13
2 2 0 1 0 0 0 3000 3 6 6 10
2 3 0 1 0 0 0 3000 2 3 3 6
2 4 0 1 0 0 0 3000 2 5 5 3
2 5 1 1 1 0 0 338 1 3 3 5
2 6 1 1 1 0 0 390 1 5 5 3
2 7 1 1 1 0 0 370 1 3 3 5
2 8 0 1 0 0 0 3000 3 11 11 3
2 9 1 1 1 0 0 317 1 3 3 11
2 10 1 1 1 0 0 407 1 11 11 3
2 11 0 1 0 0 0 3000 3 8 8 11
2 12 0 1 0 0 0 3000 3 15 15 8
2 13 1 1 1 0 0 431 1 8 8 15
2 14 1 1 1 0 0 459 1 15 15 8
2 15 1 1 1 0 0 368 1 8 8 15
2 16 0 1 0 0 0 3000 3 6 6 8
2 17 0 1 0 0 0 3000 2 3 3 6
2 18 0 1 0 0 0 3000 2 1 1 3
2 19 0 1 0 0 0 3000 3 4 4 1
2 20 1 1 1 0 0 314 1 1 1 4
2 21 1 1 1 0 0 398 1 4 4 1
2 22 0 1 0 0 0 3000 2 15 15 4
2 23 0 1 0 0 0 3000 2 1 1 15
2 24 0 1 0 0 0 3000 2 10 10 1
2 25 1 1 1 0 0 320 1 1 1 10
3 1 0 1 0 0 0 3000 1 15 15 1
3 2 0 1 0 0 0 3000 1 7 7 15
3 3 0 1 0 0 0 3000 2 3 3 7
3 4 1 1 1 0 0 306 1 7 7 3
3 5 1 1 1 0 0 360 1 3 3 7
3 6 0 1 0 0 0 3000 3 14 14 3
3 7 1 1 1 0 0 302 1 3 3 14
3 8 0 1 0 0 0 3000 3 6 6 3
3 9 0 1 0 0 0 3000 2 10 10 6
3 10 0 1 0 0 0 3000 2 4 4 10
3 11 0 1 0 0 0 3000 2 1 1 4
3 12 1 0 0 1 0 3000 1 4 4 1
3 13 0 1 0 0 0 3000 2 2 2 4
3 14 1 0 0 1 0 3000 1 4 4 2
3 15 1 1 1 0 0 381 1 2 2 4
3 16 1 1 1 0 0 387 1 4 4 2
3 17 1 1 1 0 0 354 1 2 2 4
3 18 0 1 0 0 0 3000 2 14 14 2
3 19 0 1 0 0 0 3000 2 7 7 14
3 20 1 1 1 0 0 289 1 14 14 7
3 21 0 1 0 0 0 3000 3 1 1 14
3 22 0 1 0 0 0 3000 2 2 2 1
3 23 1 1 1 0 0 288 1 1 1 2
3 24 1 1 1 0 0 360 1 2 2 1
3 25 0 1 0 0 0 3000 2 10 10 2
