1 1 0 1 0 0 0 3000 2 6 6 0
1 2 0 1 0 0 0 3000 3 12 12 6
1 3 0 1 0 0 0 3000 2 1 1 12
1 4 0 1 0 0 0 3000 2 2 2 1
1 5 0 1 0 0 0 3000 2 11 11 2
1 6 0 1 0 0 0 3000 2 3 3 11
1 7 0 0 0 0 1 2101 3 13 13 3
1 8 1 1 1 0 0 968 1 3 3 13
1 9 1 0 0 1 0 3000 1 13 13 3
1 10 1 1 1 0 0 698 1 3 3 13
1 11 0 1 0 0 0 3000 2 8 8 3
1 12 0 1 0 0 0 3000 2 10 10 8
1 13 0 1 0 0 0 3000 3 11 11 10
1 14 0 1 0 0 0 3000 3 12 12 11
1 15 0 1 0 0 0 3000 2 1 1 12
1 16 0 1 0 0 0 3000 2 15 15 1
1 17 1 1 1 0 0 876 1 1 1 15
1 18 0 1 0 0 0 3000 2 9 9 1
1 19 1 1 1 0 0 1414 1 1 1 9
1 20 0 1 0 0 0 3000 3 10 10 1
1 21 0 0 0 0 1 1423 3 10 10 10
1 22 0 1 0 0 0 3000 2 5 5 10
1 23 1 1 1 0 0 2509 1 10 10 5
1 24 0 1 0 0 0 3000 3 13 13 10
1 25 0 1 0 0 0 3000 2 1 1 13
2 1 0 1 0 0 0 3000 3 11 11 1
2 2 0 1 0 0 0 3000 3 8 8 11
2 3 0 1 0 0 0 3000 2 14 14 8
2 4 0 1 0 0 0 3000 3 9 9 14
2 5 0 1 0 0 0 3000 2 2 2 9
2 6 0 1 0 0 0 3000 3 13 13 2
2 7 0 1 0 0 0 3000 2 4 4 13
2 8 0 1 0 0 0 3000 2 2 2 4
2 9 1 1 1 0 0 676 1 4 4 2
2 10 1 1 1 0 0 779 1 2 2 4
2 11 0 1 0 0 0 3000 3 3 3 2
2 12 1 1 1 0 0 1003 1 2 2 3
2 13 0 1 0 0 0 3000 2 10 10 2
2 14 1 1 1 0 0 541 1 2 2 10
2 15 1 1 1 0 0 984 1 10 10 2
2 16 1 0 0 1 0 3000 1 2 2 10
2 17 1 1 1 0 0 885 1 10 10 2
2 18 1 0 0 1 0 3000 1 2 2 10
2 19 0 1 0 0 0 3000 2 7 7 2
2 20 0 1 0 0 0 3000 3 1 1 7
2 21 0 1 0 0 0 3000 3 8 8 1
2 22 1 1 1 0 0 766 1 1 1 8
2 23 0 1 0 0 0 3000 3 3 3 1
2 24 0 1 0 0 0 3000 2 10 10 3
2 25 1 1 1 0 0 637 1 3 3 10
3 1 0 1 0 0 0 3000 2 14 14 3
3 2 0 1 0 0 0 3000 1 12 12 14
3 3 0 1 0 0 0 3000 3 3 3 12
3 4 0 1 0 0 0 3000 2 2 2 3
3 5 0 1 0 0 0 3000 2 13 13 2
3 6 1 1 1 0 0 2012 1 2 2 13
3 7 0 0 0 0 1 2089 2 12 12 2
3 8 1 0 0 1 0 3000 1 2 2 12
3 9 1 1 1 0 0 795 1 12 12 2
3 10 0 1 0 0 0 3000 2 3 3 12
3 11 1 1 1 0 0 1023 1 12 12 3
3 12 0 1 0 0 0 3000 3 2 2 12
3 13 0 0 0 0 1 1413 2 3 3 2
3 14 1 0 0 1 0 3000 1 2 2 3
3 15 0 1 0 0 0 3000 2 1 1 2
3 16 0 0 0 0 1 768 3 1 1 1
3 17 0 1 0 0 0 3000 2 3 3 1
3 18 0 1 0 0 0 3000 2 7 7 3
3 19 0 1 0 0 0 3000 2 8 8 7
3 20 0 1 0 0 0 3000 2 1 1 8
3 21 0 1 0 0 0 3000 3 14 14 1
3 22 0 1 0 0 0 3000 2 2 2 14
3 23 0 1 0 0 0 3000 3 7 7 2
3 24 0 1 0 0 0 3000 2 15 15 7
3 25 0 1 0 0 0 3000 3 13 13 15
