1 1 0 1 0 0 0 3000 3 2 2 0
1 2 0 1 0 0 0 3000 1 10 10 2
1 3 0 1 0 0 0 3000 2 13 13 10
1 4 1 1 1 0 0 2704 1 10 10 13
1 5 0 1 0 0 0 3000 2 12 12 10
1 6 1 0 0 1 0 3000 1 10 10 12
1 7 1 1 1 0 0 786 1 12 12 10
1 8 1 1 1 0 0 892 1 10 10 12
1 9 0 1 0 0 0 3000 2 3 3 10
1 10 0 1 0 0 0 3000 2 3 3 3
1 11 1 1 1 0 0 814 1 3 3 3
1 12 0 1 0 0 0 3000 2 14 14 3
1 13 0 1 0 0 0 3000 2 11 11 14
1 14 1 1 1 0 0 512 1 14 14 11
1 15 0 1 0 0 0 3000 2 13 13 14
1 16 0 1 0 0 0 3000 3 6 6 13
1 17 0 1 0 0 0 3000 2 1 1 6
1 18 0 1 0 0 0 3000 3 2 2 1
1 19 1 1 1 0 0 539 1 1 1 2
1 20 0 1 0 0 0 3000 3 11 11 1
1 21 0 1 0 0 0 3000 2 7 7 11
1 22 0 1 0 0 0 3000 3 4 4 7
1 23 1 1 1 0 0 585 1 7 7 4
1 24 0 1 0 0 0 3000 2 14 14 7
1 25 0 1 0 0 0 3000 2 10 10 14
2 1 0 1 0 0 0 3000 3 12 12 10
2 2 0 1 0 0 0 3000 1 9 9 12
2 3 1 1 1 0 0 839 1 12 12 9
2 4 1 1 1 0 0 658 1 9 9 12
2 5 0 1 0 0 0 3000 2 4 4 9
2 6 0 1 0 0 0 3000 2 2 2 4
2 7 0 1 0 0 0 3000 3 15 15 2
2 8 1 0 0 1 0 3000 1 2 2 15
2 9 1 1 1 0 0 812 1 15 15 2
2 10 1 1 1 0 0 724 1 2 2 15
2 11 0 1 0 0 0 3000 3 6 6 2
2 12 1 1 1 0 0 494 1 2 2 6
2 13 1 1 1 0 0 607 1 6 6 2
2 14 1 1 1 0 0 719 1 2 2 6
2 15 0 0 0 0 1 850 2 2 2 2
2 16 0 1 0 0 0 3000 2 15 15 2
2 17 0 1 0 0 0 3000 3 3 3 15
2 18 1 1 1 0 0 496 1 15 15 3
2 19 0 1 0 0 0 3000 3 2 2 15
2 20 1 1 1 0 0 447 1 15 15 2
2 21 0 1 0 0 0 3000 2 7 7 15
2 22 0 1 0 0 0 3000 3 10 10 7
2 23 1 1 1 0 0 549 1 7 7 10
2 24 0 1 0 0 0 3000 3 8 8 7
2 25 0 1 0 0 0 3000 2 15 15 8
3 1 0 1 0 0 0 3000 3 12 12 15
3 2 0 1 0 0 0 3000 3 14 14 12
3 3 1 1 1 0 0 921 1 12 12 14
3 4 0 1 0 0 0 3000 3 9 9 12
3 5 0 1 0 0 0 3000 2 14 14 9
3 6 1 1 1 0 0 731 1 9 9 14
3 7 0 1 0 0 0 3000 3 5 5 9
3 8 0 1 0 0 0 3000 3 7 7 5
3 9 1 0 0 1 0 3000 1 5 5 7
3 10 0 1 0 0 0 3000 2 4 4 5
3 11 1 1 1 0 0 417 1 5 5 4
3 12 0 1 0 0 0 3000 3 12 12 5
3 13 0 1 0 0 0 3000 3 2 2 12
3 14 1 1 1 0 0 953 1 12 12 2
3 15 1 1 1 0 0 598 1 2 2 12
3 16 0 1 0 0 0 3000 2 9 9 2
3 17 1 1 1 0 0 498 1 2 2 9
3 18 0 1 0 0 0 3000 3 2 2 2
3 19 0 1 0 0 0 3000 3 1 1 2
3 20 0 1 0 0 0 3000 3 9 9 1
3 21 1 1 1 0 0 485 1 1 1 9
3 22 0 1 0 0 0 3000 3 5 5 1
3 23 0 1 0 0 0 3000 3 11 11 5
3 24 0 1 0 0 0 3000 2 10 10 11
3 25 1 1 1 0 0 1078 1 11 11 10
