1 1 0 1 0 0 0 3000 1 11 11 0
1 2 0 1 0 0 0 3000 1 8 8 11
1 3 1 1 1 0 0 580 1 11 11 8
1 4 0 1 0 0 0 3000 3 14 14 11
1 5 0 1 0 0 0 3000 3 5 5 14
1 6 0 1 0 0 0 3000 2 3 3 5
1 7 1 1 1 0 0 769 1 5 5 3
1 8 0 1 0 0 0 3000 3 10 10 5
1 9 0 0 0 0 1 850 2 3 3 10
1 10 1 1 1 0 0 743 1 10 10 3
1 11 0 1 0 0 0 3000 2 2 2 10
1 12 1 1 1 0 0 717 1 10 10 2
1 13 0 1 0 0 0 3000 2 11 11 10
1 14 0 1 0 0 0 3000 3 4 4 11
1 15 0 1 0 0 0 3000 3 1 1 4
1 16 0 1 0 0 0 3000 2 8 8 1
1 17 0 1 0 0 0 3000 3 2 2 8
1 18 1 1 1 0 0 626 1 8 8 2
1 19 1 1 1 0 0 544 1 2 2 8
1 20 0 1 0 0 0 3000 2 15 15 2
1 21 0 1 0 0 0 3000 2 5 5 15
1 22 1 0 0 1 0 3000 1 15 15 5
1 23 0 1 0 0 0 3000 2 11 11 15
1 24 0 1 0 0 0 3000 3 8 8 11
1 25 1 1 1 0 0 379 1 11 11 8
2 1 0 1 0 0 0 3000 1 1 1 11
2 2 0 1 0 0 0 3000 1 4 4 1
2 3 0 1 0 0 0 3000 2 8 8 4
2 4 0 0 0 0 1 789 3 2 2 8
2 5 0 1 0 0 0 3000 2 7 7 2
2 6 1 1 1 0 0 579 1 2 2 7
2 7 0 1 0 0 0 3000 3 6 6 2
2 8 0 0 0 0 1 985 3 6 6 6
2 9 0 1 0 0 0 3000 3 12 12 6
2 10 0 1 0 0 0 3000 3 11 11 12
2 11 0 1 0 0 0 3000 2 14 14 11
2 12 0 1 0 0 0 3000 3 3 3 14
2 13 0 1 0 0 0 3000 3 2 2 3
2 14 0 0 0 0 1 793 3 11 11 2
2 15 0 0 0 0 1 882 2 3 3 11
2 16 0 0 0 0 1 665 3 3 3 3
2 17 0 1 0 0 0 3000 2 8 8 3
2 18 0 1 0 0 0 3000 3 13 13 8
2 19 0 1 0 0 0 3000 3 9 9 13
2 20 0 1 0 0 0 3000 2 1 1 9
2 21 0 0 0 0 1 628 3 8 8 1
2 22 1 1 1 0 0 1181 1 1 1 8
2 23 0 1 0 0 0 3000 3 2 2 1
2 24 0 1 0 0 0 3000 2 8 8 2
2 25 0 1 0 0 0 3000 2 7 7 8
3 1 0 1 0 0 0 3000 3 7 7 7
3 2 0 1 0 0 0 3000 1 6 6 7
3 3 0 1 0 0 0 3000 3 2 2 6
3 4 0 1 0 0 0 3000 3 8 8 2
3 5 1 1 1 0 0 642 1 2 2 8
3 6 0 1 0 0 0 3000 2 3 3 2
3 7 0 1 0 0 0 3000 3 13 13 3
3 8 1 1 1 0 0 742 1 3 3 13
3 9 0 1 0 0 0 3000 2 14 14 3
3 10 0 0 0 0 1 771 2 13 13 14
3 11 0 0 0 0 1 670 3 13 13 13
3 12 0 1 0 0 0 3000 3 5 5 13
3 13 0 1 0 0 0 3000 2 12 12 5
3 14 0 1 0 0 0 3000 3 14 14 12
3 15 0 0 0 0 1 770 3 13 13 14
3 16 0 1 0 0 0 3000 2 1 1 13
3 17 0 1 0 0 0 3000 2 8 8 1
3 18 0 1 0 0 0 3000 2 9 9 8
3 19 1 1 1 0 0 780 1 8 8 9
3 20 0 1 0 0 0 3000 2 8 8 8
3 21 0 1 0 0 0 3000 3 3 3 8
3 22 0 1 0 0 0 3000 2 9 9 3
3 23 0 0 0 0 1 721 3 8 8 9
3 24 1 1 1 0 0 764 1 9 9 8
3 25 0 1 0 0 0 3000 2 5 5 9
