1 1 0 1 0 0 0 3000 1 11 11 0
1 2 0 1 0 0 0 3000 1 10 10 11
1 3 0 1 0 0 0 3000 3 10 10 10
1 4 1 1 1 0 0 974 1 10 10 10
1 5 1 0 0 1 0 3000 1 10 10 10
1 6 0 1 0 0 0 3000 3 9 9 10
1 7 0 1 0 0 0 3000 3 13 13 9
1 8 1 1 1 0 0 330 1 9 9 13
1 9 0 1 0 0 0 3000 3 6 6 9
1 10 0 1 0 0 0 3000 3 10 10 6
1 11 1 0 0 1 0 3000 1 6 6 10
1 12 0 1 0 0 0 3000 2 4 4 6
1 13 1 0 0 1 0 3000 1 6 6 4
1 14 0 1 0 0 0 3000 2 1 1 6
1 15 0 1 0 0 0 3000 3 3 3 1
1 16 0 1 0 0 0 3000 2 15 15 3
1 17 0 1 0 0 0 3000 3 5 5 15
1 18 0 0 0 0 1 770 3 4 4 5
1 19 0 1 0 0 0 3000 3 3 3 4
1 20 1 0 0 1 0 3000 1 4 4 3
1 21 1 1 1 0 0 402 1 3 3 4
1 22 0 1 0 0 0 3000 2 9 9 3
1 23 0 1 0 0 0 3000 2 9 9 9
1 24 1 1 1 0 0 348 1 9 9 9
1 25 0 1 0 0 0 3000 2 10 10 9
2 1 0 1 0 0 0 3000 3 7 7 10
2 2 0 1 0 0 0 3000 1 11 11 7
2 3 0 1 0 0 0 3000 2 2 2 11
2 4 0 1 0 0 0 3000 2 12 12 2
2 5 0 1 0 0 0 3000 3 7 7 12
2 6 1 1 1 0 0 327 1 12 12 7
2 7 0 1 0 0 0 3000 2 14 14 12
2 8 0 1 0 0 0 3000 3 6 6 14
2 9 0 1 0 0 0 3000 3 3 3 6
2 10 0 1 0 0 0 3000 3 12 12 3
2 11 0 1 0 0 0 3000 2 10 10 12
2 12 0 1 0 0 0 3000 2 5 5 10
2 13 0 1 0 0 0 3000 2 8 8 5
2 14 0 1 0 0 0 3000 2 12 12 8
2 15 0 1 0 0 0 3000 2 4 4 12
2 16 0 1 0 0 0 3000 2 8 8 4
2 17 1 1 1 0 0 402 1 4 4 8
2 18 0 1 0 0 0 3000 2 15 15 4
2 19 0 1 0 0 0 3000 3 1 1 15
2 20 0 1 0 0 0 3000 2 6 6 1
2 21 0 1 0 0 0 3000 2 3 3 6
2 22 0 1 0 0 0 3000 3 2 2 3
2 23 0 1 0 0 0 3000 2 12 12 2
2 24 0 1 0 0 0 3000 2 3 3 12
2 25 0 1 0 0 0 3000 3 2 2 3
3 1 0 1 0 0 0 3000 3 9 9 2
3 2 0 1 0 0 0 3000 1 8 8 9
3 3 1 1 1 0 0 323 1 9 9 8
3 4 1 0 0 1 0 3000 1 8 8 9
3 5 0 1 0 0 0 3000 2 4 4 8
3 6 1 1 1 0 0 340 1 8 8 4
3 7 0 1 0 0 0 3000 3 10 10 8
3 8 0 1 0 0 0 3000 3 14 14 10
3 9 0 1 0 0 0 3000 3 3 3 14
3 10 0 1 0 0 0 3000 3 2 2 3
3 11 1 1 1 0 0 412 1 3 3 2
3 12 1 0 0 1 0 3000 1 2 2 3
3 13 1 0 0 1 0 3000 1 3 3 2
3 14 0 1 0 0 0 3000 2 13 13 3
3 15 1 1 1 0 0 631 1 3 3 13
3 16 0 1 0 0 0 3000 3 12 12 3
3 17 1 0 0 1 0 3000 1 3 3 12
3 18 0 1 0 0 0 3000 3 11 11 3
3 19 0 1 0 0 0 3000 3 15 15 11
3 20 0 1 0 0 0 3000 2 12 12 15
3 21 0 1 0 0 0 3000 3 14 14 12
3 22 0 1 0 0 0 3000 2 11 11 14
3 23 0 1 0 0 0 3000 3 7 7 11
3 24 0 1 0 0 0 3000 2 4 4 7
3 25 0 1 0 0 0 3000 2 14 14 4
