1 1 0 1 0 0 0 3000 1 12 12 0
1 2 0 1 0 0 0 3000 3 10 10 12
1 3 0 1 0 0 0 3000 3 6 6 10
1 4 0 1 0 0 0 3000 2 6 6 6
1 5 0 1 0 0 0 3000 3 9 9 6
1 6 0 1 0 0 0 3000 2 10 10 9
1 7 0 1 0 0 0 3000 2 11 11 10
1 8 0 1 0 0 0 3000 2 13 13 11
1 9 0 1 0 0 0 3000 2 13 13 13
1 10 0 1 0 0 0 3000 3 3 3 13
1 11 0 1 0 0 0 3000 2 3 3 3
1 12 0 1 0 0 0 3000 3 5 5 3
1 13 0 1 0 0 0 3000 2 4 4 5
1 14 1 1 1 0 0 558 1 5 5 4
1 15 0 1 0 0 0 3000 2 6 6 5
1 16 0 1 0 0 0 3000 3 14 14 6
1 17 0 1 0 0 0 3000 2 14 14 14
1 18 0 1 0 0 0 3000 2 4 4 14
1 19 0 1 0 0 0 3000 3 15 15 4
1 20 0 1 0 0 0 3000 2 14 14 15
1 21 1 1 1 0 0 851 1 15 15 14
1 22 0 1 0 0 0 3000 2 11 11 15
1 23 0 1 0 0 0 3000 3 4 4 11
1 24 1 1 1 0 0 724 1 11 11 4
1 25 0 1 0 0 0 3000 3 11 11 11
2 1 0 1 0 0 0 3000 2 12 12 11
2 2 0 1 0 0 0 3000 1 1 1 12
2 3 1 1 1 0 0 465 1 12 12 1
2 4 0 1 0 0 0 3000 3 6 6 12
2 5 0 1 0 0 0 3000 3 8 8 6
2 6 0 1 0 0 0 3000 2 12 12 8
2 7 1 1 1 0 0 634 1 8 8 12
2 8 1 1 1 0 0 711 1 12 12 8
2 9 0 1 0 0 0 3000 3 15 15 12
2 10 1 1 1 0 0 1207 1 12 12 15
2 11 0 1 0 0 0 3000 3 4 4 12
2 12 0 1 0 0 0 3000 2 1 1 4
2 13 0 1 0 0 0 3000 3 1 1 1
2 14 0 1 0 0 0 3000 2 5 5 1
2 15 0 1 0 0 0 3000 2 10 10 5
2 16 0 1 0 0 0 3000 3 7 7 10
2 17 1 1 1 0 0 634 1 10 10 7
2 18 0 1 0 0 0 3000 3 4 4 10
2 19 0 1 0 0 0 3000 2 7 7 4
2 20 0 1 0 0 0 3000 2 2 2 7
2 21 0 1 0 0 0 3000 2 11 11 2
2 22 0 1 0 0 0 3000 3 4 4 11
2 23 0 1 0 0 0 3000 3 12 12 4
2 24 1 1 1 0 0 604 1 4 4 12
2 25 1 1 1 0 0 650 1 12 12 4
3 1 0 1 0 0 0 3000 1 6 6 12
3 2 0 1 0 0 0 3000 2 9 9 6
3 3 1 1 1 0 0 534 1 6 6 9
3 4 1 1 1 0 0 1711 1 9 9 6
3 5 0 1 0 0 0 3000 3 12 12 9
3 6 0 1 0 0 0 3000 3 5 5 12
3 7 1 1 1 0 0 722 1 12 12 5
3 8 0 1 0 0 0 3000 3 13 13 12
3 9 0 1 0 0 0 3000 3 14 14 13
3 10 1 1 1 0 0 635 1 13 13 14
3 11 0 1 0 0 0 3000 2 11 11 13
3 12 0 1 0 0 0 3000 2 5 5 11
3 13 1 1 1 0 0 739 1 11 11 5
3 14 0 1 0 0 0 3000 2 6 6 11
3 15 0 1 0 0 0 3000 3 4 4 6
3 16 0 1 0 0 0 3000 2 1 1 4
3 17 0 1 0 0 0 3000 2 10 10 1
3 18 1 1 1 0 0 541 1 1 1 10
3 19 0 1 0 0 0 3000 3 9 9 1
3 20 1 1 1 0 0 788 1 1 1 9
3 21 1 1 1 0 0 750 1 9 9 1
3 22 0 1 0 0 0 3000 3 6 6 9
3 23 0 1 0 0 0 3000 2 11 11 6
3 24 1 1 1 0 0 612 1 6 6 11
3 25 0 1 0 0 0 3000 2 8 8 6
