1 1 0 1 0 0 0 3000 1 9 9 0
1 2 0 1 0 0 0 3000 2 14 14 9
1 3 0 1 0 0 0 3000 2 12 12 14
1 4 0 1 0 0 0 3000 2 1 1 12
1 5 1 1 1 0 0 644 1 12 12 1
1 6 0 1 0 0 0 3000 3 8 8 12
1 7 0 1 0 0 0 3000 2 10 10 8
1 8 0 1 0 0 0 3000 2 14 14 10
1 9 1 0 0 1 0 3000 1 10 10 14
1 10 0 1 0 0 0 3000 2 2 2 10
1 11 1 1 1 0 0 544 1 10 10 2
1 12 0 1 0 0 0 3000 3 7 7 10
1 13 0 1 0 0 0 3000 2 13 13 7
1 14 1 1 1 0 0 681 1 7 7 13
1 15 1 0 0 1 0 3000 1 13 13 7
1 16 0 1 0 0 0 3000 3 9 9 13
1 17 0 1 0 0 0 3000 3 1 1 9
1 18 0 1 0 0 0 3000 3 4 4 1
1 19 1 0 0 1 0 3000 1 1 1 4
1 20 0 1 0 0 0 3000 2 11 11 1
1 21 1 1 1 0 0 1022 1 1 1 11
1 22 1 0 0 1 0 3000 1 11 11 1
1 23 0 1 0 0 0 3000 2 10 10 11
1 24 1 1 1 0 0 653 1 11 11 10
1 25 0 1 0 0 0 3000 2 5 5 11
2 1 0 1 0 0 0 3000 1 6 6 5
2 2 0 1 0 0 0 3000 3 3 3 6
2 3 1 1 1 0 0 524 1 6 6 3
2 4 0 1 0 0 0 3000 2 4 4 6
2 5 0 1 0 0 0 3000 3 7 7 4
2 6 1 1 1 0 0 583 1 4 4 7
2 7 1 0 0 1 0 3000 1 7 7 4
2 8 1 1 1 0 0 747 1 4 4 7
2 9 0 1 0 0 0 3000 3 3 3 4
2 10 0 1 0 0 0 3000 3 15 15 3
2 11 0 1 0 0 0 3000 2 10 10 15
2 12 1 1 1 0 0 1399 1 15 15 10
2 13 1 1 1 0 0 1366 1 10 10 15
2 14 1 1 1 0 0 1020 1 15 15 10
2 15 0 1 0 0 0 3000 2 6 6 15
2 16 0 1 0 0 0 3000 3 1 1 6
2 17 0 1 0 0 0 3000 2 9 9 1
2 18 0 1 0 0 0 3000 3 8 8 9
2 19 0 1 0 0 0 3000 3 5 5 8
2 20 0 1 0 0 0 3000 2 5 5 5
2 21 1 1 1 0 0 1019 1 5 5 5
2 22 0 1 0 0 0 3000 2 1 1 5
2 23 1 1 1 0 0 573 1 5 5 1
2 24 0 1 0 0 0 3000 2 2 2 5
2 25 0 1 0 0 0 3000 2 15 15 2
3 1 0 1 0 0 0 3000 2 5 5 15
3 2 0 1 0 0 0 3000 2 6 6 5
3 3 1 1 1 0 0 438 1 5 5 6
3 4 1 1 1 0 0 1018 1 6 6 5
3 5 0 1 0 0 0 3000 2 6 6 6
3 6 0 1 0 0 0 3000 3 3 3 6
3 7 0 0 0 0 1 896 3 3 3 3
3 8 0 1 0 0 0 3000 3 11 11 3
3 9 1 1 1 0 0 1814 1 3 3 11
3 10 0 1 0 0 0 3000 3 10 10 3
3 11 1 1 1 0 0 891 1 3 3 10
3 12 1 1 1 0 0 911 1 10 10 3
3 13 0 1 0 0 0 3000 2 7 7 10
3 14 1 1 1 0 0 1133 1 10 10 7
3 15 0 0 0 0 1 1171 3 9 9 10
3 16 0 0 0 0 1 1559 3 9 9 9
3 17 0 1 0 0 0 3000 2 11 11 9
3 18 1 1 1 0 0 597 1 9 9 11
3 19 0 0 0 0 1 1059 2 10 10 9
3 20 0 1 0 0 0 3000 2 4 4 10
3 21 1 1 1 0 0 701 1 10 10 4
3 22 0 1 0 0 0 3000 3 3 3 10
3 23 1 1 1 0 0 598 1 10 10 3
3 24 0 1 0 0 0 3000 3 15 15 10
3 25 1 1 1 0 0 464 1 10 10 15
