1 1 0 1 0 0 0 3000 1 10 10 0
1 2 0 1 0 0 0 3000 1 6 6 10
1 3 0 1 0 0 0 3000 3 9 9 6
1 4 0 1 0 0 0 3000 2 12 12 9
1 5 1 0 0 1 0 3000 1 9 9 12
1 6 0 1 0 0 0 3000 3 2 2 9
1 7 0 1 0 0 0 3000 3 7 7 2
1 8 0 1 0 0 0 3000 2 3 3 7
1 9 1 1 1 0 0 693 1 7 7 3
1 10 1 1 1 0 0 626 1 3 3 7
1 11 0 1 0 0 0 3000 3 11 11 3
1 12 0 1 0 0 0 3000 3 9 9 11
1 13 0 1 0 0 0 3000 2 7 7 9
1 14 1 1 1 0 0 337 1 9 9 7
1 15 0 1 0 0 0 3000 3 10 10 9
1 16 1 1 1 0 0 376 1 9 9 10
1 17 1 1 1 0 0 555 1 10 10 9
1 18 0 1 0 0 0 3000 3 3 3 10
1 19 0 1 0 0 0 3000 2 13 13 3
1 20 1 1 1 0 0 400 1 3 3 13
1 21 1 1 1 0 0 432 1 13 13 3
1 22 0 1 0 0 0 3000 3 1 1 13
1 23 0 1 0 0 0 3000 3 5 5 1
1 24 1 1 1 0 0 342 1 1 1 5
1 25 0 1 0 0 0 3000 2 14 14 1
2 1 0 1 0 0 0 3000 1 4 4 14
2 2 0 1 0 0 0 3000 3 9 9 4
2 3 0 1 0 0 0 3000 3 1 1 9
2 4 0 1 0 0 0 3000 3 14 14 1
2 5 1 1 1 0 0 342 1 1 1 14
2 6 0 1 0 0 0 3000 3 6 6 1
2 7 0 1 0 0 0 3000 2 4 4 6
2 8 1 1 1 0 0 357 1 6 6 4
2 9 0 1 0 0 0 3000 3 2 2 6
2 10 0 1 0 0 0 3000 2 13 13 2
2 11 0 1 0 0 0 3000 3 14 14 13
2 12 0 1 0 0 0 3000 2 3 3 14
2 13 0 1 0 0 0 3000 3 6 6 3
2 14 0 1 0 0 0 3000 3 14 14 6
2 15 1 1 1 0 0 501 1 6 6 14
2 16 0 1 0 0 0 3000 3 15 15 6
2 17 0 1 0 0 0 3000 2 5 5 15
2 18 0 1 0 0 0 3000 2 11 11 5
2 19 1 1 1 0 0 377 1 5 5 11
2 20 0 1 0 0 0 3000 3 12 12 5
2 21 1 1 1 0 0 363 1 5 5 12
2 22 0 1 0 0 0 3000 3 8 8 5
2 23 0 1 0 0 0 3000 2 9 9 8
2 24 1 1 1 0 0 882 1 8 8 9
2 25 0 1 0 0 0 3000 3 15 15 8
3 1 0 1 0 0 0 3000 2 10 10 15
3 2 0 1 0 0 0 3000 2 14 14 10
3 3 0 1 0 0 0 3000 3 12 12 14
3 4 1 1 1 0 0 378 1 14 14 12
3 5 0 1 0 0 0 3000 3 11 11 14
3 6 0 1 0 0 0 3000 3 3 3 11
3 7 0 1 0 0 0 3000 3 9 9 3
3 8 1 1 1 0 0 391 1 3 3 9
3 9 0 1 0 0 0 3000 2 3 3 3
3 10 0 1 0 0 0 3000 3 2 2 3
3 11 0 1 0 0 0 3000 3 10 10 2
3 12 0 1 0 0 0 3000 2 5 5 10
3 13 0 1 0 0 0 3000 2 11 11 5
3 14 0 1 0 0 0 3000 2 11 11 11
3 15 1 1 1 0 0 419 1 11 11 11
3 16 0 1 0 0 0 3000 3 10 10 11
3 17 0 1 0 0 0 3000 2 12 12 10
3 18 1 1 1 0 0 358 1 10 10 12
3 19 0 1 0 0 0 3000 2 3 3 10
3 20 0 1 0 0 0 3000 3 14 14 3
3 21 1 1 1 0 0 458 1 3 3 14
3 22 0 1 0 0 0 3000 2 8 8 3
3 23 0 1 0 0 0 3000 2 13 13 8
3 24 0 1 0 0 0 3000 3 12 12 13
3 25 0 0 0 0 1 645 2 10 10 12
