1 1 0 1 0 0 0 3000 3 5 5 0
1 2 0 1 0 0 0 3000 1 13 13 5
1 3 1 1 1 0 0 523 1 5 5 13
1 4 1 0 0 1 0 3000 1 13 13 5
1 5 0 1 0 0 0 3000 2 11 11 13
1 6 0 1 0 0 0 3000 2 9 9 11
1 7 0 1 0 0 0 3000 3 14 14 9
1 8 0 1 0 0 0 3000 2 4 4 14
1 9 0 1 0 0 0 3000 2 8 8 4
1 10 0 1 0 0 0 3000 3 3 3 8
1 11 0 1 0 0 0 3000 3 6 6 3
1 12 0 1 0 0 0 3000 3 14 14 6
1 13 0 1 0 0 0 3000 3 14 14 14
1 14 1 0 0 1 0 3000 1 14 14 14
1 15 0 1 0 0 0 3000 3 2 2 14
1 16 0 1 0 0 0 3000 3 10 10 2
1 17 1 0 0 1 0 3000 1 2 2 10
1 18 0 0 0 0 1 1064 2 14 14 2
1 19 0 1 0 0 0 3000 2 14 14 14
1 20 0 1 0 0 0 3000 2 13 13 14
1 21 1 1 1 0 0 419 1 14 14 13
1 22 0 1 0 0 0 3000 2 6 6 14
1 23 0 1 0 0 0 3000 3 13 13 6
1 24 0 1 0 0 0 3000 3 13 13 13
1 25 1 1 1 0 0 707 1 13 13 13
2 1 0 1 0 0 0 3000 3 4 4 13
2 2 0 1 0 0 0 3000 2 3 3 4
2 3 0 1 0 0 0 3000 3 3 3 3
2 4 1 1 1 0 0 430 1 3 3 3
2 5 0 1 0 0 0 3000 3 5 5 3
2 6 0 1 0 0 0 3000 2 5 5 5
2 7 0 1 0 0 0 3000 3 11 11 5
2 8 0 1 0 0 0 3000 2 12 12 11
2 9 0 1 0 0 0 3000 2 6 6 12
2 10 0 1 0 0 0 3000 3 10 10 6
2 11 0 1 0 0 0 3000 2 5 5 10
2 12 0 1 0 0 0 3000 3 12 12 5
2 13 0 1 0 0 0 3000 2 4 4 12
2 14 0 1 0 0 0 3000 3 14 14 4
2 15 1 1 1 0 0 573 1 4 4 14
2 16 0 1 0 0 0 3000 3 8 8 4
2 17 1 1 1 0 0 1194 1 4 4 8
2 18 0 1 0 0 0 3000 2 11 11 4
2 19 0 1 0 0 0 3000 3 14 14 11
2 20 0 1 0 0 0 3000 2 14 14 14
2 21 0 1 0 0 0 3000 2 10 10 14
2 22 0 1 0 0 0 3000 3 7 7 10
2 23 1 1 1 0 0 895 1 10 10 7
2 24 0 1 0 0 0 3000 3 14 14 10
2 25 1 1 1 0 0 760 1 10 10 14
3 1 0 1 0 0 0 3000 2 4 4 10
3 2 0 1 0 0 0 3000 2 3 3 4
3 3 1 1 1 0 0 1181 1 4 4 3
3 4 0 1 0 0 0 3000 3 7 7 4
3 5 0 1 0 0 0 3000 3 1 1 7
3 6 1 1 1 0 0 839 1 7 7 1
3 7 1 1 1 0 0 599 1 1 1 7
3 8 0 1 0 0 0 3000 2 15 15 1
3 9 1 1 1 0 0 969 1 1 1 15
3 10 0 1 0 0 0 3000 3 11 11 1
3 11 0 1 0 0 0 3000 2 5 5 11
3 12 1 1 1 0 0 1279 1 11 11 5
3 13 0 1 0 0 0 3000 3 12 12 11
3 14 0 1 0 0 0 3000 2 10 10 12
3 15 0 1 0 0 0 3000 3 10 10 10
3 16 1 1 1 0 0 612 1 10 10 10
3 17 0 1 0 0 0 3000 3 6 6 10
3 18 1 0 0 1 0 3000 1 10 10 6
3 19 0 1 0 0 0 3000 3 13 13 10
3 20 0 1 0 0 0 3000 2 8 8 13
3 21 1 1 1 0 0 698 1 13 13 8
3 22 0 1 0 0 0 3000 2 7 7 13
3 23 0 1 0 0 0 3000 3 11 11 7
3 24 0 1 0 0 0 3000 2 10 10 11
3 25 0 1 0 0 0 3000 2 15 15 10
