1 1 0 1 0 0 0 3000 2 10 10 0
1 2 0 1 0 0 0 3000 3 9 9 10
1 3 0 1 0 0 0 3000 2 5 5 9
1 4 0 1 0 0 0 3000 2 7 7 5
1 5 1 1 1 0 0 452 1 5 5 7
1 6 0 1 0 0 0 3000 3 13 13 5
1 7 0 1 0 0 0 3000 2 6 6 13
1 8 0 1 0 0 0 3000 3 2 2 6
1 9 1 0 0 1 0 3000 1 6 6 2
1 10 1 1 1 0 0 1094 1 2 2 6
1 11 0 1 0 0 0 3000 2 9 9 2
1 12 0 1 0 0 0 3000 3 15 15 9
1 13 0 1 0 0 0 3000 3 4 4 15
1 14 0 1 0 0 0 3000 2 8 8 4
1 15 0 1 0 0 0 3000 2 10 10 8
1 16 0 1 0 0 0 3000 3 3 3 10
1 17 1 1 1 0 0 867 1 10 10 3
1 18 0 1 0 0 0 3000 2 5 5 10
1 19 0 1 0 0 0 3000 2 7 7 5
1 20 1 1 1 0 0 535 1 5 5 7
1 21 0 1 0 0 0 3000 2 12 12 5
1 22 1 1 1 0 0 1080 1 5 5 12
1 23 0 1 0 0 0 3000 3 3 3 5
1 24 1 1 1 0 0 503 1 5 5 3
1 25 1 0 0 1 0 3000 1 3 3 5
2 1 0 1 0 0 0 3000 2 10 10 3
2 2 0 1 0 0 0 3000 1 12 12 10
2 3 1 0 0 1 0 3000 1 10 10 12
2 4 0 1 0 0 0 3000 3 9 9 10
2 5 0 1 0 0 0 3000 2 15 15 9
2 6 0 1 0 0 0 3000 3 10 10 15
2 7 1 1 1 0 0 699 1 15 15 10
2 8 1 1 1 0 0 848 1 10 10 15
2 9 0 1 0 0 0 3000 2 1 1 10
2 10 0 1 0 0 0 3000 3 6 6 1
2 11 1 1 1 0 0 396 1 1 1 6
2 12 0 1 0 0 0 3000 2 5 5 1
2 13 1 1 1 0 0 585 1 1 1 5
2 14 1 1 1 0 0 419 1 5 5 1
2 15 0 0 0 0 1 459 3 11 11 5
2 16 0 1 0 0 0 3000 3 6 6 11
2 17 0 1 0 0 0 3000 2 13 13 6
2 18 0 1 0 0 0 3000 2 7 7 13
2 19 1 0 0 1 0 3000 1 13 13 7
2 20 0 1 0 0 0 3000 2 15 15 13
2 21 1 1 1 0 0 470 1 13 13 15
2 22 1 1 1 0 0 563 1 15 15 13
2 23 0 1 0 0 0 3000 3 1 1 15
2 24 0 1 0 0 0 3000 2 2 2 1
2 25 0 1 0 0 0 3000 2 12 12 2
3 1 0 1 0 0 0 3000 3 14 14 12
3 2 0 1 0 0 0 3000 2 10 10 14
3 3 0 1 0 0 0 3000 2 5 5 10
3 4 0 1 0 0 0 3000 3 1 1 5
3 5 0 1 0 0 0 3000 2 7 7 1
3 6 0 1 0 0 0 3000 2 14 14 7
3 7 0 1 0 0 0 3000 3 5 5 14
3 8 0 1 0 0 0 3000 2 12 12 5
3 9 0 0 0 0 1 548 2 9 9 12
3 10 0 1 0 0 0 3000 3 11 11 9
3 11 0 1 0 0 0 3000 2 4 4 11
3 12 0 1 0 0 0 3000 3 9 9 4
3 13 0 1 0 0 0 3000 2 10 10 9
3 14 0 1 0 0 0 3000 2 6 6 10
3 15 0 1 0 0 0 3000 3 3 3 6
3 16 1 1 1 0 0 575 1 6 6 3
3 17 0 1 0 0 0 3000 3 8 8 6
3 18 0 1 0 0 0 3000 3 13 13 8
3 19 0 1 0 0 0 3000 3 5 5 13
3 20 0 1 0 0 0 3000 3 14 14 5
3 21 1 1 1 0 0 436 1 5 5 14
3 22 0 1 0 0 0 3000 2 1 1 5
3 23 1 1 1 0 0 473 1 5 5 1
3 24 1 1 1 0 0 652 1 1 1 5
3 25 0 1 0 0 0 3000 3 11 11 1
