1 1 0 1 0 0 0 3000 2 12 12 0
1 2 0 1 0 0 0 3000 2 14 14 12
1 3 0 1 0 0 0 3000 3 6 6 14
1 4 0 1 0 0 0 3000 2 5 5 6
1 5 1 1 1 0 0 698 1 6 6 5
1 6 1 0 0 1 0 3000 1 5 5 6
1 7 0 1 0 0 0 3000 2 13 13 5
1 8 0 1 0 0 0 3000 2 12 12 13
1 9 0 1 0 0 0 3000 2 6 6 12
1 10 0 0 0 0 1 565 3 13 13 6
1 11 0 1 0 0 0 3000 3 5 5 13
1 12 1 0 0 1 0 3000 1 13 13 5
1 13 0 1 0 0 0 3000 3 12 12 13
1 14 0 1 0 0 0 3000 2 2 2 12
1 15 0 1 0 0 0 3000 2 3 3 2
1 16 0 1 0 0 0 3000 2 9 9 3
1 17 0 1 0 0 0 3000 3 4 4 9
1 18 0 1 0 0 0 3000 3 13 13 4
1 19 1 1 1 0 0 650 1 4 4 13
1 20 0 1 0 0 0 3000 2 9 9 4
1 21 0 1 0 0 0 3000 2 6 6 9
1 22 0 1 0 0 0 3000 3 15 15 6
1 23 0 1 0 0 0 3000 2 10 10 15
1 24 1 1 1 0 0 613 1 15 15 10
1 25 0 1 0 0 0 3000 3 15 15 15
2 1 0 1 0 0 0 3000 1 6 6 15
2 2 0 1 0 0 0 3000 1 12 12 6
2 3 0 1 0 0 0 3000 3 8 8 12
2 4 0 1 0 0 0 3000 3 15 15 8
2 5 1 1 1 0 0 584 1 8 8 15
2 6 0 1 0 0 0 3000 2 1 1 8
2 7 0 1 0 0 0 3000 3 6 6 1
2 8 1 1 1 0 0 356 1 1 1 6
2 9 1 1 1 0 0 410 1 6 6 1
2 10 0 1 0 0 0 3000 2 7 7 6
2 11 0 1 0 0 0 3000 3 15 15 7
2 12 0 1 0 0 0 3000 2 9 9 15
2 13 0 1 0 0 0 3000 2 1 1 9
2 14 0 1 0 0 0 3000 3 2 2 1
2 15 1 1 1 0 0 674 1 1 1 2
2 16 0 1 0 0 0 3000 2 6 6 1
2 17 1 1 1 0 0 1488 1 1 1 6
2 18 0 1 0 0 0 3000 2 9 9 1
2 19 0 1 0 0 0 3000 2 10 10 9
2 20 0 1 0 0 0 3000 2 3 3 10
2 21 0 1 0 0 0 3000 2 9 9 3
2 22 0 1 0 0 0 3000 3 8 8 9
2 23 0 0 0 0 1 738 3 8 8 8
2 24 0 1 0 0 0 3000 2 13 13 8
2 25 1 1 1 0 0 741 1 8 8 13
3 1 0 1 0 0 0 3000 3 8 8 8
3 2 0 1 0 0 0 3000 1 11 11 8
3 3 0 1 0 0 0 3000 3 5 5 11
3 4 0 1 0 0 0 3000 2 2 2 5
3 5 0 1 0 0 0 3000 2 4 4 2
3 6 1 1 1 0 0 1770 1 2 2 4
3 7 0 1 0 0 0 3000 3 12 12 2
3 8 0 1 0 0 0 3000 3 13 13 12
3 9 1 1 1 0 0 520 1 12 12 13
3 10 1 1 1 0 0 557 1 13 13 12
3 11 0 1 0 0 0 3000 3 10 10 13
3 12 1 0 0 1 0 3000 1 13 13 10
3 13 0 1 0 0 0 3000 3 9 9 13
3 14 0 1 0 0 0 3000 2 12 12 9
3 15 1 1 1 0 0 1730 1 9 9 12
3 16 1 1 1 0 0 1357 1 12 12 9
3 17 0 1 0 0 0 3000 3 8 8 12
3 18 0 0 0 0 1 556 3 8 8 8
3 19 0 1 0 0 0 3000 3 11 11 8
3 20 0 1 0 0 0 3000 2 7 7 11
3 21 0 1 0 0 0 3000 3 12 12 7
3 22 0 1 0 0 0 3000 3 13 13 12
3 23 0 1 0 0 0 3000 2 11 11 13
3 24 1 1 1 0 0 1077 1 13 13 11
3 25 1 1 1 0 0 972 1 11 11 13
