1 1 0 1 0 0 0 3000 3 9 9 0
1 2 0 1 0 0 0 3000 3 2 2 9
1 3 0 1 0 0 0 3000 3 2 2 2
1 4 0 1 0 0 0 3000 3 1 1 2
1 5 0 1 0 0 0 3000 3 6 6 1
1 6 0 1 0 0 0 3000 2 15 15 6
1 7 0 1 0 0 0 3000 2 2 2 15
1 8 0 1 0 0 0 3000 2 4 4 2
1 9 0 1 0 0 0 3000 3 3 3 4
1 10 0 1 0 0 0 3000 2 1 1 3
1 11 0 1 0 0 0 3000 3 15 15 1
1 12 0 1 0 0 0 3000 2 12 12 15
1 13 0 1 0 0 0 3000 2 2 2 12
1 14 0 1 0 0 0 3000 3 5 5 2
1 15 0 1 0 0 0 3000 3 7 7 5
1 16 1 1 1 0 0 512 1 5 5 7
1 17 0 1 0 0 0 3000 2 9 9 5
1 18 1 0 0 1 0 3000 1 5 5 9
1 19 0 1 0 0 0 3000 2 2 2 5
1 20 0 1 0 0 0 3000 3 1 1 2
1 21 0 1 0 0 0 3000 2 9 9 1
1 22 0 1 0 0 0 3000 3 15 15 9
1 23 1 1 1 0 0 320 1 9 9 15
1 24 1 0 0 1 0 3000 1 15 15 9
1 25 0 0 0 0 1 479 3 15 15 15
2 1 0 1 0 0 0 3000 2 1 1 15
2 2 0 1 0 0 0 3000 3 4 4 1
2 3 0 1 0 0 0 3000 2 7 7 4
2 4 1 1 1 0 0 288 1 4 4 7
2 5 0 1 0 0 0 3000 2 11 11 4
2 6 0 1 0 0 0 3000 3 5 5 11
2 7 1 1 1 0 0 323 1 11 11 5
2 8 1 1 1 0 0 316 1 5 5 11
2 9 0 1 0 0 0 3000 3 2 2 5
2 10 0 1 0 0 0 3000 2 10 10 2
2 11 1 1 1 0 0 285 1 2 2 10
2 12 1 0 0 1 0 3000 1 10 10 2
2 13 1 1 1 0 0 323 1 2 2 10
2 14 0 1 0 0 0 3000 2 12 12 2
2 15 0 1 0 0 0 3000 2 4 4 12
2 16 0 0 0 0 1 290 2 2 2 4
2 17 0 1 0 0 0 3000 3 8 8 2
2 18 1 1 1 0 0 293 1 2 2 8
2 19 0 1 0 0 0 3000 3 3 3 2
2 20 0 1 0 0 0 3000 3 6 6 3
2 21 0 1 0 0 0 3000 2 9 9 6
2 22 1 1 1 0 0 344 1 6 6 9
2 23 0 0 0 0 1 317 2 13 13 6
2 24 0 1 0 0 0 3000 3 14 14 13
2 25 1 1 1 0 0 345 1 13 13 14
3 1 0 1 0 0 0 3000 2 12 12 13
3 2 0 1 0 0 0 3000 1 15 15 12
3 3 0 1 0 0 0 3000 3 4 4 15
3 4 1 1 1 0 0 354 1 15 15 4
3 5 0 1 0 0 0 3000 3 15 15 15
3 6 0 1 0 0 0 3000 3 5 5 15
3 7 1 1 1 0 0 280 1 15 15 5
3 8 0 1 0 0 0 3000 3 14 14 15
3 9 0 1 0 0 0 3000 2 1 1 14
3 10 1 1 1 0 0 353 1 14 14 1
3 11 1 1 1 0 0 272 1 1 1 14
3 12 1 1 1 0 0 692 1 14 14 1
3 13 1 1 1 0 0 435 1 1 1 14
3 14 0 1 0 0 0 3000 3 15 15 1
3 15 0 1 0 0 0 3000 3 15 15 15
3 16 1 1 1 0 0 280 1 15 15 15
3 17 0 1 0 0 0 3000 3 7 7 15
3 18 0 0 0 0 1 214 2 12 12 7
3 19 1 1 1 0 0 302 1 7 7 12
3 20 0 1 0 0 0 3000 3 6 6 7
3 21 0 1 0 0 0 3000 3 2 2 6
3 22 0 1 0 0 0 3000 2 10 10 2
3 23 1 1 1 0 0 339 1 2 2 10
3 24 0 1 0 0 0 3000 3 13 13 2
3 25 0 1 0 0 0 3000 3 4 4 13
