1 1 0 1 0 0 0 3000 3 7 7 0
1 2 0 1 0 0 0 3000 1 2 2 7
1 3 0 1 0 0 0 3000 2 9 9 2
1 4 0 1 0 0 0 3000 2 10 10 9
1 5 0 1 0 0 0 3000 2 7 7 10
1 6 0 0 0 0 1 966 2 2 2 7
1 7 0 1 0 0 0 3000 3 8 8 2
1 8 0 1 0 0 0 3000 2 15 15 8
1 9 0 1 0 0 0 3000 2 13 13 15
1 10 0 1 0 0 0 3000 3 5 5 13
1 11 1 1 1 0 0 586 1 13 13 5
1 12 0 1 0 0 0 3000 2 11 11 13
1 13 0 0 0 0 1 1662 3 1 1 11
1 14 1 1 1 0 0 760 1 11 11 1
1 15 0 1 0 0 0 3000 3 15 15 11
1 16 0 0 0 0 1 1165 3 13 13 15
1 17 0 1 0 0 0 3000 3 13 13 13
1 18 0 1 0 0 0 3000 3 1 1 13
1 19 0 1 0 0 0 3000 2 12 12 1
1 20 1 1 1 0 0 327 1 1 1 12
1 21 0 1 0 0 0 3000 2 13 13 1
1 22 0 0 0 0 1 212 3 14 14 13
1 23 0 1 0 0 0 3000 2 11 11 14
1 24 0 1 0 0 0 3000 3 3 3 11
1 25 0 1 0 0 0 3000 2 13 13 3
2 1 0 1 0 0 0 3000 2 6 6 13
2 2 0 1 0 0 0 3000 3 2 2 6
2 3 0 1 0 0 0 3000 3 15 15 2
2 4 0 1 0 0 0 3000 3 13 13 15
2 5 0 1 0 0 0 3000 2 4 4 13
2 6 0 1 0 0 0 3000 2 6 6 4
2 7 1 1 1 0 0 530 1 4 4 6
2 8 0 1 0 0 0 3000 2 7 7 4
2 9 1 1 1 0 0 1178 1 4 4 7
2 10 0 1 0 0 0 3000 3 4 4 4
2 11 1 1 1 0 0 1132 1 4 4 4
2 12 1 0 0 1 0 3000 1 4 4 4
2 13 1 0 0 1 0 3000 1 4 4 4
2 14 0 1 0 0 0 3000 3 12 12 4
2 15 0 1 0 0 0 3000 3 11 11 12
2 16 0 1 0 0 0 3000 2 1 1 11
2 17 0 1 0 0 0 3000 3 9 9 1
2 18 0 1 0 0 0 3000 2 7 7 9
2 19 1 1 1 0 0 537 1 9 9 7
2 20 1 1 1 0 0 872 1 7 7 9
2 21 0 0 0 0 1 1009 3 15 15 7
2 22 0 1 0 0 0 3000 3 6 6 15
2 23 0 0 0 0 1 550 2 12 12 6
2 24 0 0 0 0 1 803 2 8 8 12
2 25 1 1 1 0 0 572 1 12 12 8
3 1 0 1 0 0 0 3000 1 9 9 12
3 2 0 1 0 0 0 3000 3 7 7 9
3 3 0 1 0 0 0 3000 3 15 15 7
3 4 0 1 0 0 0 3000 2 1 1 15
3 5 0 1 0 0 0 3000 3 11 11 1
3 6 0 1 0 0 0 3000 2 13 13 11
3 7 0 1 0 0 0 3000 3 10 10 13
3 8 1 1 1 0 0 412 1 13 13 10
3 9 0 1 0 0 0 3000 2 14 14 13
3 10 1 0 0 1 0 3000 1 13 13 14
3 11 0 0 0 0 1 702 2 13 13 13
3 12 0 1 0 0 0 3000 2 12 12 13
3 13 0 1 0 0 0 3000 2 5 5 12
3 14 0 1 0 0 0 3000 3 8 8 5
3 15 1 1 1 0 0 567 1 5 5 8
3 16 1 1 1 0 0 596 1 8 8 5
3 17 0 1 0 0 0 3000 3 4 4 8
3 18 1 1 1 0 0 512 1 8 8 4
3 19 0 0 0 0 1 514 3 7 7 8
3 20 1 1 1 0 0 858 1 8 8 7
3 21 0 0 0 0 1 800 3 4 4 8
3 22 0 0 0 0 1 629 2 4 4 4
3 23 1 1 1 0 0 1676 1 4 4 4
3 24 0 1 0 0 0 3000 2 5 5 4
3 25 0 0 0 0 1 407 3 2 2 5
