1 1 0 1 0 0 0 3000 1 11 11 0
1 2 0 1 0 0 0 3000 2 7 7 11
1 3 0 1 0 0 0 3000 2 2 2 7
1 4 1 0 0 1 0 3000 1 7 7 2
1 5 0 1 0 0 0 3000 2 10 10 7
1 6 0 0 0 0 1 569 2 11 11 10
1 7 0 1 0 0 0 3000 3 8 8 11
1 8 0 0 0 0 1 720 2 10 10 8
1 9 1 1 1 0 0 576 1 8 8 10
1 10 0 0 0 0 1 639 2 11 11 8
1 11 0 1 0 0 0 3000 3 14 14 11
1 12 0 1 0 0 0 3000 2 12 12 14
1 13 0 0 0 0 1 403 2 13 13 12
1 14 0 0 0 0 1 397 3 10 10 13
1 15 0 1 0 0 0 3000 3 15 15 10
1 16 0 0 0 0 1 442 2 14 14 15
1 17 1 1 1 0 0 495 1 15 15 14
1 18 0 0 0 0 1 495 3 15 15 15
1 19 0 1 0 0 0 3000 3 2 2 15
1 20 0 1 0 0 0 3000 2 10 10 2
1 21 0 1 0 0 0 3000 2 7 7 10
1 22 0 1 0 0 0 3000 3 9 9 7
1 23 1 1 1 0 0 378 1 7 7 9
1 24 1 1 1 0 0 2385 1 9 9 7
1 25 0 1 0 0 0 3000 2 4 4 9
2 1 0 1 0 0 0 3000 1 6 6 4
2 2 0 1 0 0 0 3000 2 2 2 6
2 3 1 1 1 0 0 379 1 6 6 2
2 4 0 1 0 0 0 3000 3 8 8 6
2 5 1 1 1 0 0 428 1 6 6 8
2 6 0 1 0 0 0 3000 2 3 3 6
2 7 1 1 1 0 0 381 1 6 6 3
2 8 0 1 0 0 0 3000 3 14 14 6
2 9 1 1 1 0 0 475 1 6 6 14
2 10 0 1 0 0 0 3000 3 10 10 6
2 11 0 1 0 0 0 3000 2 2 2 10
2 12 0 1 0 0 0 3000 3 15 15 2
2 13 0 1 0 0 0 3000 2 14 14 15
2 14 0 1 0 0 0 3000 2 6 6 14
2 15 1 1 1 0 0 476 1 14 14 6
2 16 1 1 1 0 0 548 1 6 6 14
2 17 1 1 1 0 0 460 1 14 14 6
2 18 0 1 0 0 0 3000 3 12 12 14
2 19 1 1 1 0 0 491 1 14 14 12
2 20 0 1 0 0 0 3000 2 10 10 14
2 21 0 0 0 0 1 558 3 10 10 10
2 22 0 1 0 0 0 3000 2 15 15 10
2 23 0 1 0 0 0 3000 2 4 4 15
2 24 0 1 0 0 0 3000 3 12 12 4
2 25 0 1 0 0 0 3000 3 12 12 12
3 1 0 1 0 0 0 3000 1 4 4 12
3 2 0 1 0 0 0 3000 3 6 6 4
3 3 0 1 0 0 0 3000 2 2 2 6
3 4 0 1 0 0 0 3000 3 11 11 2
3 5 0 1 0 0 0 3000 2 14 14 11
3 6 0 1 0 0 0 3000 3 10 10 14
3 7 0 1 0 0 0 3000 3 4 4 10
3 8 0 1 0 0 0 3000 3 11 11 4
3 9 1 1 1 0 0 359 1 4 4 11
3 10 1 1 1 0 0 314 1 11 11 4
3 11 0 1 0 0 0 3000 2 11 11 11
3 12 0 1 0 0 0 3000 2 9 9 11
3 13 0 1 0 0 0 3000 3 14 14 9
3 14 0 1 0 0 0 3000 3 12 12 14
3 15 1 1 1 0 0 422 1 14 14 12
3 16 1 1 1 0 0 431 1 12 12 14
3 17 0 1 0 0 0 3000 2 13 13 12
3 18 0 1 0 0 0 3000 2 7 7 13
3 19 1 1 1 0 0 451 1 13 13 7
3 20 1 1 1 0 0 390 1 7 7 13
3 21 0 1 0 0 0 3000 3 3 3 7
3 22 0 1 0 0 0 3000 2 8 8 3
3 23 1 1 1 0 0 1296 1 3 3 8
3 24 0 1 0 0 0 3000 2 3 3 3
3 25 0 1 0 0 0 3000 2 6 6 3
