1 1 0 1 0 0 0 3000 3 13 13 0
1 2 0 1 0 0 0 3000 1 10 10 13
1 3 1 1 1 0 0 1073 1 13 13 10
1 4 0 1 0 0 0 3000 2 14 14 13
1 5 0 1 0 0 0 3000 3 15 15 14
1 6 1 1 1 0 0 533 1 14 14 15
1 7 0 1 0 0 0 3000 3 10 10 14
1 8 0 0 0 0 1 899 2 10 10 10
1 9 1 1 1 0 0 1310 1 10 10 10
1 10 0 1 0 0 0 3000 3 4 4 10
1 11 0 1 0 0 0 3000 3 8 8 4
1 12 1 1 1 0 0 484 1 4 4 8
1 13 1 1 1 0 0 521 1 8 8 4
1 14 0 1 0 0 0 3000 2 2 2 8
1 15 1 1 1 0 0 491 1 8 8 2
1 16 1 1 1 0 0 436 1 2 2 8
1 17 0 0 0 0 1 902 3 2 2 2
1 18 1 1 1 0 0 560 1 2 2 2
1 19 0 1 0 0 0 3000 2 7 7 2
1 20 1 1 1 0 0 452 1 2 2 7
1 21 0 1 0 0 0 3000 3 11 11 2
1 22 0 1 0 0 0 3000 2 1 1 11
1 23 0 1 0 0 0 3000 2 3 3 1
1 24 0 1 0 0 0 3000 3 11 11 3
1 25 0 1 0 0 0 3000 3 6 6 11
2 1 0 1 0 0 0 3000 3 14 14 6
2 2 0 1 0 0 0 3000 3 5 5 14
2 3 0 1 0 0 0 3000 2 4 4 5
2 4 1 1 1 0 0 424 1 5 5 4
2 5 0 1 0 0 0 3000 2 5 5 5
2 6 1 1 1 0 0 445 1 5 5 5
2 7 0 1 0 0 0 3000 3 1 1 5
2 8 1 1 1 0 0 430 1 5 5 1
2 9 0 1 0 0 0 3000 2 14 14 5
2 10 0 1 0 0 0 3000 2 1 1 14
2 11 0 1 0 0 0 3000 3 3 3 1
2 12 1 1 1 0 0 354 1 1 1 3
2 13 0 1 0 0 0 3000 2 5 5 1
2 14 1 1 1 0 0 796 1 1 1 5
2 15 0 1 0 0 0 3000 3 3 3 1
2 16 1 1 1 0 0 391 1 1 1 3
2 17 0 1 0 0 0 3000 3 14 14 1
2 18 1 1 1 0 0 377 1 1 1 14
2 19 0 1 0 0 0 3000 2 9 9 1
2 20 0 1 0 0 0 3000 2 11 11 9
2 21 0 1 0 0 0 3000 2 7 7 11
2 22 0 1 0 0 0 3000 3 6 6 7
2 23 0 1 0 0 0 3000 3 1 1 6
2 24 0 1 0 0 0 3000 2 15 15 1
2 25 0 1 0 0 0 3000 3 15 15 15
3 1 0 1 0 0 0 3000 2 8 8 15
3 2 0 1 0 0 0 3000 2 14 14 8
3 3 0 1 0 0 0 3000 3 1 1 14
3 4 0 1 0 0 0 3000 3 6 6 1
3 5 0 1 0 0 0 3000 3 15 15 6
3 6 0 1 0 0 0 3000 3 4 4 15
3 7 1 1 1 0 0 426 1 15 15 4
3 8 0 1 0 0 0 3000 2 8 8 15
3 9 0 1 0 0 0 3000 3 5 5 8
3 10 0 1 0 0 0 3000 3 15 15 5
3 11 1 1 1 0 0 438 1 5 5 15
3 12 0 1 0 0 0 3000 2 9 9 5
3 13 0 1 0 0 0 3000 3 15 15 9
3 14 1 1 1 0 0 389 1 9 9 15
3 15 0 1 0 0 0 3000 3 14 14 9
3 16 0 1 0 0 0 3000 3 2 2 14
3 17 0 1 0 0 0 3000 2 10 10 2
3 18 0 1 0 0 0 3000 3 9 9 10
3 19 0 1 0 0 0 3000 2 8 8 9
3 20 1 1 1 0 0 2163 1 9 9 8
3 21 0 1 0 0 0 3000 2 13 13 9
3 22 0 0 0 0 1 401 2 8 8 13
3 23 1 0 0 1 0 3000 1 13 13 8
3 24 1 1 1 0 0 1045 1 8 8 13
3 25 0 1 0 0 0 3000 2 8 8 8
