1 1 0 1 0 0 0 3000 3 9 9 0
1 2 0 1 0 0 0 3000 1 10 10 9
1 3 0 1 0 0 0 3000 3 8 8 10
1 4 0 1 0 0 0 3000 2 2 2 8
1 5 0 1 0 0 0 3000 2 1 1 2
1 6 0 1 0 0 0 3000 3 14 14 1
1 7 0 1 0 0 0 3000 2 9 9 14
1 8 0 1 0 0 0 3000 3 6 6 9
1 9 0 1 0 0 0 3000 2 10 10 6
1 10 0 1 0 0 0 3000 2 9 9 10
1 11 0 1 0 0 0 3000 2 7 7 9
1 12 1 0 0 1 0 3000 1 9 9 7
1 13 0 1 0 0 0 3000 2 12 12 9
1 14 0 1 0 0 0 3000 3 15 15 12
1 15 1 1 1 0 0 611 1 12 12 15
1 16 0 1 0 0 0 3000 3 13 13 12
1 17 1 1 1 0 0 575 1 12 12 13
1 18 1 1 1 0 0 376 1 13 13 12
1 19 1 1 1 0 0 356 1 12 12 13
1 20 0 1 0 0 0 3000 2 1 1 12
1 21 0 1 0 0 0 3000 2 9 9 1
1 22 1 1 1 0 0 728 1 1 1 9
1 23 0 1 0 0 0 3000 3 7 7 1
1 24 0 1 0 0 0 3000 2 8 8 7
1 25 0 1 0 0 0 3000 3 6 6 8
2 1 0 1 0 0 0 3000 3 3 3 6
2 2 0 1 0 0 0 3000 2 11 11 3
2 3 0 1 0 0 0 3000 3 1 1 11
2 4 0 1 0 0 0 3000 3 14 14 1
2 5 0 1 0 0 0 3000 3 14 14 14
2 6 0 1 0 0 0 3000 3 2 2 14
2 7 0 1 0 0 0 3000 2 10 10 2
2 8 0 1 0 0 0 3000 2 5 5 10
2 9 0 1 0 0 0 3000 2 2 2 5
2 10 0 1 0 0 0 3000 3 9 9 2
2 11 0 1 0 0 0 3000 3 8 8 9
2 12 1 1 1 0 0 515 1 9 9 8
2 13 1 0 0 1 0 3000 1 8 8 9
2 14 1 1 1 0 0 576 1 9 9 8
2 15 0 1 0 0 0 3000 2 5 5 9
2 16 0 1 0 0 0 3000 2 12 12 5
2 17 1 1 1 0 0 316 1 5 5 12
2 18 1 1 1 0 0 583 1 12 12 5
2 19 0 1 0 0 0 3000 2 8 8 12
2 20 0 1 0 0 0 3000 2 6 6 8
2 21 1 1 1 0 0 424 1 8 8 6
2 22 0 1 0 0 0 3000 2 11 11 8
2 23 0 1 0 0 0 3000 3 10 10 11
2 24 0 1 0 0 0 3000 3 8 8 10
2 25 0 1 0 0 0 3000 3 2 2 8
3 1 0 1 0 0 0 3000 1 15 15 2
3 2 0 1 0 0 0 3000 2 15 15 15
3 3 0 1 0 0 0 3000 2 5 5 15
3 4 0 1 0 0 0 3000 3 1 1 5
3 5 0 1 0 0 0 3000 2 12 12 1
3 6 1 1 1 0 0 849 1 1 1 12
3 7 0 1 0 0 0 3000 2 1 1 1
3 8 0 1 0 0 0 3000 3 13 13 1
3 9 1 1 1 0 0 425 1 1 1 13
3 10 0 1 0 0 0 3000 3 5 5 1
3 11 1 1 1 0 0 323 1 1 1 5
3 12 0 1 0 0 0 3000 3 3 3 1
3 13 0 1 0 0 0 3000 2 5 5 3
3 14 1 1 1 0 0 335 1 3 3 5
3 15 0 1 0 0 0 3000 3 4 4 3
3 16 0 1 0 0 0 3000 2 4 4 4
3 17 0 1 0 0 0 3000 2 15 15 4
3 18 0 1 0 0 0 3000 3 10 10 15
3 19 0 1 0 0 0 3000 2 2 2 10
3 20 1 1 1 0 0 510 1 10 10 2
3 21 0 1 0 0 0 3000 2 6 6 10
3 22 1 1 1 0 0 946 1 10 10 6
3 23 0 0 0 0 1 923 2 10 10 10
3 24 0 1 0 0 0 3000 2 8 8 10
3 25 1 1 1 0 0 429 1 10 10 8
