1 1 0 1 0 0 0 3000 2 1 1 0
1 2 0 1 0 0 0 3000 2 13 13 1
1 3 1 1 1 0 0 353 1 1 1 13
1 4 1 1 1 0 0 436 1 13 13 1
1 5 0 1 0 0 0 3000 2 9 9 13
1 6 0 1 0 0 0 3000 3 4 4 9
1 7 1 1 1 0 0 380 1 9 9 4
1 8 1 1 1 0 0 349 1 4 4 9
1 9 1 1 1 0 0 362 1 9 9 4
1 10 0 1 0 0 0 3000 2 13 13 9
1 11 1 1 1 0 0 702 1 9 9 13
1 12 1 1 1 0 0 505 1 13 13 9
1 13 1 1 1 0 0 409 1 9 9 13
1 14 0 0 0 0 1 540 3 4 4 9
1 15 0 0 0 0 1 570 3 13 13 4
1 16 0 1 0 0 0 3000 3 3 3 13
1 17 0 1 0 0 0 3000 3 2 2 3
1 18 1 1 1 0 0 327 1 3 3 2
1 19 1 1 1 0 0 400 1 2 2 3
1 20 1 1 1 0 0 326 1 3 3 2
1 21 1 1 1 0 0 483 1 2 2 3
1 22 0 1 0 0 0 3000 2 9 9 2
1 23 1 1 1 0 0 346 1 2 2 9
1 24 1 1 1 0 0 369 1 9 9 2
1 25 0 1 0 0 0 3000 3 7 7 9
2 1 0 1 0 0 0 3000 1 8 8 7
2 2 0 1 0 0 0 3000 2 10 10 8
2 3 0 1 0 0 0 3000 2 9 9 10
2 4 1 1 1 0 0 338 1 10 10 9
2 5 0 1 0 0 0 3000 2 14 14 10
2 6 0 1 0 0 0 3000 3 2 2 14
2 7 0 1 0 0 0 3000 2 1 1 2
2 8 1 1 1 0 0 335 1 2 2 1
2 9 0 1 0 0 0 3000 3 10 10 2
2 10 0 1 0 0 0 3000 3 12 12 10
2 11 1 1 1 0 0 317 1 10 10 12
2 12 0 1 0 0 0 3000 2 2 2 10
2 13 0 1 0 0 0 3000 2 13 13 2
2 14 1 0 0 1 0 3000 1 2 2 13
2 15 0 1 0 0 0 3000 3 1 1 2
2 16 1 1 1 0 0 422 1 2 2 1
2 17 1 1 1 0 0 506 1 1 1 2
2 18 1 1 1 0 0 356 1 2 2 1
2 19 0 1 0 0 0 3000 2 14 14 2
2 20 0 1 0 0 0 3000 3 15 15 14
2 21 0 1 0 0 0 3000 3 8 8 15
2 22 0 1 0 0 0 3000 2 13 13 8
2 23 0 1 0 0 0 3000 3 9 9 13
2 24 1 1 1 0 0 309 1 13 13 9
2 25 0 1 0 0 0 3000 2 4 4 13
3 1 0 1 0 0 0 3000 1 7 7 4
3 2 0 1 0 0 0 3000 3 9 9 7
3 3 0 1 0 0 0 3000 3 13 13 9
3 4 1 0 0 1 0 3000 1 9 9 13
3 5 1 1 1 0 0 482 1 13 13 9
3 6 0 1 0 0 0 3000 2 6 6 13
3 7 1 1 1 0 0 300 1 13 13 6
3 8 0 1 0 0 0 3000 3 10 10 13
3 9 0 0 0 0 1 325 2 9 9 10
3 10 1 1 1 0 0 356 1 10 10 9
3 11 0 1 0 0 0 3000 2 2 2 10
3 12 0 1 0 0 0 3000 2 8 8 2
3 13 0 0 0 0 1 507 2 11 11 8
3 14 0 1 0 0 0 3000 2 3 3 11
3 15 1 1 1 0 0 377 1 11 11 3
3 16 1 0 0 1 0 3000 1 3 3 11
3 17 0 0 0 0 1 560 2 13 13 3
3 18 0 1 0 0 0 3000 3 12 12 13
3 19 1 1 1 0 0 460 1 13 13 12
3 20 0 1 0 0 0 3000 2 6 6 13
3 21 0 1 0 0 0 3000 3 4 4 6
3 22 1 1 1 0 0 397 1 6 6 4
3 23 0 1 0 0 0 3000 2 13 13 6
3 24 0 1 0 0 0 3000 2 4 4 13
3 25 1 1 1 0 0 292 1 13 13 4
