1 1 0 1 0 0 0 3000 2 9 9 0
1 2 0 1 0 0 0 3000 2 8 8 9
1 3 0 1 0 0 0 3000 3 3 3 8
1 4 0 1 0 0 0 3000 3 6 6 3
1 5 1 1 1 0 0 437 1 3 3 6
1 6 0 1 0 0 0 3000 2 4 4 3
1 7 0 1 0 0 0 3000 3 5 5 4
1 8 0 1 0 0 0 3000 2 7 7 5
1 9 0 1 0 0 0 3000 2 10 10 7
1 10 1 1 1 0 0 386 1 7 7 10
1 11 1 0 0 1 0 3000 1 10 10 7
1 12 0 1 0 0 0 3000 3 6 6 10
1 13 0 1 0 0 0 3000 2 12 12 6
1 14 0 1 0 0 0 3000 3 2 2 12
1 15 0 1 0 0 0 3000 2 9 9 2
1 16 0 1 0 0 0 3000 3 11 11 9
1 17 1 1 1 0 0 645 1 9 9 11
1 18 0 1 0 0 0 3000 3 10 10 9
1 19 0 1 0 0 0 3000 3 12 12 10
1 20 0 1 0 0 0 3000 3 14 14 12
1 21 0 1 0 0 0 3000 2 2 2 14
1 22 1 1 1 0 0 563 1 14 14 2
1 23 1 0 0 1 0 3000 1 2 2 14
1 24 0 1 0 0 0 3000 3 12 12 2
1 25 1 1 1 0 0 397 1 2 2 12
2 1 0 1 0 0 0 3000 1 10 10 2
2 2 0 1 0 0 0 3000 2 1 1 10
2 3 1 1 1 0 0 385 1 10 10 1
2 4 0 1 0 0 0 3000 2 10 10 10
2 5 0 1 0 0 0 3000 3 2 2 10
2 6 1 1 1 0 0 439 1 10 10 2
2 7 1 0 0 1 0 3000 1 2 2 10
2 8 0 1 0 0 0 3000 2 7 7 2
2 9 0 1 0 0 0 3000 3 15 15 7
2 10 0 1 0 0 0 3000 3 12 12 15
2 11 0 1 0 0 0 3000 3 1 1 12
2 12 1 1 1 0 0 384 1 12 12 1
2 13 0 1 0 0 0 3000 2 11 11 12
2 14 1 1 1 0 0 501 1 12 12 11
2 15 0 1 0 0 0 3000 2 7 7 12
2 16 1 1 1 0 0 921 1 12 12 7
2 17 0 1 0 0 0 3000 3 8 8 12
2 18 1 1 1 0 0 495 1 12 12 8
2 19 0 1 0 0 0 3000 2 13 13 12
2 20 1 1 1 0 0 682 1 12 12 13
2 21 1 1 1 0 0 902 1 13 13 12
2 22 0 1 0 0 0 3000 3 5 5 13
2 23 1 1 1 0 0 404 1 13 13 5
2 24 0 1 0 0 0 3000 2 14 14 13
2 25 0 1 0 0 0 3000 2 3 3 14
3 1 0 1 0 0 0 3000 1 10 10 3
3 2 0 1 0 0 0 3000 3 7 7 10
3 3 0 1 0 0 0 3000 2 9 9 7
3 4 1 1 1 0 0 510 1 7 7 9
3 5 0 1 0 0 0 3000 2 14 14 7
3 6 1 0 0 1 0 3000 1 7 7 14
3 7 0 1 0 0 0 3000 2 15 15 7
3 8 0 0 0 0 1 512 3 9 9 15
3 9 1 1 1 0 0 805 1 15 15 9
3 10 1 1 1 0 0 686 1 9 9 15
3 11 1 1 1 0 0 525 1 15 15 9
3 12 0 0 0 0 1 543 3 7 7 15
3 13 0 1 0 0 0 3000 3 7 7 7
3 14 0 1 0 0 0 3000 2 12 12 7
3 15 0 1 0 0 0 3000 3 11 11 12
3 16 1 1 1 0 0 371 1 12 12 11
3 17 0 1 0 0 0 3000 2 14 14 12
3 18 0 1 0 0 0 3000 3 5 5 14
3 19 1 1 1 0 0 634 1 14 14 5
3 20 0 1 0 0 0 3000 2 6 6 14
3 21 0 1 0 0 0 3000 3 3 3 6
3 22 1 1 1 0 0 461 1 6 6 3
3 23 0 1 0 0 0 3000 2 4 4 6
3 24 0 1 0 0 0 3000 2 5 5 4
3 25 1 1 1 0 0 1243 1 4 4 5
