1 1 0 1 0 0 0 3000 2 10 10 0
1 2 0 1 0 0 0 3000 1 4 4 10
1 3 0 1 0 0 0 3000 3 15 15 4
1 4 0 1 0 0 0 3000 3 7 7 15
1 5 1 1 1 0 0 814 1 15 15 7
1 6 0 1 0 0 0 3000 3 15 15 15
1 7 1 1 1 0 0 628 1 15 15 15
1 8 1 1 1 0 0 1440 1 15 15 15
1 9 0 1 0 0 0 3000 2 3 3 15
1 10 1 1 1 0 0 474 1 15 15 3
1 11 1 1 1 0 0 462 1 3 3 15
1 12 0 0 0 0 1 608 3 3 3 3
1 13 0 1 0 0 0 3000 2 6 6 3
1 14 0 1 0 0 0 3000 3 12 12 6
1 15 0 1 0 0 0 3000 2 8 8 12
1 16 1 1 1 0 0 486 1 12 12 8
1 17 1 1 1 0 0 374 1 8 8 12
1 18 1 1 1 0 0 1212 1 12 12 8
1 19 0 1 0 0 0 3000 3 14 14 12
1 20 0 1 0 0 0 3000 2 2 2 14
1 21 0 1 0 0 0 3000 2 1 1 2
1 22 1 0 0 1 0 3000 1 2 2 1
1 23 0 1 0 0 0 3000 3 3 3 2
1 24 0 1 0 0 0 3000 3 1 1 3
1 25 1 1 1 0 0 555 1 3 3 1
2 1 0 1 0 0 0 3000 2 12 12 3
2 2 0 1 0 0 0 3000 3 9 9 12
2 3 1 1 1 0 0 448 1 12 12 9
2 4 0 1 0 0 0 3000 2 14 14 12
2 5 1 1 1 0 0 338 1 12 12 14
2 6 0 1 0 0 0 3000 3 6 6 12
2 7 0 1 0 0 0 3000 2 7 7 6
2 8 0 1 0 0 0 3000 2 5 5 7
2 9 0 1 0 0 0 3000 2 5 5 5
2 10 0 1 0 0 0 3000 3 2 2 5
2 11 1 0 0 1 0 3000 1 5 5 2
2 12 0 1 0 0 0 3000 3 13 13 5
2 13 0 1 0 0 0 3000 2 14 14 13
2 14 0 1 0 0 0 3000 2 14 14 14
2 15 1 0 0 1 0 3000 1 14 14 14
2 16 0 1 0 0 0 3000 3 8 8 14
2 17 0 1 0 0 0 3000 2 12 12 8
2 18 1 1 1 0 0 770 1 8 8 12
2 19 0 1 0 0 0 3000 2 10 10 8
2 20 0 1 0 0 0 3000 2 11 11 10
2 21 0 1 0 0 0 3000 2 4 4 11
2 22 1 1 1 0 0 453 1 11 11 4
2 23 0 1 0 0 0 3000 3 1 1 11
2 24 0 1 0 0 0 3000 2 3 3 1
2 25 0 1 0 0 0 3000 2 2 2 3
3 1 0 1 0 0 0 3000 3 12 12 2
3 2 0 1 0 0 0 3000 3 10 10 12
3 3 0 1 0 0 0 3000 3 3 3 10
3 4 1 1 1 0 0 563 1 10 10 3
3 5 0 1 0 0 0 3000 3 6 6 10
3 6 0 1 0 0 0 3000 3 13 13 6
3 7 0 1 0 0 0 3000 3 12 12 13
3 8 1 1 1 0 0 1025 1 13 13 12
3 9 0 1 0 0 0 3000 2 5 5 13
3 10 0 1 0 0 0 3000 2 9 9 5
3 11 1 1 1 0 0 712 1 5 5 9
3 12 0 1 0 0 0 3000 2 15 15 5
3 13 1 1 1 0 0 694 1 5 5 15
3 14 0 1 0 0 0 3000 3 4 4 5
3 15 1 1 1 0 0 391 1 5 5 4
3 16 0 1 0 0 0 3000 3 7 7 5
3 17 0 1 0 0 0 3000 2 1 1 7
3 18 0 1 0 0 0 3000 2 12 12 1
3 19 0 1 0 0 0 3000 3 7 7 12
3 20 1 1 1 0 0 497 1 12 12 7
3 21 1 1 1 0 0 2800 1 7 7 12
3 22 0 1 0 0 0 3000 2 15 15 7
3 23 0 1 0 0 0 3000 2 4 4 15
3 24 0 1 0 0 0 3000 2 4 4 4
3 25 1 1 1 0 0 513 1 4 4 4
