1 1 0 1 0 0 0 3000 3 7 7 0
1 2 0 1 0 0 0 3000 1 7 7 7
1 3 0 1 0 0 0 3000 3 3 3 7
1 4 0 1 0 0 0 3000 2 11 11 3
1 5 0 1 0 0 0 3000 2 14 14 11
1 6 0 1 0 0 0 3000 3 9 9 14
1 7 0 1 0 0 0 3000 2 6 6 9
1 8 0 1 0 0 0 3000 2 11 11 6
1 9 0 1 0 0 0 3000 3 10 10 11
1 10 1 0 0 1 0 3000 1 11 11 10
1 11 0 1 0 0 0 3000 2 7 7 11
1 12 1 0 0 1 0 3000 1 11 11 7
1 13 1 1 1 0 0 473 1 7 7 11
1 14 0 1 0 0 0 3000 3 3 3 7
1 15 1 0 0 1 0 3000 1 7 7 3
1 16 0 1 0 0 0 3000 2 5 5 7
1 17 1 0 0 1 0 3000 1 7 7 5
1 18 1 1 1 0 0 821 1 5 5 7
1 19 0 1 0 0 0 3000 2 6 6 5
1 20 0 1 0 0 0 3000 2 8 8 6
1 21 1 1 1 0 0 446 1 6 6 8
1 22 0 1 0 0 0 3000 3 7 7 6
1 23 0 1 0 0 0 3000 3 14 14 7
1 24 0 1 0 0 0 3000 3 13 13 14
1 25 0 1 0 0 0 3000 3 7 7 13
2 1 0 1 0 0 0 3000 3 8 8 7
2 2 0 1 0 0 0 3000 2 9 9 8
2 3 1 1 1 0 0 549 1 8 8 9
2 4 0 1 0 0 0 3000 2 15 15 8
2 5 0 1 0 0 0 3000 2 2 2 15
2 6 1 1 1 0 0 397 1 15 15 2
2 7 1 0 0 1 0 3000 1 2 2 15
2 8 1 0 0 1 0 3000 1 15 15 2
2 9 1 1 1 0 0 468 1 2 2 15
2 10 0 1 0 0 0 3000 2 14 14 2
2 11 0 1 0 0 0 3000 2 10 10 14
2 12 1 1 1 0 0 643 1 14 14 10
2 13 0 1 0 0 0 3000 2 7 7 14
2 14 0 1 0 0 0 3000 2 13 13 7
2 15 1 1 1 0 0 2704 1 7 7 13
2 16 1 0 0 1 0 3000 1 13 13 7
2 17 1 0 0 1 0 3000 1 7 7 13
2 18 0 1 0 0 0 3000 3 5 5 7
2 19 0 1 0 0 0 3000 3 6 6 5
2 20 1 1 1 0 0 374 1 5 5 6
2 21 0 1 0 0 0 3000 3 4 4 5
2 22 0 1 0 0 0 3000 2 9 9 4
2 23 1 1 1 0 0 414 1 4 4 9
2 24 0 1 0 0 0 3000 2 8 8 4
2 25 0 1 0 0 0 3000 2 7 7 8
3 1 0 1 0 0 0 3000 1 9 9 7
3 2 0 1 0 0 0 3000 2 6 6 9
3 3 0 1 0 0 0 3000 3 5 5 6
3 4 0 1 0 0 0 3000 3 3 3 5
3 5 0 1 0 0 0 3000 3 3 3 3
3 6 1 0 0 1 0 3000 1 3 3 3
3 7 1 1 1 0 0 413 1 3 3 3
3 8 0 1 0 0 0 3000 2 8 8 3
3 9 1 0 0 1 0 3000 1 3 3 8
3 10 0 1 0 0 0 3000 2 4 4 3
3 11 0 1 0 0 0 3000 3 5 5 4
3 12 0 1 0 0 0 3000 2 13 13 5
3 13 1 0 0 1 0 3000 1 5 5 13
3 14 0 1 0 0 0 3000 3 12 12 5
3 15 0 1 0 0 0 3000 3 4 4 12
3 16 0 1 0 0 0 3000 3 14 14 4
3 17 1 0 0 1 0 3000 1 4 4 14
3 18 0 1 0 0 0 3000 2 15 15 4
3 19 0 1 0 0 0 3000 2 1 1 15
3 20 1 1 1 0 0 474 1 15 15 1
3 21 0 1 0 0 0 3000 2 13 13 15
3 22 1 0 0 1 0 3000 1 15 15 13
3 23 0 1 0 0 0 3000 3 3 3 15
3 24 1 0 0 1 0 3000 1 15 15 3
3 25 0 1 0 0 0 3000 3 13 13 15
