1 1 0 1 0 0 0 3000 2 5 5 0
1 2 0 1 0 0 0 3000 1 12 12 5
1 3 1 1 1 0 0 369 1 5 5 12
1 4 0 1 0 0 0 3000 2 13 13 5
1 5 0 1 0 0 0 3000 3 1 1 13
1 6 0 0 0 0 1 570 2 1 1 1
1 7 1 0 0 1 0 3000 1 1 1 1
1 8 0 1 0 0 0 3000 3 15 15 1
1 9 0 1 0 0 0 3000 2 11 11 15
1 10 0 1 0 0 0 3000 2 7 7 11
1 11 0 0 0 0 1 306 3 14 14 7
1 12 1 0 0 1 0 3000 1 7 7 14
1 13 1 0 0 1 0 3000 1 14 14 7
1 14 0 1 0 0 0 3000 3 6 6 14
1 15 0 1 0 0 0 3000 2 8 8 6
1 16 0 1 0 0 0 3000 2 1 1 8
1 17 0 1 0 0 0 3000 3 13 13 1
1 18 0 1 0 0 0 3000 3 12 12 13
1 19 1 0 0 1 0 3000 1 13 13 12
1 20 0 0 0 0 1 439 2 7 7 13
1 21 0 1 0 0 0 3000 2 6 6 7
1 22 0 1 0 0 0 3000 3 3 3 6
1 23 0 1 0 0 0 3000 3 12 12 3
1 24 1 1 1 0 0 1097 1 3 3 12
1 25 1 0 0 1 0 3000 1 12 12 3
2 1 0 1 0 0 0 3000 1 14 14 12
2 2 0 1 0 0 0 3000 2 11 11 14
2 3 0 1 0 0 0 3000 2 10 10 11
2 4 1 1 1 0 0 814 1 11 11 10
2 5 0 1 0 0 0 3000 2 8 8 11
2 6 0 1 0 0 0 3000 2 5 5 8
2 7 0 1 0 0 0 3000 2 13 13 5
2 8 0 1 0 0 0 3000 2 4 4 13
2 9 1 0 0 1 0 3000 1 13 13 4
2 10 0 1 0 0 0 3000 3 2 2 13
2 11 0 0 0 0 1 685 2 6 6 2
2 12 0 1 0 0 0 3000 3 5 5 6
2 13 0 1 0 0 0 3000 2 9 9 5
2 14 0 1 0 0 0 3000 3 6 6 9
2 15 0 1 0 0 0 3000 2 15 15 6
2 16 0 0 0 0 1 456 3 9 9 15
2 17 0 1 0 0 0 3000 3 9 9 9
2 18 0 1 0 0 0 3000 3 5 5 9
2 19 0 1 0 0 0 3000 3 10 10 5
2 20 0 1 0 0 0 3000 3 8 8 10
2 21 0 1 0 0 0 3000 2 14 14 8
2 22 1 1 1 0 0 635 1 8 8 14
2 23 1 0 0 1 0 3000 1 14 14 8
2 24 0 1 0 0 0 3000 2 1 1 14
2 25 0 1 0 0 0 3000 3 11 11 1
3 1 0 1 0 0 0 3000 1 5 5 11
3 2 0 1 0 0 0 3000 1 6 6 5
3 3 0 1 0 0 0 3000 2 12 12 6
3 4 1 1 1 0 0 363 1 6 6 12
3 5 1 0 0 1 0 3000 1 12 12 6
3 6 0 1 0 0 0 3000 2 5 5 12
3 7 0 1 0 0 0 3000 3 1 1 5
3 8 0 1 0 0 0 3000 2 11 11 1
3 9 0 1 0 0 0 3000 2 2 2 11
3 10 1 0 0 1 0 3000 1 11 11 2
3 11 0 1 0 0 0 3000 2 15 15 11
3 12 0 1 0 0 0 3000 2 3 3 15
3 13 0 1 0 0 0 3000 2 1 1 3
3 14 0 1 0 0 0 3000 3 6 6 1
3 15 0 0 0 0 1 504 2 15 15 6
3 16 0 1 0 0 0 3000 3 13 13 15
3 17 1 0 0 1 0 3000 1 15 15 13
3 18 0 1 0 0 0 3000 2 2 2 15
3 19 0 0 0 0 1 544 2 13 13 2
3 20 1 0 0 1 0 3000 1 2 2 13
3 21 0 1 0 0 0 3000 2 15 15 2
3 22 0 1 0 0 0 3000 3 12 12 15
3 23 0 0 0 0 1 334 2 2 2 12
3 24 0 1 0 0 0 3000 2 4 4 2
3 25 0 1 0 0 0 3000 2 8 8 4
