1 1 0 1 0 0 0 3000 2 14 14 0
1 2 0 1 0 0 0 3000 2 13 13 14
1 3 0 1 0 0 0 3000 3 3 3 13
1 4 0 0 0 0 1 543 3 14 14 3
1 5 0 1 0 0 0 3000 2 5 5 14
1 6 1 0 0 1 0 3000 1 14 14 5
1 7 0 1 0 0 0 3000 3 12 12 14
1 8 0 1 0 0 0 3000 2 10 10 12
1 9 0 1 0 0 0 3000 3 11 11 10
1 10 1 1 1 0 0 715 1 10 10 11
1 11 0 1 0 0 0 3000 3 4 4 10
1 12 0 1 0 0 0 3000 2 1 1 4
1 13 1 1 1 0 0 465 1 4 4 1
1 14 0 1 0 0 0 3000 2 10 10 4
1 15 0 1 0 0 0 3000 2 3 3 10
1 16 1 1 1 0 0 619 1 10 10 3
1 17 1 1 1 0 0 516 1 3 3 10
1 18 1 1 1 0 0 394 1 10 10 3
1 19 1 1 1 0 0 733 1 3 3 10
1 20 1 1 1 0 0 764 1 10 10 3
1 21 0 1 0 0 0 3000 3 7 7 10
1 22 0 1 0 0 0 3000 2 13 13 7
1 23 1 1 1 0 0 492 1 7 7 13
1 24 1 1 1 0 0 483 1 13 13 7
1 25 1 1 1 0 0 543 1 7 7 13
2 1 0 1 0 0 0 3000 1 11 11 7
2 2 0 1 0 0 0 3000 2 14 14 11
2 3 1 1 1 0 0 337 1 11 11 14
2 4 0 1 0 0 0 3000 3 15 15 11
2 5 0 0 0 0 1 579 2 14 14 15
2 6 1 1 1 0 0 551 1 15 15 14
2 7 0 1 0 0 0 3000 2 4 4 15
2 8 0 1 0 0 0 3000 3 5 5 4
2 9 0 0 0 0 1 530 3 5 5 5
2 10 0 1 0 0 0 3000 2 13 13 5
2 11 0 1 0 0 0 3000 2 3 3 13
2 12 0 1 0 0 0 3000 2 7 7 3
2 13 0 1 0 0 0 3000 3 1 1 7
2 14 0 1 0 0 0 3000 3 2 2 1
2 15 0 1 0 0 0 3000 3 5 5 2
2 16 0 1 0 0 0 3000 3 14 14 5
2 17 0 1 0 0 0 3000 3 3 3 14
2 18 0 1 0 0 0 3000 3 8 8 3
2 19 0 1 0 0 0 3000 2 12 12 8
2 20 0 1 0 0 0 3000 3 13 13 12
2 21 1 1 1 0 0 339 1 12 12 13
2 22 0 1 0 0 0 3000 2 5 5 12
2 23 0 1 0 0 0 3000 3 9 9 5
2 24 0 1 0 0 0 3000 3 8 8 9
2 25 0 1 0 0 0 3000 2 15 15 8
3 1 0 1 0 0 0 3000 2 2 2 15
3 2 0 1 0 0 0 3000 3 13 13 2
3 3 1 1 1 0 0 330 1 2 2 13
3 4 0 1 0 0 0 3000 2 15 15 2
3 5 0 1 0 0 0 3000 3 9 9 15
3 6 1 1 1 0 0 726 1 15 15 9
3 7 1 1 1 0 0 597 1 9 9 15
3 8 0 1 0 0 0 3000 3 4 4 9
3 9 1 0 0 1 0 3000 1 9 9 4
3 10 0 1 0 0 0 3000 2 3 3 9
3 11 0 1 0 0 0 3000 2 13 13 3
3 12 1 1 1 0 0 283 1 3 3 13
3 13 0 1 0 0 0 3000 3 9 9 3
3 14 0 1 0 0 0 3000 2 12 12 9
3 15 0 1 0 0 0 3000 3 7 7 12
3 16 0 1 0 0 0 3000 3 14 14 7
3 17 0 1 0 0 0 3000 3 8 8 14
3 18 0 1 0 0 0 3000 3 7 7 8
3 19 0 1 0 0 0 3000 3 3 3 7
3 20 0 1 0 0 0 3000 2 5 5 3
3 21 1 1 1 0 0 781 1 3 3 5
3 22 1 1 1 0 0 622 1 5 5 3
3 23 0 1 0 0 0 3000 3 6 6 5
3 24 1 1 1 0 0 509 1 5 5 6
3 25 1 1 1 0 0 671 1 6 6 5
