1 1 0 1 0 0 0 3000 3 11 11 0
1 2 0 1 0 0 0 3000 1 13 13 11
1 3 1 0 0 1 0 3000 1 11 11 13
1 4 1 1 1 0 0 2021 1 13 13 11
1 5 0 1 0 0 0 3000 3 10 10 13
1 6 0 1 0 0 0 3000 2 10 10 10
1 7 1 1 1 0 0 1028 1 10 10 10
1 8 1 1 1 0 0 999 1 10 10 10
1 9 0 1 0 0 0 3000 2 2 2 10
1 10 0 1 0 0 0 3000 2 9 9 2
1 11 0 1 0 0 0 3000 3 5 5 9
1 12 0 1 0 0 0 3000 2 3 3 5
1 13 0 1 0 0 0 3000 3 11 11 3
1 14 0 1 0 0 0 3000 3 14 14 11
1 15 0 1 0 0 0 3000 3 13 13 14
1 16 1 1 1 0 0 439 1 14 14 13
1 17 1 1 1 0 0 1385 1 13 13 14
1 18 0 1 0 0 0 3000 3 10 10 13
1 19 0 1 0 0 0 3000 2 10 10 10
1 20 0 1 0 0 0 3000 3 13 13 10
1 21 0 1 0 0 0 3000 3 4 4 13
1 22 0 1 0 0 0 3000 3 3 3 4
1 23 0 1 0 0 0 3000 3 3 3 3
1 24 0 1 0 0 0 3000 2 13 13 3
1 25 1 1 1 0 0 568 1 3 3 13
2 1 0 1 0 0 0 3000 3 5 5 3
2 2 0 1 0 0 0 3000 1 12 12 5
2 3 1 1 1 0 0 918 1 5 5 12
2 4 0 1 0 0 0 3000 3 14 14 5
2 5 0 1 0 0 0 3000 3 7 7 14
2 6 1 1 1 0 0 628 1 14 14 7
2 7 1 1 1 0 0 791 1 7 7 14
2 8 0 1 0 0 0 3000 2 8 8 7
2 9 0 1 0 0 0 3000 2 12 12 8
2 10 1 1 1 0 0 426 1 8 8 12
2 11 0 1 0 0 0 3000 2 14 14 8
2 12 1 1 1 0 0 449 1 8 8 14
2 13 1 1 1 0 0 794 1 14 14 8
2 14 0 1 0 0 0 3000 2 5 5 14
2 15 0 1 0 0 0 3000 3 8 8 5
2 16 0 1 0 0 0 3000 2 8 8 8
2 17 1 1 1 0 0 865 1 8 8 8
2 18 1 0 0 1 0 3000 1 8 8 8
2 19 0 1 0 0 0 3000 3 1 1 8
2 20 0 1 0 0 0 3000 3 10 10 1
2 21 0 1 0 0 0 3000 2 3 3 10
2 22 1 1 1 0 0 559 1 10 10 3
2 23 1 1 1 0 0 533 1 3 3 10
2 24 0 1 0 0 0 3000 3 8 8 3
2 25 0 1 0 0 0 3000 2 2 2 8
3 1 0 1 0 0 0 3000 3 4 4 2
3 2 0 1 0 0 0 3000 1 14 14 4
3 3 0 1 0 0 0 3000 2 15 15 14
3 4 1 1 1 0 0 1186 1 14 14 15
3 5 0 1 0 0 0 3000 2 9 9 14
3 6 0 1 0 0 0 3000 3 12 12 9
3 7 1 1 1 0 0 387 1 9 9 12
3 8 0 0 0 0 1 715 2 9 9 9
3 9 0 1 0 0 0 3000 2 5 5 9
3 10 1 0 0 1 0 3000 1 9 9 5
3 11 1 0 0 1 0 3000 1 5 5 9
3 12 1 0 0 1 0 3000 1 9 9 5
3 13 0 1 0 0 0 3000 3 1 1 9
3 14 0 1 0 0 0 3000 2 13 13 1
3 15 0 1 0 0 0 3000 2 12 12 13
3 16 0 1 0 0 0 3000 2 9 9 12
3 17 0 1 0 0 0 3000 3 13 13 9
3 18 0 1 0 0 0 3000 2 12 12 13
3 19 0 1 0 0 0 3000 3 7 7 12
3 20 0 1 0 0 0 3000 3 15 15 7
3 21 0 1 0 0 0 3000 3 3 3 15
3 22 1 1 1 0 0 500 1 15 15 3
3 23 0 1 0 0 0 3000 3 9 9 15
3 24 0 1 0 0 0 3000 3 14 14 9
3 25 1 0 0 1 0 3000 1 9 9 14
