1 1 0 1 0 0 0 3000 1 15 15 0
1 2 0 1 0 0 0 3000 2 2 2 15
1 3 0 1 0 0 0 3000 2 13 13 2
1 4 1 1 1 0 0 509 1 2 2 13
1 5 1 1 1 0 0 811 1 13 13 2
1 6 0 1 0 0 0 3000 3 10 10 13
1 7 0 1 0 0 0 3000 3 7 7 10
1 8 0 1 0 0 0 3000 2 9 9 7
1 9 1 1 1 0 0 731 1 7 7 9
1 10 0 0 0 0 1 618 3 13 13 7
1 11 0 0 0 0 1 642 2 2 2 13
1 12 1 1 1 0 0 581 1 13 13 2
1 13 0 0 0 0 1 699 3 13 13 13
1 14 1 1 1 0 0 738 1 13 13 13
1 15 0 1 0 0 0 3000 3 6 6 13
1 16 0 1 0 0 0 3000 3 14 14 6
1 17 1 1 1 0 0 641 1 6 6 14
1 18 0 1 0 0 0 3000 2 12 12 6
1 19 1 1 1 0 0 557 1 6 6 12
1 20 0 1 0 0 0 3000 3 8 8 6
1 21 0 1 0 0 0 3000 3 9 9 8
1 22 0 0 0 0 1 1754 3 4 4 9
1 23 1 0 0 1 0 3000 1 9 9 4
1 24 1 1 1 0 0 766 1 4 4 9
1 25 1 1 1 0 0 886 1 9 9 4
2 1 0 1 0 0 0 3000 3 3 3 9
2 2 0 1 0 0 0 3000 2 7 7 3
2 3 0 1 0 0 0 3000 2 4 4 7
2 4 1 1 1 0 0 445 1 7 7 4
2 5 0 1 0 0 0 3000 2 2 2 7
2 6 0 1 0 0 0 3000 3 12 12 2
2 7 0 0 0 0 1 450 3 7 7 12
2 8 0 1 0 0 0 3000 3 8 8 7
2 9 0 0 0 0 1 758 3 6 6 8
2 10 0 0 0 0 1 497 2 4 4 6
2 11 1 1 1 0 0 439 1 6 6 4
2 12 0 0 0 0 1 516 2 13 13 6
2 13 0 0 0 0 1 615 3 4 4 13
2 14 0 1 0 0 0 3000 2 5 5 4
2 15 1 1 1 0 0 1043 1 4 4 5
2 16 0 0 0 0 1 710 2 4 4 4
2 17 0 1 0 0 0 3000 3 2 2 4
2 18 0 1 0 0 0 3000 2 13 13 2
2 19 0 0 0 0 1 533 2 6 6 13
2 20 0 1 0 0 0 3000 2 9 9 6
2 21 1 1 1 0 0 547 1 6 6 9
2 22 0 1 0 0 0 3000 3 15 15 6
2 23 0 0 0 0 1 943 3 5 5 15
2 24 0 1 0 0 0 3000 3 13 13 5
2 25 0 1 0 0 0 3000 3 14 14 13
3 1 0 1 0 0 0 3000 1 1 1 14
3 2 0 1 0 0 0 3000 2 15 15 1
3 3 0 1 0 0 0 3000 2 2 2 15
3 4 0 1 0 0 0 3000 3 2 2 2
3 5 0 1 0 0 0 3000 2 4 4 2
3 6 1 0 0 1 0 3000 1 2 2 4
3 7 0 1 0 0 0 3000 2 7 7 2
3 8 1 0 0 1 0 3000 1 2 2 7
3 9 0 1 0 0 0 3000 3 9 9 2
3 10 1 1 1 0 0 1609 1 2 2 9
3 11 0 1 0 0 0 3000 3 12 12 2
3 12 0 1 0 0 0 3000 2 15 15 12
3 13 1 1 1 0 0 488 1 12 12 15
3 14 0 1 0 0 0 3000 2 3 3 12
3 15 0 1 0 0 0 3000 3 13 13 3
3 16 0 1 0 0 0 3000 2 8 8 13
3 17 0 1 0 0 0 3000 3 7 7 8
3 18 0 1 0 0 0 3000 2 4 4 7
3 19 0 1 0 0 0 3000 2 10 10 4
3 20 0 1 0 0 0 3000 3 13 13 10
3 21 0 1 0 0 0 3000 3 11 11 13
3 22 0 1 0 0 0 3000 3 8 8 11
3 23 1 1 1 0 0 1121 1 11 11 8
3 24 0 1 0 0 0 3000 3 6 6 11
3 25 0 1 0 0 0 3000 3 3 3 6
