1 1 0 1 0 0 0 3000 2 11 11 0
1 2 0 1 0 0 0 3000 1 6 6 11
1 3 0 1 0 0 0 3000 2 12 12 6
1 4 1 0 0 1 0 3000 1 6 6 12
1 5 0 1 0 0 0 3000 3 5 5 6
1 6 1 0 0 1 0 3000 1 6 6 5
1 7 1 1 1 0 0 1786 1 5 5 6
1 8 1 0 0 1 0 3000 1 6 6 5
1 9 0 1 0 0 0 3000 2 4 4 6
1 10 0 0 0 0 1 620 2 2 2 4
1 11 0 1 0 0 0 3000 3 11 11 2
1 12 0 1 0 0 0 3000 3 10 10 11
1 13 0 0 0 0 1 2602 2 4 4 10
1 14 0 1 0 0 0 3000 2 7 7 4
1 15 1 1 1 0 0 2778 1 4 4 7
1 16 1 0 0 1 0 3000 1 7 7 4
1 17 0 1 0 0 0 3000 2 11 11 7
1 18 1 0 0 1 0 3000 1 7 7 11
1 19 1 1 1 0 0 2037 1 11 11 7
1 20 1 0 0 1 0 3000 1 7 7 11
1 21 0 1 0 0 0 3000 2 14 14 7
1 22 1 1 1 0 0 2629 1 7 7 14
1 23 0 1 0 0 0 3000 3 15 15 7
1 24 0 1 0 0 0 3000 2 15 15 15
1 25 0 0 0 0 1 650 2 14 14 15
2 1 0 1 0 0 0 3000 3 14 14 14
2 2 0 1 0 0 0 3000 1 7 7 14
2 3 0 1 0 0 0 3000 2 10 10 7
2 4 0 1 0 0 0 3000 2 2 2 10
2 5 0 0 0 0 1 1015 2 9 9 2
2 6 0 1 0 0 0 3000 3 5 5 9
2 7 0 0 0 0 1 394 2 2 2 5
2 8 0 1 0 0 0 3000 3 11 11 2
2 9 0 1 0 0 0 3000 2 3 3 11
2 10 1 1 1 0 0 29 1 11 11 3
2 11 0 1 0 0 0 3000 3 5 5 11
2 12 0 1 0 0 0 3000 3 6 6 5
2 13 0 0 0 0 1 628 2 15 15 6
2 14 0 1 0 0 0 3000 2 8 8 15
2 15 0 1 0 0 0 3000 2 3 3 8
2 16 0 0 0 0 1 315 3 6 6 3
2 17 0 1 0 0 0 3000 2 14 14 6
2 18 0 1 0 0 0 3000 3 11 11 14
2 19 1 1 1 0 0 2317 1 14 14 11
2 20 0 1 0 0 0 3000 3 6 6 14
2 21 1 0 0 1 0 3000 1 14 14 6
2 22 0 0 0 0 1 1045 3 3 3 14
2 23 0 1 0 0 0 3000 3 8 8 3
2 24 1 0 0 1 0 3000 1 3 3 8
2 25 1 0 0 1 0 3000 1 8 8 3
3 1 0 1 0 0 0 3000 3 13 13 8
3 2 0 1 0 0 0 3000 2 9 9 13
3 3 0 1 0 0 0 3000 3 3 3 9
3 4 1 0 0 1 0 3000 1 9 9 3
3 5 0 0 0 0 1 481 2 9 9 9
3 6 0 1 0 0 0 3000 2 2 2 9
3 7 0 0 0 0 1 1073 2 3 3 2
3 8 0 1 0 0 0 3000 2 12 12 3
3 9 0 0 0 0 1 397 2 12 12 12
3 10 1 0 0 1 0 3000 1 12 12 12
3 11 1 0 0 1 0 3000 1 12 12 12
3 12 0 0 0 0 1 1816 3 13 13 12
3 13 0 1 0 0 0 3000 2 9 9 13
3 14 1 0 0 1 0 3000 1 13 13 9
3 15 1 1 1 0 0 409 1 9 9 13
3 16 0 1 0 0 0 3000 3 5 5 9
3 17 0 1 0 0 0 3000 2 11 11 5
3 18 1 1 1 0 0 1993 1 5 5 11
3 19 1 0 0 1 0 3000 1 11 11 5
3 20 1 0 0 1 0 3000 1 5 5 11
3 21 1 0 0 1 0 3000 1 11 11 5
3 22 1 1 1 0 0 307 1 5 5 11
3 23 1 0 0 1 0 3000 1 11 11 5
3 24 1 0 0 1 0 3000 1 5 5 11
3 25 0 0 0 0 1 448 2 14 14 5
