1 1 0 1 0 0 0 3000 3 14 14 0
1 2 0 1 0 0 0 3000 3 14 14 14
1 3 0 1 0 0 0 3000 3 13 13 14
1 4 1 1 1 0 0 599 1 14 14 13
1 5 1 0 0 1 0 3000 1 13 13 14
1 6 0 1 0 0 0 3000 3 6 6 13
1 7 0 1 0 0 0 3000 2 7 7 6
1 8 0 1 0 0 0 3000 2 5 5 7
1 9 1 1 1 0 0 507 1 7 7 5
1 10 0 1 0 0 0 3000 3 7 7 7
1 11 0 1 0 0 0 3000 3 1 1 7
1 12 0 0 0 0 1 547 3 6 6 1
1 13 1 0 0 1 0 3000 1 1 1 6
1 14 1 0 0 1 0 3000 1 6 6 1
1 15 0 1 0 0 0 3000 2 9 9 6
1 16 0 1 0 0 0 3000 2 12 12 9
1 17 0 1 0 0 0 3000 3 4 4 12
1 18 0 1 0 0 0 3000 3 14 14 4
1 19 0 0 0 0 1 644 3 14 14 14
1 20 0 1 0 0 0 3000 2 4 4 14
1 21 1 0 0 1 0 3000 1 14 14 4
1 22 0 1 0 0 0 3000 3 6 6 14
1 23 1 0 0 1 0 3000 1 14 14 6
1 24 0 1 0 0 0 3000 3 13 13 14
1 25 0 1 0 0 0 3000 3 9 9 13
2 1 0 1 0 0 0 3000 2 8 8 9
2 2 0 1 0 0 0 3000 2 11 11 8
2 3 0 1 0 0 0 3000 3 15 15 11
2 4 1 0 0 1 0 3000 1 11 11 15
2 5 1 1 1 0 0 756 1 15 15 11
2 6 1 0 0 1 0 3000 1 11 11 15
2 7 0 1 0 0 0 3000 2 5 5 11
2 8 1 1 1 0 0 724 1 11 11 5
2 9 0 1 0 0 0 3000 2 15 15 11
2 10 0 0 0 0 1 535 3 15 15 15
2 11 0 1 0 0 0 3000 2 2 2 15
2 12 0 1 0 0 0 3000 2 3 3 2
2 13 1 0 0 1 0 3000 1 2 2 3
2 14 1 0 0 1 0 3000 1 3 3 2
2 15 0 1 0 0 0 3000 2 7 7 3
2 16 0 0 0 0 1 480 2 13 13 7
2 17 0 1 0 0 0 3000 2 14 14 13
2 18 0 1 0 0 0 3000 3 8 8 14
2 19 0 1 0 0 0 3000 3 5 5 8
2 20 1 1 1 0 0 512 1 8 8 5
2 21 1 0 0 1 0 3000 1 5 5 8
2 22 1 1 1 0 0 614 1 8 8 5
2 23 0 1 0 0 0 3000 2 14 14 8
2 24 1 0 0 1 0 3000 1 8 8 14
2 25 0 1 0 0 0 3000 2 4 4 8
3 1 0 1 0 0 0 3000 1 5 5 4
3 2 0 1 0 0 0 3000 2 1 1 5
3 3 1 0 0 1 0 3000 1 5 5 1
3 4 1 1 1 0 0 403 1 1 1 5
3 5 0 1 0 0 0 3000 2 3 3 1
3 6 0 1 0 0 0 3000 3 11 11 3
3 7 0 1 0 0 0 3000 2 8 8 11
3 8 0 1 0 0 0 3000 3 1 1 8
3 9 0 1 0 0 0 3000 2 6 6 1
3 10 0 0 0 0 1 355 2 3 3 6
3 11 0 1 0 0 0 3000 2 15 15 3
3 12 0 1 0 0 0 3000 2 9 9 15
3 13 0 1 0 0 0 3000 2 13 13 9
3 14 1 0 0 1 0 3000 1 9 9 13
3 15 0 1 0 0 0 3000 2 2 2 9
3 16 0 1 0 0 0 3000 3 13 13 2
3 17 0 0 0 0 1 1016 2 6 6 13
3 18 0 1 0 0 0 3000 3 10 10 6
3 19 1 0 0 1 0 3000 1 6 6 10
3 20 0 1 0 0 0 3000 2 14 14 6
3 21 1 1 1 0 0 452 1 6 6 14
3 22 0 1 0 0 0 3000 3 2 2 6
3 23 1 1 1 0 0 914 1 6 6 2
3 24 1 0 0 1 0 3000 1 2 2 6
3 25 0 1 0 0 0 3000 2 15 15 2
