1 1 0 1 0 0 0 3000 1 5 5 0
1 2 0 1 0 0 0 3000 2 13 13 5
1 3 0 1 0 0 0 3000 2 3 3 13
1 4 0 1 0 0 0 3000 3 11 11 3
1 5 0 1 0 0 0 3000 3 2 2 11
1 6 0 1 0 0 0 3000 3 1 1 2
1 7 0 1 0 0 0 3000 2 5 5 1
1 8 1 1 1 0 0 443 1 1 1 5
1 9 1 1 1 0 0 434 1 5 5 1
1 10 0 1 0 0 0 3000 3 11 11 5
1 11 0 1 0 0 0 3000 2 13 13 11
1 12 1 1 1 0 0 388 1 11 11 13
1 13 0 1 0 0 0 3000 2 7 7 11
1 14 1 1 1 0 0 329 1 11 11 7
1 15 1 0 0 1 0 3000 1 7 7 11
1 16 0 1 0 0 0 3000 2 14 14 7
1 17 1 1 1 0 0 648 1 7 7 14
1 18 0 1 0 0 0 3000 2 15 15 7
1 19 1 1 1 0 0 393 1 7 7 15
1 20 1 1 1 0 0 416 1 15 15 7
1 21 1 1 1 0 0 591 1 7 7 15
1 22 0 0 0 0 1 443 2 9 9 7
1 23 0 1 0 0 0 3000 2 4 4 9
1 24 0 1 0 0 0 3000 3 13 13 4
1 25 0 1 0 0 0 3000 2 1 1 13
2 1 0 1 0 0 0 3000 2 2 2 1
2 2 0 1 0 0 0 3000 2 12 12 2
2 3 1 1 1 0 0 430 1 2 2 12
2 4 0 1 0 0 0 3000 2 10 10 2
2 5 1 0 0 1 0 3000 1 2 2 10
2 6 0 1 0 0 0 3000 2 6 6 2
2 7 0 1 0 0 0 3000 3 14 14 6
2 8 1 1 1 0 0 480 1 6 6 14
2 9 0 0 0 0 1 479 2 10 10 6
2 10 1 1 1 0 0 437 1 6 6 10
2 11 0 1 0 0 0 3000 2 11 11 6
2 12 0 1 0 0 0 3000 2 11 11 11
2 13 1 1 1 0 0 399 1 11 11 11
2 14 0 1 0 0 0 3000 3 4 4 11
2 15 1 0 0 1 0 3000 1 11 11 4
2 16 0 1 0 0 0 3000 3 1 1 11
2 17 0 1 0 0 0 3000 2 8 8 1
2 18 0 1 0 0 0 3000 2 15 15 8
2 19 1 1 1 0 0 721 1 8 8 15
2 20 1 1 1 0 0 457 1 15 15 8
2 21 0 0 0 0 1 680 2 2 2 15
2 22 1 0 0 1 0 3000 1 15 15 2
2 23 0 1 0 0 0 3000 3 7 7 15
2 24 1 1 1 0 0 446 1 15 15 7
2 25 0 1 0 0 0 3000 3 9 9 15
3 1 0 1 0 0 0 3000 3 14 14 9
3 2 0 1 0 0 0 3000 1 10 10 14
3 3 1 1 1 0 0 429 1 14 14 10
3 4 0 1 0 0 0 3000 2 5 5 14
3 5 0 1 0 0 0 3000 2 5 5 5
3 6 0 1 0 0 0 3000 3 1 1 5
3 7 1 1 1 0 0 420 1 5 5 1
3 8 0 1 0 0 0 3000 3 3 3 5
3 9 1 1 1 0 0 450 1 5 5 3
3 10 1 1 1 0 0 496 1 3 3 5
3 11 0 1 0 0 0 3000 2 9 9 3
3 12 0 1 0 0 0 3000 3 15 15 9
3 13 0 1 0 0 0 3000 3 8 8 15
3 14 1 1 1 0 0 440 1 15 15 8
3 15 0 1 0 0 0 3000 2 11 11 15
3 16 0 1 0 0 0 3000 2 10 10 11
3 17 0 1 0 0 0 3000 3 9 9 10
3 18 0 1 0 0 0 3000 2 9 9 9
3 19 0 1 0 0 0 3000 2 5 5 9
3 20 1 1 1 0 0 625 1 9 9 5
3 21 0 1 0 0 0 3000 3 11 11 9
3 22 0 1 0 0 0 3000 3 7 7 11
3 23 0 1 0 0 0 3000 2 3 3 7
3 24 1 1 1 0 0 481 1 7 7 3
3 25 0 1 0 0 0 3000 2 7 7 7
