1 1 0 1 0 0 0 3000 2 4 4 0
1 2 0 1 0 0 0 3000 1 7 7 4
1 3 1 1 1 0 0 596 1 4 4 7
1 4 0 1 0 0 0 3000 3 8 8 4
1 5 0 1 0 0 0 3000 3 1 1 8
1 6 0 1 0 0 0 3000 3 5 5 1
1 7 1 1 1 0 0 406 1 1 1 5
1 8 1 0 0 1 0 3000 1 5 5 1
1 9 1 1 1 0 0 1002 1 1 1 5
1 10 0 1 0 0 0 3000 2 13 13 1
1 11 1 1 1 0 0 1634 1 1 1 13
1 12 0 1 0 0 0 3000 3 12 12 1
1 13 1 1 1 0 0 683 1 1 1 12
1 14 0 1 0 0 0 3000 2 11 11 1
1 15 1 1 1 0 0 355 1 1 1 11
1 16 1 0 0 1 0 3000 1 11 11 1
1 17 1 1 1 0 0 568 1 1 1 11
1 18 0 1 0 0 0 3000 3 12 12 1
1 19 1 0 0 1 0 3000 1 1 1 12
1 20 0 1 0 0 0 3000 3 5 5 1
1 21 1 1 1 0 0 699 1 1 1 5
1 22 1 1 1 0 0 641 1 5 5 1
1 23 0 1 0 0 0 3000 3 4 4 5
1 24 0 1 0 0 0 3000 3 2 2 4
1 25 0 1 0 0 0 3000 2 10 10 2
2 1 0 1 0 0 0 3000 1 12 12 10
2 2 0 1 0 0 0 3000 2 8 8 12
2 3 0 1 0 0 0 3000 3 8 8 8
2 4 0 1 0 0 0 3000 3 3 3 8
2 5 0 1 0 0 0 3000 3 15 15 3
2 6 1 1 1 0 0 613 1 3 3 15
2 7 1 1 1 0 0 685 1 15 15 3
2 8 0 1 0 0 0 3000 2 4 4 15
2 9 0 1 0 0 0 3000 3 11 11 4
2 10 1 1 1 0 0 1019 1 4 4 11
2 11 1 1 1 0 0 511 1 11 11 4
2 12 0 1 0 0 0 3000 3 5 5 11
2 13 0 1 0 0 0 3000 3 8 8 5
2 14 1 1 1 0 0 847 1 5 5 8
2 15 1 1 1 0 0 2478 1 8 8 5
2 16 0 1 0 0 0 3000 3 6 6 8
2 17 0 1 0 0 0 3000 2 11 11 6
2 18 0 1 0 0 0 3000 3 3 3 11
2 19 1 1 1 0 0 635 1 11 11 3
2 20 1 1 1 0 0 1097 1 3 3 11
2 21 0 1 0 0 0 3000 3 2 2 3
2 22 0 1 0 0 0 3000 2 7 7 2
2 23 1 1 1 0 0 376 1 2 2 7
2 24 0 0 0 0 1 1392 2 11 11 2
2 25 1 1 1 0 0 1179 1 2 2 11
3 1 0 1 0 0 0 3000 1 1 1 2
3 2 0 1 0 0 0 3000 2 6 6 1
3 3 1 1 1 0 0 413 1 1 1 6
3 4 0 1 0 0 0 3000 2 11 11 1
3 5 0 1 0 0 0 3000 2 14 14 11
3 6 0 1 0 0 0 3000 2 2 2 14
3 7 0 1 0 0 0 3000 3 13 13 2
3 8 1 1 1 0 0 369 1 2 2 13
3 9 1 1 1 0 0 442 1 13 13 2
3 10 1 1 1 0 0 824 1 2 2 13
3 11 0 1 0 0 0 3000 2 15 15 2
3 12 0 1 0 0 0 3000 2 9 9 15
3 13 0 1 0 0 0 3000 3 8 8 9
3 14 1 1 1 0 0 1610 1 9 9 8
3 15 0 1 0 0 0 3000 2 6 6 9
3 16 0 1 0 0 0 3000 2 2 2 6
3 17 1 1 1 0 0 818 1 6 6 2
3 18 0 1 0 0 0 3000 3 4 4 6
3 19 1 1 1 0 0 418 1 6 6 4
3 20 0 1 0 0 0 3000 2 2 2 6
3 21 0 1 0 0 0 3000 3 12 12 2
3 22 0 1 0 0 0 3000 3 10 10 12
3 23 1 1 1 0 0 404 1 12 12 10
3 24 0 1 0 0 0 3000 3 4 4 12
3 25 0 1 0 0 0 3000 3 1 1 4
