1 1 0 1 0 0 0 3000 3 4 4 0
1 2 0 1 0 0 0 3000 2 14 14 4
1 3 1 1 1 0 0 409 1 4 4 14
1 4 1 0 0 1 0 3000 1 14 14 4
1 5 0 1 0 0 0 3000 3 9 9 14
1 6 0 1 0 0 0 3000 3 5 5 9
1 7 0 1 0 0 0 3000 2 10 10 5
1 8 1 0 0 1 0 3000 1 5 5 10
1 9 0 1 0 0 0 3000 2 7 7 5
1 10 0 1 0 0 0 3000 2 3 3 7
1 11 0 1 0 0 0 3000 3 8 8 3
1 12 0 1 0 0 0 3000 2 15 15 8
1 13 1 1 1 0 0 505 1 8 8 15
1 14 0 1 0 0 0 3000 2 2 2 8
1 15 1 0 0 1 0 3000 1 8 8 2
1 16 1 1 1 0 0 795 1 2 2 8
1 17 0 1 0 0 0 3000 3 12 12 2
1 18 1 1 1 0 0 370 1 2 2 12
1 19 0 1 0 0 0 3000 2 4 4 2
1 20 1 1 1 0 0 626 1 2 2 4
1 21 0 1 0 0 0 3000 3 9 9 2
1 22 0 1 0 0 0 3000 2 13 13 9
1 23 0 1 0 0 0 3000 3 7 7 13
1 24 0 1 0 0 0 3000 2 2 2 7
1 25 0 1 0 0 0 3000 2 1 1 2
2 1 0 1 0 0 0 3000 3 1 1 1
2 2 0 1 0 0 0 3000 1 11 11 1
2 3 0 1 0 0 0 3000 3 8 8 11
2 4 0 0 0 0 1 929 2 8 8 8
2 5 0 1 0 0 0 3000 2 13 13 8
2 6 1 1 1 0 0 377 1 8 8 13
2 7 0 1 0 0 0 3000 2 1 1 8
2 8 0 1 0 0 0 3000 2 6 6 1
2 9 0 1 0 0 0 3000 2 13 13 6
2 10 1 1 1 0 0 409 1 6 6 13
2 11 0 1 0 0 0 3000 2 11 11 6
2 12 1 1 1 0 0 396 1 6 6 11
2 13 0 1 0 0 0 3000 3 6 6 6
2 14 0 1 0 0 0 3000 2 1 1 6
2 15 0 1 0 0 0 3000 3 14 14 1
2 16 0 1 0 0 0 3000 3 9 9 14
2 17 1 1 1 0 0 509 1 14 14 9
2 18 0 1 0 0 0 3000 2 11 11 14
2 19 1 1 1 0 0 372 1 14 14 11
2 20 0 1 0 0 0 3000 3 6 6 14
2 21 1 1 1 0 0 656 1 14 14 6
2 22 0 1 0 0 0 3000 3 7 7 14
2 23 0 1 0 0 0 3000 3 8 8 7
2 24 1 1 1 0 0 408 1 7 7 8
2 25 0 1 0 0 0 3000 2 1 1 7
3 1 0 1 0 0 0 3000 3 9 9 1
3 2 0 1 0 0 0 3000 1 4 4 9
3 3 1 1 1 0 0 355 1 9 9 4
3 4 0 1 0 0 0 3000 2 3 3 9
3 5 0 0 0 0 1 343 2 11 11 3
3 6 0 1 0 0 0 3000 2 9 9 11
3 7 0 1 0 0 0 3000 2 6 6 9
3 8 0 1 0 0 0 3000 3 2 2 6
3 9 0 1 0 0 0 3000 3 10 10 2
3 10 0 1 0 0 0 3000 3 12 12 10
3 11 1 1 1 0 0 434 1 10 10 12
3 12 0 1 0 0 0 3000 2 14 14 10
3 13 0 1 0 0 0 3000 2 13 13 14
3 14 0 1 0 0 0 3000 2 3 3 13
3 15 0 1 0 0 0 3000 3 10 10 3
3 16 1 1 1 0 0 437 1 3 3 10
3 17 0 1 0 0 0 3000 3 1 1 3
3 18 0 1 0 0 0 3000 3 13 13 1
3 19 0 1 0 0 0 3000 2 12 12 13
3 20 0 1 0 0 0 3000 2 6 6 12
3 21 0 1 0 0 0 3000 3 3 3 6
3 22 0 1 0 0 0 3000 2 1 1 3
3 23 1 0 0 1 0 3000 1 3 3 1
3 24 0 1 0 0 0 3000 3 13 13 3
3 25 0 1 0 0 0 3000 3 7 7 13
