1 1 0 1 0 0 0 3000 1 14 14 0
1 2 0 1 0 0 0 3000 1 11 11 14
1 3 1 1 1 0 0 655 1 14 14 11
1 4 1 0 0 1 0 3000 1 11 11 14
1 5 0 1 0 0 0 3000 2 15 15 11
1 6 1 0 0 1 0 3000 1 11 11 15
1 7 1 1 1 0 0 665 1 15 15 11
1 8 0 1 0 0 0 3000 3 4 4 15
1 9 0 0 0 0 1 595 2 11 11 4
1 10 0 0 0 0 1 995 3 10 10 11
1 11 0 1 0 0 0 3000 3 12 12 10
1 12 1 1 1 0 0 615 1 10 10 12
1 13 1 1 1 0 0 985 1 12 12 10
1 14 1 1 1 0 0 388 1 10 10 12
1 15 0 1 0 0 0 3000 2 3 3 10
1 16 0 0 0 0 1 584 2 11 11 3
1 17 0 1 0 0 0 3000 2 7 7 11
1 18 0 1 0 0 0 3000 3 9 9 7
1 19 1 1 1 0 0 1231 1 7 7 9
1 20 0 1 0 0 0 3000 3 10 10 7
1 21 0 0 0 0 1 381 2 15 15 10
1 22 1 1 1 0 0 1063 1 10 10 15
1 23 1 1 1 0 0 2733 1 15 15 10
1 24 0 1 0 0 0 3000 2 4 4 15
1 25 0 0 0 0 1 438 3 11 11 4
2 1 0 1 0 0 0 3000 1 14 14 11
2 2 0 1 0 0 0 3000 2 3 3 14
2 3 1 1 1 0 0 485 1 14 14 3
2 4 0 1 0 0 0 3000 2 7 7 14
2 5 0 0 0 0 1 1145 2 3 3 7
2 6 1 1 1 0 0 1198 1 7 7 3
2 7 0 1 0 0 0 3000 3 15 15 7
2 8 0 1 0 0 0 3000 3 1 1 15
2 9 0 0 0 0 1 625 2 7 7 1
2 10 0 0 0 0 1 718 3 7 7 7
2 11 0 1 0 0 0 3000 2 5 5 7
2 12 0 1 0 0 0 3000 3 2 2 5
2 13 0 1 0 0 0 3000 3 1 1 2
2 14 1 1 1 0 0 645 1 2 2 1
2 15 0 1 0 0 0 3000 3 8 8 2
2 16 0 1 0 0 0 3000 3 8 8 8
2 17 0 1 0 0 0 3000 3 10 10 8
2 18 0 1 0 0 0 3000 3 1 1 10
2 19 0 1 0 0 0 3000 2 4 4 1
2 20 0 1 0 0 0 3000 3 14 14 4
2 21 1 1 1 0 0 735 1 4 4 14
2 22 0 0 0 0 1 2343 3 1 1 4
2 23 1 1 1 0 0 572 1 4 4 1
2 24 0 1 0 0 0 3000 2 12 12 4
2 25 1 1 1 0 0 521 1 4 4 12
3 1 0 1 0 0 0 3000 2 4 4 4
3 2 0 1 0 0 0 3000 2 13 13 4
3 3 0 1 0 0 0 3000 2 14 14 13
3 4 0 1 0 0 0 3000 3 5 5 14
3 5 0 1 0 0 0 3000 2 3 3 5
3 6 0 1 0 0 0 3000 2 9 9 3
3 7 0 1 0 0 0 3000 2 6 6 9
3 8 1 1 1 0 0 662 1 9 9 6
3 9 0 1 0 0 0 3000 3 2 2 9
3 10 0 0 0 0 1 614 3 2 2 2
3 11 0 1 0 0 0 3000 2 10 10 2
3 12 1 1 1 0 0 545 1 2 2 10
3 13 1 1 1 0 0 695 1 10 10 2
3 14 0 1 0 0 0 3000 3 10 10 10
3 15 0 1 0 0 0 3000 2 14 14 10
3 16 0 1 0 0 0 3000 3 11 11 14
3 17 1 1 1 0 0 475 1 14 14 11
3 18 0 1 0 0 0 3000 3 8 8 14
3 19 0 1 0 0 0 3000 3 6 6 8
3 20 1 1 1 0 0 504 1 8 8 6
3 21 0 1 0 0 0 3000 2 2 2 8
3 22 0 1 0 0 0 3000 2 7 7 2
3 23 0 0 0 0 1 1016 2 6 6 7
3 24 1 1 1 0 0 533 1 7 7 6
3 25 0 1 0 0 0 3000 3 1 1 7
