1 1 0 1 0 0 0 3000 1 8 8 0
1 2 0 1 0 0 0 3000 1 13 13 8
1 3 0 1 0 0 0 3000 3 7 7 13
1 4 0 1 0 0 0 3000 2 5 5 7
1 5 0 1 0 0 0 3000 2 6 6 5
1 6 0 1 0 0 0 3000 2 11 11 6
1 7 0 1 0 0 0 3000 3 1 1 11
1 8 0 1 0 0 0 3000 2 12 12 1
1 9 0 1 0 0 0 3000 3 9 9 12
1 10 0 1 0 0 0 3000 3 7 7 9
1 11 0 1 0 0 0 3000 3 12 12 7
1 12 0 1 0 0 0 3000 3 12 12 12
1 13 0 1 0 0 0 3000 3 7 7 12
1 14 0 1 0 0 0 3000 3 5 5 7
1 15 0 1 0 0 0 3000 3 14 14 5
1 16 0 1 0 0 0 3000 2 10 10 14
1 17 0 1 0 0 0 3000 2 6 6 10
1 18 0 1 0 0 0 3000 3 1 1 6
1 19 0 1 0 0 0 3000 3 2 2 1
1 20 0 1 0 0 0 3000 2 11 11 2
1 21 1 1 1 0 0 444 1 2 2 11
1 22 0 1 0 0 0 3000 3 13 13 2
1 23 0 1 0 0 0 3000 3 11 11 13
1 24 0 1 0 0 0 3000 2 8 8 11
1 25 0 1 0 0 0 3000 2 1 1 8
2 1 0 1 0 0 0 3000 3 6 6 1
2 2 0 1 0 0 0 3000 2 5 5 6
2 3 1 1 1 0 0 444 1 6 6 5
2 4 0 1 0 0 0 3000 3 10 10 6
2 5 1 0 0 1 0 3000 1 6 6 10
2 6 0 1 0 0 0 3000 3 15 15 6
2 7 1 0 0 1 0 3000 1 6 6 15
2 8 0 1 0 0 0 3000 2 14 14 6
2 9 0 1 0 0 0 3000 2 8 8 14
2 10 1 1 1 0 0 584 1 14 14 8
2 11 0 1 0 0 0 3000 3 12 12 14
2 12 1 0 0 1 0 3000 1 14 14 12
2 13 1 1 1 0 0 375 1 12 12 14
2 14 0 1 0 0 0 3000 3 8 8 12
2 15 1 0 0 1 0 3000 1 12 12 8
2 16 1 1 1 0 0 529 1 8 8 12
2 17 0 1 0 0 0 3000 3 3 3 8
2 18 0 1 0 0 0 3000 3 15 15 3
2 19 0 1 0 0 0 3000 2 12 12 15
2 20 0 1 0 0 0 3000 3 10 10 12
2 21 0 1 0 0 0 3000 3 1 1 10
2 22 0 1 0 0 0 3000 3 14 14 1
2 23 1 1 1 0 0 359 1 1 1 14
2 24 1 0 0 1 0 3000 1 14 14 1
2 25 0 1 0 0 0 3000 2 6 6 14
3 1 0 1 0 0 0 3000 1 8 8 6
3 2 0 1 0 0 0 3000 1 12 12 8
3 3 1 1 1 0 0 643 1 8 8 12
3 4 0 1 0 0 0 3000 3 10 10 8
3 5 0 1 0 0 0 3000 2 15 15 10
3 6 0 1 0 0 0 3000 2 6 6 15
3 7 0 1 0 0 0 3000 3 6 6 6
3 8 1 1 1 0 0 455 1 6 6 6
3 9 0 1 0 0 0 3000 2 8 8 6
3 10 0 1 0 0 0 3000 3 2 2 8
3 11 0 1 0 0 0 3000 3 7 7 2
3 12 1 1 1 0 0 376 1 2 2 7
3 13 0 1 0 0 0 3000 3 9 9 2
3 14 0 1 0 0 0 3000 2 7 7 9
3 15 0 1 0 0 0 3000 3 10 10 7
3 16 0 1 0 0 0 3000 2 12 12 10
3 17 0 1 0 0 0 3000 2 14 14 12
3 18 1 1 1 0 0 1337 1 12 12 14
3 19 0 1 0 0 0 3000 3 11 11 12
3 20 0 1 0 0 0 3000 3 4 4 11
3 21 0 1 0 0 0 3000 3 5 5 4
3 22 1 1 1 0 0 776 1 4 4 5
3 23 0 1 0 0 0 3000 2 14 14 4
3 24 0 1 0 0 0 3000 2 2 2 14
3 25 0 1 0 0 0 3000 3 13 13 2
