1 1 0 1 0 0 0 3000 2 12 12 0
1 2 0 1 0 0 0 3000 1 10 10 12
1 3 0 1 0 0 0 3000 3 8 8 10
1 4 0 1 0 0 0 3000 2 14 14 8
1 5 0 0 0 0 1 806 2 13 13 14
1 6 1 0 0 1 0 3000 1 14 14 13
1 7 0 1 0 0 0 3000 3 8 8 14
1 8 0 1 0 0 0 3000 2 9 9 8
1 9 0 1 0 0 0 3000 3 5 5 9
1 10 1 1 1 0 0 399 1 9 9 5
1 11 0 1 0 0 0 3000 3 3 3 9
1 12 0 1 0 0 0 3000 3 3 3 3
1 13 0 1 0 0 0 3000 2 15 15 3
1 14 0 1 0 0 0 3000 2 7 7 15
1 15 0 1 0 0 0 3000 2 10 10 7
1 16 0 1 0 0 0 3000 2 6 6 10
1 17 1 1 1 0 0 340 1 10 10 6
1 18 0 1 0 0 0 3000 2 10 10 10
1 19 0 1 0 0 0 3000 2 13 13 10
1 20 0 1 0 0 0 3000 2 13 13 13
1 21 0 1 0 0 0 3000 2 2 2 13
1 22 0 1 0 0 0 3000 2 15 15 2
1 23 0 1 0 0 0 3000 2 11 11 15
1 24 0 0 0 0 1 1888 3 13 13 11
1 25 0 1 0 0 0 3000 2 10 10 13
2 1 0 1 0 0 0 3000 1 15 15 10
2 2 0 1 0 0 0 3000 1 11 11 15
2 3 0 1 0 0 0 3000 3 6 6 11
2 4 1 1 1 0 0 479 1 11 11 6
2 5 0 1 0 0 0 3000 3 11 11 11
2 6 0 1 0 0 0 3000 3 5 5 11
2 7 1 1 1 0 0 361 1 11 11 5
2 8 0 1 0 0 0 3000 3 15 15 11
2 9 0 1 0 0 0 3000 3 14 14 15
2 10 0 1 0 0 0 3000 2 11 11 14
2 11 1 1 1 0 0 365 1 14 14 11
2 12 1 0 0 1 0 3000 1 11 11 14
2 13 0 1 0 0 0 3000 2 4 4 11
2 14 0 1 0 0 0 3000 3 4 4 4
2 15 0 1 0 0 0 3000 3 3 3 4
2 16 0 0 0 0 1 1669 2 12 12 3
2 17 1 0 0 1 0 3000 1 3 3 12
2 18 0 1 0 0 0 3000 3 15 15 3
2 19 1 1 1 0 0 380 1 3 3 15
2 20 1 0 0 1 0 3000 1 15 15 3
2 21 0 1 0 0 0 3000 2 6 6 15
2 22 0 1 0 0 0 3000 3 7 7 6
2 23 0 1 0 0 0 3000 3 11 11 7
2 24 0 1 0 0 0 3000 3 13 13 11
2 25 0 1 0 0 0 3000 3 9 9 13
3 1 0 1 0 0 0 3000 1 9 9 9
3 2 0 1 0 0 0 3000 2 1 1 9
3 3 1 1 1 0 0 600 1 9 9 1
3 4 0 1 0 0 0 3000 3 8 8 9
3 5 0 1 0 0 0 3000 3 11 11 8
3 6 0 1 0 0 0 3000 3 5 5 11
3 7 1 1 1 0 0 368 1 11 11 5
3 8 0 1 0 0 0 3000 2 9 9 11
3 9 0 0 0 0 1 1251 2 8 8 9
3 10 0 1 0 0 0 3000 3 8 8 8
3 11 1 1 1 0 0 396 1 8 8 8
3 12 0 1 0 0 0 3000 2 7 7 8
3 13 0 1 0 0 0 3000 2 15 15 7
3 14 0 0 0 0 1 1233 2 6 6 15
3 15 1 0 0 1 0 3000 1 15 15 6
3 16 1 0 0 1 0 3000 1 6 6 15
3 17 0 1 0 0 0 3000 3 7 7 6
3 18 1 1 1 0 0 938 1 6 6 7
3 19 0 1 0 0 0 3000 2 4 4 6
3 20 0 1 0 0 0 3000 3 14 14 4
3 21 1 1 1 0 0 517 1 4 4 14
3 22 1 1 1 0 0 813 1 14 14 4
3 23 0 1 0 0 0 3000 3 15 15 14
3 24 0 1 0 0 0 3000 2 13 13 15
3 25 0 1 0 0 0 3000 2 7 7 13
