1 1 0 1 0 0 0 3000 3 3 3 0
1 2 0 1 0 0 0 3000 3 13 13 3
1 3 1 1 1 0 0 541 1 3 3 13
1 4 1 1 1 0 0 534 1 13 13 3
1 5 0 1 0 0 0 3000 3 14 14 13
1 6 0 1 0 0 0 3000 2 4 4 14
1 7 0 1 0 0 0 3000 2 10 10 4
1 8 0 1 0 0 0 3000 2 13 13 10
1 9 0 1 0 0 0 3000 2 6 6 13
1 10 0 1 0 0 0 3000 3 11 11 6
1 11 0 1 0 0 0 3000 2 9 9 11
1 12 1 1 1 0 0 467 1 11 11 9
1 13 1 1 1 0 0 863 1 9 9 11
1 14 0 1 0 0 0 3000 2 6 6 9
1 15 1 1 1 0 0 829 1 9 9 6
1 16 1 1 1 0 0 656 1 6 6 9
1 17 0 1 0 0 0 3000 3 2 2 6
1 18 0 1 0 0 0 3000 2 10 10 2
1 19 0 1 0 0 0 3000 3 6 6 10
1 20 0 1 0 0 0 3000 2 9 9 6
1 21 0 1 0 0 0 3000 3 11 11 9
1 22 0 1 0 0 0 3000 2 14 14 11
1 23 0 1 0 0 0 3000 2 8 8 14
1 24 1 1 1 0 0 416 1 14 14 8
1 25 1 0 0 1 0 3000 1 8 8 14
2 1 0 1 0 0 0 3000 3 3 3 8
2 2 0 1 0 0 0 3000 1 5 5 3
2 3 0 1 0 0 0 3000 3 14 14 5
2 4 0 1 0 0 0 3000 2 4 4 14
2 5 0 1 0 0 0 3000 3 1 1 4
2 6 0 1 0 0 0 3000 3 2 2 1
2 7 0 1 0 0 0 3000 3 14 14 2
2 8 1 1 1 0 0 799 1 2 2 14
2 9 0 1 0 0 0 3000 3 3 3 2
2 10 0 1 0 0 0 3000 2 10 10 3
2 11 0 1 0 0 0 3000 3 15 15 10
2 12 1 0 0 1 0 3000 1 10 10 15
2 13 1 1 1 0 0 666 1 15 15 10
2 14 1 1 1 0 0 474 1 10 10 15
2 15 0 1 0 0 0 3000 2 12 12 10
2 16 0 1 0 0 0 3000 3 8 8 12
2 17 0 1 0 0 0 3000 3 7 7 8
2 18 0 1 0 0 0 3000 2 9 9 7
2 19 0 1 0 0 0 3000 2 5 5 9
2 20 0 1 0 0 0 3000 2 1 1 5
2 21 1 1 1 0 0 404 1 5 5 1
2 22 1 1 1 0 0 763 1 1 1 5
2 23 0 1 0 0 0 3000 2 2 2 1
2 24 0 1 0 0 0 3000 3 11 11 2
2 25 1 1 1 0 0 433 1 2 2 11
3 1 0 1 0 0 0 3000 1 7 7 2
3 2 0 1 0 0 0 3000 3 4 4 7
3 3 0 1 0 0 0 3000 2 5 5 4
3 4 0 1 0 0 0 3000 3 12 12 5
3 5 1 1 1 0 0 665 1 5 5 12
3 6 1 1 1 0 0 615 1 12 12 5
3 7 0 1 0 0 0 3000 2 10 10 12
3 8 0 1 0 0 0 3000 3 15 15 10
3 9 0 1 0 0 0 3000 2 5 5 15
3 10 0 1 0 0 0 3000 3 12 12 5
3 11 0 1 0 0 0 3000 2 13 13 12
3 12 0 1 0 0 0 3000 2 6 6 13
3 13 0 1 0 0 0 3000 2 9 9 6
3 14 0 1 0 0 0 3000 3 10 10 9
3 15 0 1 0 0 0 3000 2 3 3 10
3 16 0 1 0 0 0 3000 2 15 15 3
3 17 1 1 1 0 0 415 1 3 3 15
3 18 1 1 1 0 0 561 1 15 15 3
3 19 0 1 0 0 0 3000 3 7 7 15
3 20 0 1 0 0 0 3000 3 1 1 7
3 21 0 0 0 0 1 490 3 1 1 1
3 22 1 1 1 0 0 1138 1 1 1 1
3 23 0 1 0 0 0 3000 2 6 6 1
3 24 0 1 0 0 0 3000 2 4 4 6
3 25 0 1 0 0 0 3000 3 7 7 4
