1 1 0 1 0 0 0 3000 1 10 10 0
1 2 0 1 0 0 0 3000 2 11 11 10
1 3 1 1 1 0 0 482 1 10 10 11
1 4 0 1 0 0 0 3000 3 4 4 10
1 5 1 0 0 1 0 3000 1 10 10 4
1 6 0 1 0 0 0 3000 2 3 3 10
1 7 0 1 0 0 0 3000 2 5 5 3
1 8 0 1 0 0 0 3000 3 1 1 5
1 9 1 1 1 0 0 526 1 5 5 1
1 10 0 1 0 0 0 3000 3 7 7 5
1 11 1 1 1 0 0 523 1 5 5 7
1 12 0 1 0 0 0 3000 3 3 3 5
1 13 1 1 1 0 0 481 1 5 5 3
1 14 1 0 0 1 0 3000 1 3 3 5
1 15 0 0 0 0 1 503 3 12 12 3
1 16 0 1 0 0 0 3000 3 10 10 12
1 17 1 1 1 0 0 439 1 12 12 10
1 18 0 1 0 0 0 3000 3 8 8 12
1 19 1 1 1 0 0 478 1 12 12 8
1 20 0 1 0 0 0 3000 2 11 11 12
1 21 1 1 1 0 0 378 1 12 12 11
1 22 0 1 0 0 0 3000 2 3 3 12
1 23 0 1 0 0 0 3000 3 1 1 3
1 24 1 1 1 0 0 849 1 3 3 1
1 25 0 1 0 0 0 3000 3 9 9 3
2 1 0 1 0 0 0 3000 2 11 11 9
2 2 0 0 0 0 1 516 3 11 11 11
2 3 0 1 0 0 0 3000 2 10 10 11
2 4 1 1 1 0 0 482 1 11 11 10
2 5 1 1 1 0 0 826 1 10 10 11
2 6 0 1 0 0 0 3000 2 3 3 10
2 7 1 1 1 0 0 1259 1 10 10 3
2 8 0 0 0 0 1 622 2 10 10 10
2 9 0 0 0 0 1 677 2 3 3 10
2 10 0 0 0 0 1 332 2 12 12 3
2 11 1 1 1 0 0 697 1 3 3 12
2 12 1 0 0 1 0 3000 1 12 12 3
2 13 0 1 0 0 0 3000 2 6 6 12
2 14 0 0 0 0 1 460 2 11 11 6
2 15 0 1 0 0 0 3000 2 5 5 11
2 16 1 1 1 0 0 421 1 11 11 5
2 17 0 1 0 0 0 3000 2 14 14 11
2 18 1 1 1 0 0 416 1 11 11 14
2 19 0 0 0 0 1 823 3 11 11 11
2 20 0 1 0 0 0 3000 3 9 9 11
2 21 0 1 0 0 0 3000 3 13 13 9
2 22 0 1 0 0 0 3000 2 12 12 13
2 23 0 0 0 0 1 890 3 12 12 12
2 24 0 1 0 0 0 3000 2 6 6 12
2 25 0 1 0 0 0 3000 2 5 5 6
3 1 0 1 0 0 0 3000 2 15 15 5
3 2 0 1 0 0 0 3000 1 2 2 15
3 3 1 1 1 0 0 387 1 15 15 2
3 4 1 1 1 0 0 1377 1 2 2 15
3 5 0 1 0 0 0 3000 2 9 9 2
3 6 0 1 0 0 0 3000 2 15 15 9
3 7 0 0 0 0 1 902 3 15 15 15
3 8 0 1 0 0 0 3000 2 1 1 15
3 9 0 1 0 0 0 3000 3 4 4 1
3 10 0 1 0 0 0 3000 2 12 12 4
3 11 1 1 1 0 0 741 1 4 4 12
3 12 0 1 0 0 0 3000 2 11 11 4
3 13 0 0 0 0 1 894 2 11 11 11
3 14 1 1 1 0 0 493 1 11 11 11
3 15 0 1 0 0 0 3000 2 10 10 11
3 16 0 1 0 0 0 3000 2 13 13 10
3 17 0 1 0 0 0 3000 3 15 15 13
3 18 1 1 1 0 0 825 1 13 13 15
3 19 0 1 0 0 0 3000 2 3 3 13
3 20 1 1 1 0 0 893 1 13 13 3
3 21 1 1 1 0 0 916 1 3 3 13
3 22 0 1 0 0 0 3000 2 3 3 3
3 23 0 1 0 0 0 3000 3 9 9 3
3 24 0 1 0 0 0 3000 2 6 6 9
3 25 1 1 1 0 0 580 1 9 9 6
