1 1 0 1 0 0 0 3000 3 15 15 0
1 2 0 1 0 0 0 3000 2 2 2 15
1 3 0 1 0 0 0 3000 2 4 4 2
1 4 1 0 0 1 0 3000 1 2 2 4
1 5 0 1 0 0 0 3000 3 12 12 2
1 6 0 1 0 0 0 3000 3 6 6 12
1 7 1 1 1 0 0 429 1 12 12 6
1 8 0 1 0 0 0 3000 2 8 8 12
1 9 1 1 1 0 0 719 1 12 12 8
1 10 0 1 0 0 0 3000 3 5 5 12
1 11 0 1 0 0 0 3000 2 10 10 5
1 12 0 1 0 0 0 3000 2 13 13 10
1 13 0 1 0 0 0 3000 2 5 5 13
1 14 0 1 0 0 0 3000 3 1 1 5
1 15 0 1 0 0 0 3000 2 6 6 1
1 16 0 1 0 0 0 3000 2 14 14 6
1 17 1 1 1 0 0 420 1 6 6 14
1 18 1 0 0 1 0 3000 1 14 14 6
1 19 1 1 1 0 0 651 1 6 6 14
1 20 1 0 0 1 0 3000 1 14 14 6
1 21 0 1 0 0 0 3000 3 4 4 14
1 22 1 0 0 1 0 3000 1 14 14 4
1 23 0 1 0 0 0 3000 2 7 7 14
1 24 0 1 0 0 0 3000 2 13 13 7
1 25 0 1 0 0 0 3000 2 13 13 13
2 1 0 1 0 0 0 3000 2 2 2 13
2 2 0 1 0 0 0 3000 2 5 5 2
2 3 1 1 1 0 0 436 1 2 2 5
2 4 0 1 0 0 0 3000 2 6 6 2
2 5 0 1 0 0 0 3000 2 3 3 6
2 6 1 0 0 1 0 3000 1 6 6 3
2 7 0 1 0 0 0 3000 3 1 1 6
2 8 0 1 0 0 0 3000 2 13 13 1
2 9 0 1 0 0 0 3000 2 3 3 13
2 10 1 0 0 1 0 3000 1 13 13 3
2 11 1 1 1 0 0 421 1 3 3 13
2 12 0 1 0 0 0 3000 3 15 15 3
2 13 1 1 1 0 0 474 1 3 3 15
2 14 0 1 0 0 0 3000 3 13 13 3
2 15 1 1 1 0 0 423 1 3 3 13
2 16 0 1 0 0 0 3000 2 5 5 3
2 17 0 1 0 0 0 3000 2 15 15 5
2 18 0 1 0 0 0 3000 3 12 12 15
2 19 0 1 0 0 0 3000 2 5 5 12
2 20 0 1 0 0 0 3000 2 3 3 5
2 21 0 1 0 0 0 3000 2 4 4 3
2 22 0 1 0 0 0 3000 3 4 4 4
2 23 0 1 0 0 0 3000 2 3 3 4
2 24 1 0 0 1 0 3000 1 4 4 3
2 25 1 1 1 0 0 362 1 3 3 4
3 1 0 1 0 0 0 3000 2 11 11 3
3 2 0 1 0 0 0 3000 2 13 13 11
3 3 1 1 1 0 0 416 1 11 11 13
3 4 1 0 0 1 0 3000 1 13 13 11
3 5 0 1 0 0 0 3000 3 2 2 13
3 6 1 0 0 1 0 3000 1 13 13 2
3 7 1 1 1 0 0 389 1 2 2 13
3 8 0 1 0 0 0 3000 3 9 9 2
3 9 1 1 1 0 0 449 1 2 2 9
3 10 0 1 0 0 0 3000 2 6 6 2
3 11 0 1 0 0 0 3000 3 14 14 6
3 12 0 1 0 0 0 3000 2 10 10 14
3 13 0 1 0 0 0 3000 2 13 13 10
3 14 0 1 0 0 0 3000 3 12 12 13
3 15 1 1 1 0 0 416 1 13 13 12
3 16 0 1 0 0 0 3000 3 10 10 13
3 17 1 1 1 0 0 478 1 13 13 10
3 18 0 1 0 0 0 3000 3 15 15 13
3 19 1 1 1 0 0 433 1 13 13 15
3 20 0 1 0 0 0 3000 3 10 10 13
3 21 0 1 0 0 0 3000 3 4 4 10
3 22 0 1 0 0 0 3000 3 8 8 4
3 23 0 1 0 0 0 3000 3 8 8 8
3 24 0 1 0 0 0 3000 2 7 7 8
3 25 0 1 0 0 0 3000 2 10 10 7
