1 1 0 1 0 0 0 3000 1 10 10 0
1 2 0 1 0 0 0 3000 1 6 6 10
1 3 0 1 0 0 0 3000 2 13 13 6
1 4 1 1 1 0 0 1525 1 6 6 13
1 5 1 1 1 0 0 1647 1 13 13 6
1 6 1 1 1 0 0 1117 1 6 6 13
1 7 0 1 0 0 0 3000 3 8 8 6
1 8 0 1 0 0 0 3000 2 7 7 8
1 9 1 1 1 0 0 735 1 8 8 7
1 10 0 1 0 0 0 3000 2 10 10 8
1 11 1 1 1 0 0 950 1 8 8 10
1 12 0 1 0 0 0 3000 2 7 7 8
1 13 1 1 1 0 0 404 1 8 8 7
1 14 1 1 1 0 0 1000 1 7 7 8
1 15 0 1 0 0 0 3000 2 10 10 7
1 16 1 1 1 0 0 429 1 7 7 10
1 17 0 1 0 0 0 3000 2 9 9 7
1 18 0 1 0 0 0 3000 3 1 1 9
1 19 0 1 0 0 0 3000 3 2 2 1
1 20 0 1 0 0 0 3000 3 2 2 2
1 21 1 1 1 0 0 1552 1 2 2 2
1 22 0 1 0 0 0 3000 2 12 12 2
1 23 0 1 0 0 0 3000 2 11 11 12
1 24 0 1 0 0 0 3000 2 10 10 11
1 25 0 1 0 0 0 3000 2 13 13 10
2 1 0 1 0 0 0 3000 2 12 12 13
2 2 0 1 0 0 0 3000 2 5 5 12
2 3 1 1 1 0 0 372 1 12 12 5
2 4 0 1 0 0 0 3000 3 10 10 12
2 5 0 1 0 0 0 3000 3 3 3 10
2 6 1 1 1 0 0 452 1 10 10 3
2 7 0 1 0 0 0 3000 2 11 11 10
2 8 0 1 0 0 0 3000 3 7 7 11
2 9 1 1 1 0 0 803 1 11 11 7
2 10 0 1 0 0 0 3000 2 5 5 11
2 11 0 1 0 0 0 3000 3 10 10 5
2 12 0 1 0 0 0 3000 2 13 13 10
2 13 0 1 0 0 0 3000 2 14 14 13
2 14 0 1 0 0 0 3000 3 5 5 14
2 15 0 1 0 0 0 3000 3 11 11 5
2 16 1 1 1 0 0 845 1 5 5 11
2 17 1 1 1 0 0 975 1 11 11 5
2 18 1 1 1 0 0 1701 1 5 5 11
2 19 0 1 0 0 0 3000 3 5 5 5
2 20 1 1 1 0 0 742 1 5 5 5
2 21 1 1 1 0 0 787 1 5 5 5
2 22 0 1 0 0 0 3000 3 14 14 5
2 23 0 1 0 0 0 3000 2 15 15 14
2 24 0 1 0 0 0 3000 2 15 15 15
2 25 0 1 0 0 0 3000 3 1 1 15
3 1 0 1 0 0 0 3000 1 14 14 1
3 2 0 1 0 0 0 3000 1 15 15 14
3 3 0 1 0 0 0 3000 2 4 4 15
3 4 1 1 1 0 0 762 1 15 15 4
3 5 0 1 0 0 0 3000 2 12 12 15
3 6 1 1 1 0 0 573 1 15 15 12
3 7 0 1 0 0 0 3000 3 8 8 15
3 8 1 1 1 0 0 343 1 15 15 8
3 9 1 1 1 0 0 710 1 8 8 15
3 10 0 1 0 0 0 3000 2 8 8 8
3 11 0 1 0 0 0 3000 3 1 1 8
3 12 1 1 1 0 0 509 1 8 8 1
3 13 0 1 0 0 0 3000 3 12 12 8
3 14 0 1 0 0 0 3000 3 6 6 12
3 15 0 1 0 0 0 3000 2 6 6 6
3 16 0 1 0 0 0 3000 2 7 7 6
3 17 0 1 0 0 0 3000 2 11 11 7
3 18 1 1 1 0 0 731 1 7 7 11
3 19 0 1 0 0 0 3000 3 12 12 7
3 20 0 0 0 0 1 522 3 11 11 12
3 21 0 1 0 0 0 3000 3 2 2 11
3 22 0 1 0 0 0 3000 2 3 3 2
3 23 0 1 0 0 0 3000 3 10 10 3
3 24 0 1 0 0 0 3000 3 7 7 10
3 25 0 1 0 0 0 3000 3 4 4 7
