1 1 0 1 0 0 0 3000 3 9 9 0
1 2 0 1 0 0 0 3000 3 10 10 9
1 3 1 1 1 0 0 354 1 9 9 10
1 4 1 1 1 0 0 392 1 10 10 9
1 5 0 1 0 0 0 3000 2 7 7 10
1 6 0 1 0 0 0 3000 2 15 15 7
1 7 1 1 1 0 0 362 1 7 7 15
1 8 0 1 0 0 0 3000 2 2 2 7
1 9 0 0 0 0 1 633 3 15 15 2
1 10 1 1 1 0 0 2466 1 2 2 15
1 11 1 0 0 1 0 3000 1 15 15 2
1 12 0 1 0 0 0 3000 3 8 8 15
1 13 1 1 1 0 0 453 1 15 15 8
1 14 1 1 1 0 0 520 1 8 8 15
1 15 1 1 1 0 0 1200 1 15 15 8
1 16 0 1 0 0 0 3000 2 7 7 15
1 17 1 0 0 1 0 3000 1 15 15 7
1 18 0 1 0 0 0 3000 2 10 10 15
1 19 0 1 0 0 0 3000 2 13 13 10
1 20 0 1 0 0 0 3000 3 3 3 13
1 21 0 1 0 0 0 3000 2 11 11 3
1 22 0 0 0 0 1 572 3 11 11 11
1 23 0 1 0 0 0 3000 3 10 10 11
1 24 0 0 0 0 1 848 3 8 8 10
1 25 1 1 1 0 0 410 1 10 10 8
2 1 0 1 0 0 0 3000 3 6 6 10
2 2 0 1 0 0 0 3000 3 11 11 6
2 3 1 1 1 0 0 303 1 6 6 11
2 4 0 0 0 0 1 455 2 10 10 6
2 5 0 1 0 0 0 3000 3 5 5 10
2 6 1 1 1 0 0 423 1 10 10 5
2 7 0 1 0 0 0 3000 3 11 11 10
2 8 0 1 0 0 0 3000 2 4 4 11
2 9 1 1 1 0 0 373 1 11 11 4
2 10 0 1 0 0 0 3000 2 1 1 11
2 11 0 1 0 0 0 3000 3 13 13 1
2 12 0 1 0 0 0 3000 2 14 14 13
2 13 1 1 1 0 0 559 1 13 13 14
2 14 0 1 0 0 0 3000 3 10 10 13
2 15 1 1 1 0 0 385 1 13 13 10
2 16 0 1 0 0 0 3000 2 4 4 13
2 17 0 1 0 0 0 3000 2 1 1 4
2 18 0 1 0 0 0 3000 3 9 9 1
2 19 0 1 0 0 0 3000 2 14 14 9
2 20 0 1 0 0 0 3000 2 7 7 14
2 21 0 1 0 0 0 3000 2 10 10 7
2 22 0 1 0 0 0 3000 3 3 3 10
2 23 0 1 0 0 0 3000 3 6 6 3
2 24 0 0 0 0 1 666 3 6 6 6
2 25 1 1 1 0 0 621 1 6 6 6
3 1 0 1 0 0 0 3000 2 7 7 6
3 2 0 1 0 0 0 3000 3 15 15 7
3 3 1 1 1 0 0 344 1 7 7 15
3 4 1 1 1 0 0 485 1 15 15 7
3 5 0 1 0 0 0 3000 2 14 14 15
3 6 0 1 0 0 0 3000 2 14 14 14
3 7 1 1 1 0 0 548 1 14 14 14
3 8 1 1 1 0 0 441 1 14 14 14
3 9 1 1 1 0 0 415 1 14 14 14
3 10 1 1 1 0 0 485 1 14 14 14
3 11 0 1 0 0 0 3000 3 7 7 14
3 12 0 1 0 0 0 3000 3 2 2 7
3 13 0 1 0 0 0 3000 3 1 1 2
3 14 0 1 0 0 0 3000 2 6 6 1
3 15 1 1 1 0 0 490 1 1 1 6
3 16 0 1 0 0 0 3000 2 15 15 1
3 17 0 0 0 0 1 2643 2 6 6 15
3 18 1 1 1 0 0 1646 1 15 15 6
3 19 0 1 0 0 0 3000 2 3 3 15
3 20 0 1 0 0 0 3000 3 12 12 3
3 21 0 1 0 0 0 3000 2 7 7 12
3 22 0 1 0 0 0 3000 2 14 14 7
3 23 0 1 0 0 0 3000 3 9 9 14
3 24 0 1 0 0 0 3000 2 2 2 9
3 25 1 1 1 0 0 392 1 9 9 2
