1 1 0 1 0 0 0 3000 1 11 11 0
1 2 0 1 0 0 0 3000 3 13 13 11
1 3 1 1 1 0 0 266 1 11 11 13
1 4 1 0 0 1 0 3000 1 13 13 11
1 5 1 0 0 1 0 3000 1 11 11 13
1 6 0 1 0 0 0 3000 2 9 9 11
1 7 0 1 0 0 0 3000 3 2 2 9
1 8 0 1 0 0 0 3000 2 1 1 2
1 9 0 0 0 0 1 237 3 13 13 1
1 10 0 1 0 0 0 3000 3 3 3 13
1 11 0 1 0 0 0 3000 2 3 3 3
1 12 1 1 1 0 0 360 1 3 3 3
1 13 0 1 0 0 0 3000 3 9 9 3
1 14 0 1 0 0 0 3000 2 6 6 9
1 15 0 1 0 0 0 3000 3 8 8 6
1 16 0 1 0 0 0 3000 2 12 12 8
1 17 0 1 0 0 0 3000 3 7 7 12
1 18 0 1 0 0 0 3000 3 6 6 7
1 19 1 0 0 1 0 3000 1 7 7 6
1 20 0 1 0 0 0 3000 2 12 12 7
1 21 1 1 1 0 0 608 1 7 7 12
1 22 0 1 0 0 0 3000 2 13 13 7
1 23 0 1 0 0 0 3000 2 13 13 13
1 24 1 1 1 0 0 270 1 13 13 13
1 25 0 1 0 0 0 3000 3 9 9 13
2 1 0 1 0 0 0 3000 2 9 9 9
2 2 0 1 0 0 0 3000 1 15 15 9
2 3 1 1 1 0 0 399 1 9 9 15
2 4 0 1 0 0 0 3000 2 12 12 9
2 5 0 1 0 0 0 3000 3 15 15 12
2 6 1 1 1 0 0 450 1 12 12 15
2 7 1 0 0 1 0 3000 1 15 15 12
2 8 0 1 0 0 0 3000 3 14 14 15
2 9 0 1 0 0 0 3000 2 1 1 14
2 10 0 1 0 0 0 3000 3 6 6 1
2 11 0 1 0 0 0 3000 2 11 11 6
2 12 0 1 0 0 0 3000 2 10 10 11
2 13 0 1 0 0 0 3000 2 12 12 10
2 14 0 1 0 0 0 3000 3 2 2 12
2 15 0 1 0 0 0 3000 3 1 1 2
2 16 1 0 0 1 0 3000 1 2 2 1
2 17 0 1 0 0 0 3000 2 9 9 2
2 18 1 1 1 0 0 247 1 2 2 9
2 19 1 0 0 1 0 3000 1 9 9 2
2 20 0 1 0 0 0 3000 3 11 11 9
2 21 1 1 1 0 0 311 1 9 9 11
2 22 0 1 0 0 0 3000 2 1 1 9
2 23 0 1 0 0 0 3000 3 3 3 1
2 24 0 1 0 0 0 3000 2 9 9 3
2 25 1 0 0 1 0 3000 1 3 3 9
3 1 0 1 0 0 0 3000 1 1 1 3
3 2 0 1 0 0 0 3000 1 1 1 1
3 3 1 1 1 0 0 316 1 1 1 1
3 4 0 1 0 0 0 3000 2 10 10 1
3 5 0 1 0 0 0 3000 3 12 12 10
3 6 1 1 1 0 0 353 1 10 10 12
3 7 0 1 0 0 0 3000 3 4 4 10
3 8 0 1 0 0 0 3000 2 15 15 4
3 9 1 1 1 0 0 374 1 4 4 15
3 10 1 0 0 1 0 3000 1 15 15 4
3 11 0 1 0 0 0 3000 3 13 13 15
3 12 0 1 0 0 0 3000 2 13 13 13
3 13 1 0 0 1 0 3000 1 13 13 13
3 14 0 1 0 0 0 3000 2 8 8 13
3 15 0 1 0 0 0 3000 3 4 4 8
3 16 1 0 0 1 0 3000 1 8 8 4
3 17 0 1 0 0 0 3000 3 1 1 8
3 18 1 1 1 0 0 396 1 8 8 1
3 19 0 1 0 0 0 3000 2 9 9 8
3 20 1 0 0 1 0 3000 1 8 8 9
3 21 1 1 1 0 0 316 1 9 9 8
3 22 0 1 0 0 0 3000 2 9 9 9
3 23 1 0 0 1 0 3000 1 9 9 9
3 24 1 1 1 0 0 283 1 9 9 9
3 25 1 0 0 1 0 3000 1 9 9 9
