1 1 0 1 0 0 0 3000 3 15 15 0
1 2 0 1 0 0 0 3000 3 12 12 15
1 3 0 1 0 0 0 3000 3 13 13 12
1 4 1 1 1 0 0 341 1 12 12 13
1 5 1 1 1 0 0 469 1 13 13 12
1 6 0 1 0 0 0 3000 3 4 4 13
1 7 1 1 1 0 0 394 1 13 13 4
1 8 1 1 1 0 0 412 1 4 4 13
1 9 0 1 0 0 0 3000 2 6 6 4
1 10 0 1 0 0 0 3000 2 3 3 6
1 11 0 1 0 0 0 3000 3 3 3 3
1 12 0 1 0 0 0 3000 3 12 12 3
1 13 0 1 0 0 0 3000 2 12 12 12
1 14 0 1 0 0 0 3000 3 3 3 12
1 15 0 1 0 0 0 3000 3 7 7 3
1 16 1 1 1 0 0 463 1 3 3 7
1 17 0 1 0 0 0 3000 2 1 1 3
1 18 0 1 0 0 0 3000 3 10 10 1
1 19 1 1 1 0 0 601 1 1 1 10
1 20 0 1 0 0 0 3000 2 15 15 1
1 21 0 1 0 0 0 3000 2 3 3 15
1 22 1 1 1 0 0 344 1 15 15 3
1 23 0 1 0 0 0 3000 2 12 12 15
1 24 0 1 0 0 0 3000 3 13 13 12
1 25 1 0 0 1 0 3000 1 12 12 13
2 1 0 1 0 0 0 3000 1 5 5 12
2 2 0 1 0 0 0 3000 1 11 11 5
2 3 0 0 0 0 1 295 2 10 10 11
2 4 0 1 0 0 0 3000 3 4 4 10
2 5 0 1 0 0 0 3000 2 3 3 4
2 6 0 1 0 0 0 3000 3 6 6 3
2 7 0 1 0 0 0 3000 2 10 10 6
2 8 0 1 0 0 0 3000 2 5 5 10
2 9 0 1 0 0 0 3000 2 12 12 5
2 10 0 1 0 0 0 3000 2 10 10 12
2 11 1 1 1 0 0 559 1 12 12 10
2 12 0 1 0 0 0 3000 2 8 8 12
2 13 0 0 0 0 1 634 2 8 8 8
2 14 1 1 1 0 0 511 1 8 8 8
2 15 0 1 0 0 0 3000 3 11 11 8
2 16 1 0 0 1 0 3000 1 8 8 11
2 17 0 1 0 0 0 3000 3 12 12 8
2 18 1 1 1 0 0 486 1 8 8 12
2 19 0 1 0 0 0 3000 2 6 6 8
2 20 1 1 1 0 0 350 1 8 8 6
2 21 0 1 0 0 0 3000 3 8 8 8
2 22 1 1 1 0 0 377 1 8 8 8
2 23 0 1 0 0 0 3000 3 12 12 8
2 24 0 1 0 0 0 3000 2 15 15 12
2 25 0 1 0 0 0 3000 2 10 10 15
3 1 0 1 0 0 0 3000 1 2 2 10
3 2 0 1 0 0 0 3000 3 13 13 2
3 3 1 1 1 0 0 439 1 2 2 13
3 4 0 1 0 0 0 3000 2 4 4 2
3 5 1 1 1 0 0 468 1 2 2 4
3 6 0 1 0 0 0 3000 2 10 10 2
3 7 0 1 0 0 0 3000 3 11 11 10
3 8 0 1 0 0 0 3000 3 11 11 11
3 9 0 1 0 0 0 3000 2 12 12 11
3 10 0 1 0 0 0 3000 2 2 2 12
3 11 0 1 0 0 0 3000 3 10 10 2
3 12 0 1 0 0 0 3000 2 7 7 10
3 13 1 0 0 1 0 3000 1 10 10 7
3 14 1 1 1 0 0 394 1 7 7 10
3 15 0 1 0 0 0 3000 3 6 6 7
3 16 0 1 0 0 0 3000 2 11 11 6
3 17 1 1 1 0 0 465 1 6 6 11
3 18 0 1 0 0 0 3000 3 6 6 6
3 19 0 1 0 0 0 3000 2 4 4 6
3 20 1 1 1 0 0 461 1 6 6 4
3 21 0 1 0 0 0 3000 3 5 5 6
3 22 1 0 0 1 0 3000 1 6 6 5
3 23 0 1 0 0 0 3000 2 10 10 6
3 24 1 1 1 0 0 455 1 6 6 10
3 25 0 1 0 0 0 3000 2 2 2 6
