1 1 0 1 0 0 0 3000 3 5 5 0
1 2 0 1 0 0 0 3000 3 10 10 5
1 3 0 1 0 0 0 3000 3 3 3 10
1 4 1 1 1 0 0 524 1 10 10 3
1 5 0 1 0 0 0 3000 2 12 12 10
1 6 1 1 1 0 0 1078 1 10 10 12
1 7 0 1 0 0 0 3000 3 5 5 10
1 8 1 0 0 1 0 3000 1 10 10 5
1 9 0 1 0 0 0 3000 2 11 11 10
1 10 0 1 0 0 0 3000 3 8 8 11
1 11 0 1 0 0 0 3000 2 1 1 8
1 12 1 1 1 0 0 478 1 8 8 1
1 13 1 0 0 1 0 3000 1 1 1 8
1 14 0 1 0 0 0 3000 2 6 6 1
1 15 0 1 0 0 0 3000 2 8 8 6
1 16 1 1 1 0 0 487 1 6 6 8
1 17 1 0 0 1 0 3000 1 8 8 6
1 18 0 1 0 0 0 3000 2 4 4 8
1 19 0 1 0 0 0 3000 3 14 14 4
1 20 0 1 0 0 0 3000 3 5 5 14
1 21 0 1 0 0 0 3000 3 8 8 5
1 22 0 1 0 0 0 3000 3 6 6 8
1 23 0 1 0 0 0 3000 2 13 13 6
1 24 1 1 1 0 0 384 1 6 6 13
1 25 0 1 0 0 0 3000 2 1 1 6
2 1 0 1 0 0 0 3000 2 4 4 1
2 2 0 1 0 0 0 3000 3 13 13 4
2 3 0 1 0 0 0 3000 3 14 14 13
2 4 0 1 0 0 0 3000 3 10 10 14
2 5 0 1 0 0 0 3000 2 9 9 10
2 6 1 1 1 0 0 525 1 10 10 9
2 7 0 1 0 0 0 3000 3 2 2 10
2 8 0 1 0 0 0 3000 3 14 14 2
2 9 0 1 0 0 0 3000 3 3 3 14
2 10 0 1 0 0 0 3000 3 8 8 3
2 11 1 0 0 1 0 3000 1 3 3 8
2 12 0 1 0 0 0 3000 2 5 5 3
2 13 0 1 0 0 0 3000 2 5 5 5
2 14 1 1 1 0 0 328 1 5 5 5
2 15 0 1 0 0 0 3000 3 2 2 5
2 16 1 1 1 0 0 351 1 5 5 2
2 17 0 1 0 0 0 3000 3 3 3 5
2 18 1 1 1 0 0 633 1 5 5 3
2 19 1 0 0 1 0 3000 1 3 3 5
2 20 0 1 0 0 0 3000 3 8 8 3
2 21 0 1 0 0 0 3000 2 9 9 8
2 22 0 1 0 0 0 3000 2 11 11 9
2 23 1 1 1 0 0 610 1 9 9 11
2 24 0 1 0 0 0 3000 3 13 13 9
2 25 1 1 1 0 0 409 1 9 9 13
3 1 0 1 0 0 0 3000 2 15 15 9
3 2 0 1 0 0 0 3000 3 13 13 15
3 3 0 1 0 0 0 3000 3 14 14 13
3 4 0 1 0 0 0 3000 3 1 1 14
3 5 0 1 0 0 0 3000 3 4 4 1
3 6 1 1 1 0 0 374 1 1 1 4
3 7 0 1 0 0 0 3000 3 11 11 1
3 8 0 1 0 0 0 3000 2 2 2 11
3 9 0 1 0 0 0 3000 3 4 4 2
3 10 0 1 0 0 0 3000 3 10 10 4
3 11 0 1 0 0 0 3000 2 1 1 10
3 12 0 0 0 0 1 493 2 11 11 1
3 13 0 1 0 0 0 3000 2 11 11 11
3 14 1 1 1 0 0 805 1 11 11 11
3 15 1 0 0 1 0 3000 1 11 11 11
3 16 0 1 0 0 0 3000 3 12 12 11
3 17 1 1 1 0 0 627 1 11 11 12
3 18 0 1 0 0 0 3000 3 13 13 11
3 19 0 1 0 0 0 3000 3 10 10 13
3 20 0 1 0 0 0 3000 2 3 3 10
3 21 0 0 0 0 1 551 2 12 12 3
3 22 1 0 0 1 0 3000 1 3 3 12
3 23 0 0 0 0 1 152 3 14 14 3
3 24 0 1 0 0 0 3000 2 10 10 14
3 25 0 1 0 0 0 3000 3 12 12 10
