1 1 0 1 0 0 0 3000 2 14 14 0
1 2 0 1 0 0 0 3000 2 5 5 14
1 3 0 1 0 0 0 3000 2 1 1 5
1 4 0 1 0 0 0 3000 2 13 13 1
1 5 1 1 1 0 0 382 1 1 1 13
1 6 1 1 1 0 0 906 1 13 13 1
1 7 1 1 1 0 0 688 1 1 1 13
1 8 0 1 0 0 0 3000 3 3 3 1
1 9 0 1 0 0 0 3000 3 15 15 3
1 10 0 1 0 0 0 3000 3 8 8 15
1 11 0 1 0 0 0 3000 3 6 6 8
1 12 0 1 0 0 0 3000 2 1 1 6
1 13 1 1 1 0 0 2101 1 6 6 1
1 14 0 1 0 0 0 3000 2 11 11 6
1 15 0 0 0 0 1 978 2 11 11 11
1 16 1 1 1 0 0 1077 1 11 11 11
1 17 1 1 1 0 0 788 1 11 11 11
1 18 1 1 1 0 0 655 1 11 11 11
1 19 0 1 0 0 0 3000 3 6 6 11
1 20 0 1 0 0 0 3000 2 8 8 6
1 21 0 1 0 0 0 3000 3 7 7 8
1 22 1 1 1 0 0 556 1 8 8 7
1 23 0 1 0 0 0 3000 2 10 10 8
1 24 1 1 1 0 0 498 1 8 8 10
1 25 0 1 0 0 0 3000 2 8 8 8
2 1 0 1 0 0 0 3000 2 2 2 8
2 2 0 1 0 0 0 3000 1 6 6 2
2 3 0 1 0 0 0 3000 3 10 10 6
2 4 1 1 1 0 0 663 1 6 6 10
2 5 0 1 0 0 0 3000 2 1 1 6
2 6 0 1 0 0 0 3000 3 8 8 1
2 7 1 1 1 0 0 368 1 1 1 8
2 8 0 1 0 0 0 3000 3 9 9 1
2 9 0 1 0 0 0 3000 2 11 11 9
2 10 1 1 1 0 0 422 1 9 9 11
2 11 0 1 0 0 0 3000 3 12 12 9
2 12 0 1 0 0 0 3000 3 6 6 12
2 13 1 1 1 0 0 524 1 12 12 6
2 14 1 1 1 0 0 554 1 6 6 12
2 15 0 1 0 0 0 3000 2 7 7 6
2 16 0 1 0 0 0 3000 3 5 5 7
2 17 0 1 0 0 0 3000 3 10 10 5
2 18 1 1 1 0 0 604 1 5 5 10
2 19 0 0 0 0 1 982 2 5 5 5
2 20 0 1 0 0 0 3000 2 7 7 5
2 21 1 1 1 0 0 659 1 5 5 7
2 22 0 1 0 0 0 3000 3 13 13 5
2 23 0 1 0 0 0 3000 3 15 15 13
2 24 1 1 1 0 0 428 1 13 13 15
2 25 1 1 1 0 0 921 1 15 15 13
3 1 0 1 0 0 0 3000 2 3 3 15
3 2 0 1 0 0 0 3000 3 2 2 3
3 3 0 1 0 0 0 3000 2 10 10 2
3 4 0 1 0 0 0 3000 2 5 5 10
3 5 0 1 0 0 0 3000 2 12 12 5
3 6 0 1 0 0 0 3000 2 3 3 12
3 7 0 1 0 0 0 3000 2 6 6 3
3 8 0 1 0 0 0 3000 3 4 4 6
3 9 0 1 0 0 0 3000 3 15 15 4
3 10 0 1 0 0 0 3000 2 14 14 15
3 11 0 1 0 0 0 3000 2 10 10 14
3 12 0 1 0 0 0 3000 3 11 11 10
3 13 0 1 0 0 0 3000 3 1 1 11
3 14 1 1 1 0 0 751 1 11 11 1
3 15 0 1 0 0 0 3000 3 8 8 11
3 16 0 1 0 0 0 3000 2 14 14 8
3 17 1 1 1 0 0 398 1 8 8 14
3 18 1 1 1 0 0 948 1 14 14 8
3 19 0 1 0 0 0 3000 2 1 1 14
3 20 0 1 0 0 0 3000 2 11 11 1
3 21 0 1 0 0 0 3000 2 7 7 11
3 22 0 1 0 0 0 3000 2 13 13 7
3 23 0 1 0 0 0 3000 3 2 2 13
3 24 0 1 0 0 0 3000 2 8 8 2
3 25 0 1 0 0 0 3000 3 3 3 8
