1 1 0 1 0 0 0 3000 2 11 11 0
1 2 0 1 0 0 0 3000 2 14 14 11
1 3 0 0 0 0 1 929 2 3 3 14
1 4 0 1 0 0 0 3000 2 4 4 3
1 5 1 1 1 0 0 533 1 3 3 4
1 6 0 1 0 0 0 3000 2 5 5 3
1 7 1 1 1 0 0 996 1 3 3 5
1 8 1 1 1 0 0 578 1 5 5 3
1 9 0 1 0 0 0 3000 2 8 8 5
1 10 0 1 0 0 0 3000 3 8 8 8
1 11 0 0 0 0 1 1839 3 5 5 8
1 12 0 1 0 0 0 3000 2 13 13 5
1 13 0 1 0 0 0 3000 3 10 10 13
1 14 0 1 0 0 0 3000 3 7 7 10
1 15 1 1 1 0 0 420 1 10 10 7
1 16 0 1 0 0 0 3000 2 15 15 10
1 17 1 1 1 0 0 366 1 10 10 15
1 18 0 1 0 0 0 3000 2 5 5 10
1 19 0 1 0 0 0 3000 2 1 1 5
1 20 0 1 0 0 0 3000 3 11 11 1
1 21 0 1 0 0 0 3000 3 6 6 11
1 22 0 1 0 0 0 3000 3 12 12 6
1 23 0 1 0 0 0 3000 2 3 3 12
1 24 0 1 0 0 0 3000 3 9 9 3
1 25 0 1 0 0 0 3000 3 1 1 9
2 1 0 1 0 0 0 3000 3 3 3 1
2 2 0 1 0 0 0 3000 2 9 9 3
2 3 0 1 0 0 0 3000 3 5 5 9
2 4 0 1 0 0 0 3000 3 5 5 5
2 5 0 1 0 0 0 3000 3 4 4 5
2 6 0 1 0 0 0 3000 2 7 7 4
2 7 0 1 0 0 0 3000 2 10 10 7
2 8 0 1 0 0 0 3000 2 3 3 10
2 9 0 1 0 0 0 3000 2 15 15 3
2 10 0 1 0 0 0 3000 3 5 5 15
2 11 0 1 0 0 0 3000 2 7 7 5
2 12 0 1 0 0 0 3000 2 15 15 7
2 13 0 1 0 0 0 3000 2 13 13 15
2 14 0 1 0 0 0 3000 2 3 3 13
2 15 1 1 1 0 0 499 1 13 13 3
2 16 1 1 1 0 0 1880 1 3 3 13
2 17 0 1 0 0 0 3000 2 9 9 3
2 18 1 1 1 0 0 1142 1 3 3 9
2 19 0 1 0 0 0 3000 3 1 1 3
2 20 0 0 0 0 1 635 3 13 13 1
2 21 0 1 0 0 0 3000 3 13 13 13
2 22 1 1 1 0 0 559 1 13 13 13
2 23 1 1 1 0 0 831 1 13 13 13
2 24 0 1 0 0 0 3000 3 11 11 13
2 25 0 1 0 0 0 3000 2 9 9 11
3 1 0 1 0 0 0 3000 1 15 15 9
3 2 0 1 0 0 0 3000 3 10 10 15
3 3 0 1 0 0 0 3000 2 5 5 10
3 4 0 1 0 0 0 3000 3 4 4 5
3 5 0 1 0 0 0 3000 3 6 6 4
3 6 1 1 1 0 0 490 1 4 4 6
3 7 0 1 0 0 0 3000 2 12 12 4
3 8 1 0 0 1 0 3000 1 4 4 12
3 9 1 1 1 0 0 438 1 12 12 4
3 10 0 0 0 0 1 969 2 13 13 12
3 11 1 0 0 1 0 3000 1 12 12 13
3 12 0 1 0 0 0 3000 2 1 1 12
3 13 0 1 0 0 0 3000 2 6 6 1
3 14 0 1 0 0 0 3000 3 6 6 6
3 15 1 1 1 0 0 405 1 6 6 6
3 16 1 1 1 0 0 932 1 6 6 6
3 17 0 1 0 0 0 3000 2 1 1 6
3 18 0 1 0 0 0 3000 3 15 15 1
3 19 0 1 0 0 0 3000 3 5 5 15
3 20 0 1 0 0 0 3000 2 8 8 5
3 21 1 1 1 0 0 383 1 5 5 8
3 22 1 1 1 0 0 547 1 8 8 5
3 23 1 1 1 0 0 418 1 5 5 8
3 24 0 1 0 0 0 3000 2 11 11 5
3 25 1 1 1 0 0 1231 1 5 5 11
