1 1 0 1 0 0 0 3000 3 2 2 0
1 2 0 1 0 0 0 3000 2 6 6 2
1 3 0 1 0 0 0 3000 3 8 8 6
1 4 0 1 0 0 0 3000 2 11 11 8
1 5 0 1 0 0 0 3000 3 11 11 11
1 6 0 1 0 0 0 3000 3 2 2 11
1 7 0 1 0 0 0 3000 2 15 15 2
1 8 1 0 0 1 0 3000 1 2 2 15
1 9 0 1 0 0 0 3000 2 2 2 2
1 10 0 1 0 0 0 3000 2 6 6 2
1 11 0 1 0 0 0 3000 2 4 4 6
1 12 1 1 1 0 0 610 1 6 6 4
1 13 0 1 0 0 0 3000 3 2 2 6
1 14 1 0 0 1 0 3000 1 6 6 2
1 15 0 1 0 0 0 3000 3 9 9 6
1 16 1 1 1 0 0 586 1 6 6 9
1 17 0 1 0 0 0 3000 2 8 8 6
1 18 0 1 0 0 0 3000 2 4 4 8
1 19 0 1 0 0 0 3000 3 15 15 4
1 20 0 1 0 0 0 3000 3 6 6 15
1 21 0 1 0 0 0 3000 3 11 11 6
1 22 0 1 0 0 0 3000 3 9 9 11
1 23 0 1 0 0 0 3000 2 13 13 9
1 24 1 1 1 0 0 660 1 9 9 13
1 25 0 1 0 0 0 3000 3 5 5 9
2 1 0 1 0 0 0 3000 1 5 5 5
2 2 0 1 0 0 0 3000 3 13 13 5
2 3 0 1 0 0 0 3000 2 7 7 13
2 4 0 1 0 0 0 3000 2 11 11 7
2 5 0 1 0 0 0 3000 3 14 14 11
2 6 0 1 0 0 0 3000 2 8 8 14
2 7 0 1 0 0 0 3000 2 7 7 8
2 8 0 1 0 0 0 3000 3 6 6 7
2 9 0 1 0 0 0 3000 2 12 12 6
2 10 1 1 1 0 0 357 1 6 6 12
2 11 0 1 0 0 0 3000 3 9 9 6
2 12 1 0 0 1 0 3000 1 6 6 9
2 13 0 1 0 0 0 3000 2 11 11 6
2 14 0 0 0 0 1 589 2 11 11 11
2 15 1 0 0 1 0 3000 1 11 11 11
2 16 0 1 0 0 0 3000 2 8 8 11
2 17 0 1 0 0 0 3000 2 1 1 8
2 18 1 1 1 0 0 403 1 8 8 1
2 19 0 1 0 0 0 3000 2 8 8 8
2 20 0 1 0 0 0 3000 2 12 12 8
2 21 1 0 0 1 0 3000 1 8 8 12
2 22 0 1 0 0 0 3000 3 2 2 8
2 23 1 0 0 1 0 3000 1 8 8 2
2 24 1 1 1 0 0 511 1 2 2 8
2 25 1 0 0 1 0 3000 1 8 8 2
3 1 0 1 0 0 0 3000 3 8 8 8
3 2 0 1 0 0 0 3000 3 5 5 8
3 3 0 1 0 0 0 3000 3 5 5 5
3 4 0 1 0 0 0 3000 3 7 7 5
3 5 1 1 1 0 0 570 1 5 5 7
3 6 0 1 0 0 0 3000 2 4 4 5
3 7 0 1 0 0 0 3000 3 4 4 4
3 8 0 1 0 0 0 3000 3 8 8 4
3 9 1 1 1 0 0 345 1 4 4 8
3 10 0 1 0 0 0 3000 2 11 11 4
3 11 0 1 0 0 0 3000 2 11 11 11
3 12 1 1 1 0 0 365 1 11 11 11
3 13 1 0 0 1 0 3000 1 11 11 11
3 14 0 1 0 0 0 3000 2 15 15 11
3 15 1 1 1 0 0 355 1 11 11 15
3 16 1 0 0 1 0 3000 1 15 15 11
3 17 0 1 0 0 0 3000 2 4 4 15
3 18 0 1 0 0 0 3000 2 14 14 4
3 19 0 1 0 0 0 3000 2 11 11 14
3 20 1 0 0 1 0 3000 1 14 14 11
3 21 0 1 0 0 0 3000 2 9 9 14
3 22 1 0 0 1 0 3000 1 14 14 9
3 23 0 1 0 0 0 3000 2 11 11 14
3 24 0 1 0 0 0 3000 2 4 4 11
3 25 0 1 0 0 0 3000 3 5 5 4
