1 1 0 1 0 0 0 3000 2 13 13 0
1 2 0 1 0 0 0 3000 3 6 6 13
1 3 1 1 1 0 0 404 1 13 13 6
1 4 0 1 0 0 0 3000 2 4 4 13
1 5 0 1 0 0 0 3000 2 9 9 4
1 6 1 1 1 0 0 317 1 4 4 9
1 7 0 1 0 0 0 3000 3 15 15 4
1 8 0 1 0 0 0 3000 2 2 2 15
1 9 0 1 0 0 0 3000 2 1 1 2
1 10 0 1 0 0 0 3000 3 5 5 1
1 11 0 1 0 0 0 3000 2 4 4 5
1 12 0 1 0 0 0 3000 2 13 13 4
1 13 0 1 0 0 0 3000 2 5 5 13
1 14 0 0 0 0 1 444 3 8 8 5
1 15 0 1 0 0 0 3000 2 7 7 8
1 16 1 1 1 0 0 453 1 8 8 7
1 17 0 1 0 0 0 3000 3 12 12 8
1 18 0 1 0 0 0 3000 2 13 13 12
1 19 1 0 0 1 0 3000 1 12 12 13
1 20 0 1 0 0 0 3000 2 10 10 12
1 21 0 1 0 0 0 3000 3 2 2 10
1 22 0 1 0 0 0 3000 2 11 11 2
1 23 0 1 0 0 0 3000 3 10 10 11
1 24 1 1 1 0 0 488 1 11 11 10
1 25 0 1 0 0 0 3000 2 4 4 11
2 1 0 1 0 0 0 3000 3 1 1 4
2 2 0 1 0 0 0 3000 3 12 12 1
2 3 1 1 1 0 0 404 1 1 1 12
2 4 0 1 0 0 0 3000 3 14 14 1
2 5 1 0 0 1 0 3000 1 1 1 14
2 6 0 1 0 0 0 3000 3 3 3 1
2 7 0 1 0 0 0 3000 3 12 12 3
2 8 0 1 0 0 0 3000 2 5 5 12
2 9 0 1 0 0 0 3000 2 15 15 5
2 10 0 1 0 0 0 3000 2 13 13 15
2 11 1 1 1 0 0 433 1 15 15 13
2 12 0 1 0 0 0 3000 3 6 6 15
2 13 0 1 0 0 0 3000 3 12 12 6
2 14 0 1 0 0 0 3000 3 8 8 12
2 15 0 1 0 0 0 3000 2 4 4 8
2 16 0 1 0 0 0 3000 3 5 5 4
2 17 0 1 0 0 0 3000 2 8 8 5
2 18 1 1 1 0 0 451 1 5 5 8
2 19 0 1 0 0 0 3000 2 1 1 5
2 20 0 1 0 0 0 3000 2 10 10 1
2 21 0 1 0 0 0 3000 3 7 7 10
2 22 0 1 0 0 0 3000 2 12 12 7
2 23 0 1 0 0 0 3000 3 6 6 12
2 24 0 1 0 0 0 3000 2 15 15 6
2 25 1 1 1 0 0 380 1 6 6 15
3 1 0 1 0 0 0 3000 1 13 13 6
3 2 0 1 0 0 0 3000 2 5 5 13
3 3 1 1 1 0 0 353 1 13 13 5
3 4 1 0 0 1 0 3000 1 5 5 13
3 5 0 1 0 0 0 3000 3 7 7 5
3 6 1 1 1 0 0 307 1 5 5 7
3 7 1 1 1 0 0 403 1 7 7 5
3 8 0 1 0 0 0 3000 3 4 4 7
3 9 0 1 0 0 0 3000 2 12 12 4
3 10 0 1 0 0 0 3000 3 14 14 12
3 11 0 1 0 0 0 3000 3 4 4 14
3 12 1 1 1 0 0 404 1 14 14 4
3 13 0 1 0 0 0 3000 2 12 12 14
3 14 0 1 0 0 0 3000 3 10 10 12
3 15 0 1 0 0 0 3000 2 2 2 10
3 16 0 1 0 0 0 3000 3 8 8 2
3 17 0 1 0 0 0 3000 2 15 15 8
3 18 0 0 0 0 1 512 2 15 15 15
3 19 0 1 0 0 0 3000 2 11 11 15
3 20 0 1 0 0 0 3000 2 13 13 11
3 21 0 1 0 0 0 3000 3 6 6 13
3 22 0 1 0 0 0 3000 3 6 6 6
3 23 1 1 1 0 0 424 1 6 6 6
3 24 1 0 0 1 0 3000 1 6 6 6
3 25 0 1 0 0 0 3000 3 2 2 6
