1 1 0 1 0 0 0 3000 2 7 7 0
1 2 0 1 0 0 0 3000 1 9 9 7
1 3 0 0 0 0 1 1211 2 9 9 9
1 4 1 1 1 0 0 1605 1 9 9 9
1 5 1 1 1 0 0 1281 1 9 9 9
1 6 0 1 0 0 0 3000 2 13 13 9
1 7 1 1 1 0 0 1324 1 9 9 13
1 8 0 1 0 0 0 3000 3 9 9 9
1 9 0 1 0 0 0 3000 3 10 10 9
1 10 1 0 0 1 0 3000 1 9 9 10
1 11 1 0 0 1 0 3000 1 10 10 9
1 12 1 1 1 0 0 763 1 9 9 10
1 13 0 1 0 0 0 3000 2 2 2 9
1 14 0 1 0 0 0 3000 2 13 13 2
1 15 0 1 0 0 0 3000 2 12 12 13
1 16 0 1 0 0 0 3000 2 1 1 12
1 17 1 0 0 1 0 3000 1 12 12 1
1 18 1 0 0 1 0 3000 1 1 1 12
1 19 0 1 0 0 0 3000 3 15 15 1
1 20 0 1 0 0 0 3000 3 10 10 15
1 21 0 1 0 0 0 3000 3 8 8 10
1 22 1 1 1 0 0 359 1 10 10 8
1 23 0 1 0 0 0 3000 2 14 14 10
1 24 1 0 0 1 0 3000 1 10 10 14
1 25 0 1 0 0 0 3000 3 7 7 10
2 1 0 1 0 0 0 3000 3 15 15 7
2 2 0 1 0 0 0 3000 3 8 8 15
2 3 1 1 1 0 0 2196 1 15 15 8
2 4 0 1 0 0 0 3000 2 7 7 15
2 5 0 1 0 0 0 3000 3 7 7 7
2 6 1 1 1 0 0 862 1 7 7 7
2 7 0 1 0 0 0 3000 2 9 9 7
2 8 0 1 0 0 0 3000 3 1 1 9
2 9 0 1 0 0 0 3000 2 12 12 1
2 10 0 1 0 0 0 3000 2 6 6 12
2 11 1 1 1 0 0 959 1 12 12 6
2 12 0 1 0 0 0 3000 2 4 4 12
2 13 0 1 0 0 0 3000 3 3 3 4
2 14 0 1 0 0 0 3000 3 1 1 3
2 15 1 1 1 0 0 1316 1 3 3 1
2 16 0 1 0 0 0 3000 3 8 8 3
2 17 0 1 0 0 0 3000 2 15 15 8
2 18 0 1 0 0 0 3000 2 14 14 15
2 19 0 1 0 0 0 3000 3 2 2 14
2 20 0 1 0 0 0 3000 2 6 6 2
2 21 0 1 0 0 0 3000 2 1 1 6
2 22 0 1 0 0 0 3000 2 3 3 1
2 23 0 0 0 0 1 471 3 3 3 3
2 24 0 1 0 0 0 3000 3 13 13 3
2 25 0 1 0 0 0 3000 3 15 15 13
3 1 0 1 0 0 0 3000 1 1 1 15
3 2 0 1 0 0 0 3000 3 5 5 1
3 3 0 1 0 0 0 3000 3 9 9 5
3 4 1 1 1 0 0 1924 1 5 5 9
3 5 0 1 0 0 0 3000 3 13 13 5
3 6 1 0 0 1 0 3000 1 5 5 13
3 7 0 1 0 0 0 3000 3 1 1 5
3 8 1 1 1 0 0 835 1 5 5 1
3 9 0 1 0 0 0 3000 3 11 11 5
3 10 1 1 1 0 0 2293 1 5 5 11
3 11 1 1 1 0 0 1576 1 11 11 5
3 12 0 1 0 0 0 3000 2 6 6 11
3 13 0 1 0 0 0 3000 2 13 13 6
3 14 0 1 0 0 0 3000 3 9 9 13
3 15 0 1 0 0 0 3000 3 8 8 9
3 16 1 1 1 0 0 1106 1 9 9 8
3 17 1 1 1 0 0 1053 1 8 8 9
3 18 0 1 0 0 0 3000 3 3 3 8
3 19 0 1 0 0 0 3000 3 5 5 3
3 20 1 1 1 0 0 1110 1 3 3 5
3 21 1 1 1 0 0 831 1 5 5 3
3 22 0 1 0 0 0 3000 3 11 11 5
3 23 0 1 0 0 0 3000 3 4 4 11
3 24 0 1 0 0 0 3000 3 15 15 4
3 25 1 1 1 0 0 1275 1 4 4 15
