1 1 0 1 0 0 0 3000 1 12 12 0
1 2 0 1 0 0 0 3000 1 12 12 12
1 3 0 1 0 0 0 3000 2 8 8 12
1 4 0 1 0 0 0 3000 2 14 14 8
1 5 1 1 1 0 0 492 1 8 8 14
1 6 0 1 0 0 0 3000 2 5 5 8
1 7 0 1 0 0 0 3000 3 10 10 5
1 8 0 1 0 0 0 3000 2 1 1 10
1 9 0 0 0 0 1 1629 3 6 6 1
1 10 1 0 0 1 0 3000 1 1 1 6
1 11 0 1 0 0 0 3000 2 15 15 1
1 12 1 1 1 0 0 487 1 1 1 15
1 13 0 1 0 0 0 3000 3 6 6 1
1 14 0 1 0 0 0 3000 3 13 13 6
1 15 0 1 0 0 0 3000 3 15 15 13
1 16 1 1 1 0 0 445 1 13 13 15
1 17 0 1 0 0 0 3000 3 14 14 13
1 18 0 1 0 0 0 3000 2 1 1 14
1 19 1 1 1 0 0 835 1 14 14 1
1 20 0 1 0 0 0 3000 2 4 4 14
1 21 1 1 1 0 0 1667 1 14 14 4
1 22 1 1 1 0 0 1147 1 4 4 14
1 23 0 1 0 0 0 3000 2 4 4 4
1 24 0 1 0 0 0 3000 3 5 5 4
1 25 0 1 0 0 0 3000 3 3 3 5
2 1 0 1 0 0 0 3000 3 4 4 3
2 2 0 1 0 0 0 3000 1 12 12 4
2 3 0 1 0 0 0 3000 2 9 9 12
2 4 0 1 0 0 0 3000 2 11 11 9
2 5 1 1 1 0 0 470 1 9 9 11
2 6 0 1 0 0 0 3000 3 13 13 9
2 7 0 1 0 0 0 3000 3 6 6 13
2 8 1 1 1 0 0 558 1 13 13 6
2 9 0 1 0 0 0 3000 3 7 7 13
2 10 0 1 0 0 0 3000 3 1 1 7
2 11 0 1 0 0 0 3000 2 13 13 1
2 12 0 1 0 0 0 3000 2 10 10 13
2 13 0 1 0 0 0 3000 3 2 2 10
2 14 1 1 1 0 0 493 1 10 10 2
2 15 0 1 0 0 0 3000 2 10 10 10
2 16 0 1 0 0 0 3000 2 8 8 10
2 17 0 1 0 0 0 3000 2 15 15 8
2 18 0 1 0 0 0 3000 3 9 9 15
2 19 0 1 0 0 0 3000 2 10 10 9
2 20 1 1 1 0 0 395 1 9 9 10
2 21 0 1 0 0 0 3000 2 6 6 9
2 22 0 0 0 0 1 1239 2 8 8 6
2 23 0 1 0 0 0 3000 2 12 12 8
2 24 0 1 0 0 0 3000 2 14 14 12
2 25 1 1 1 0 0 367 1 12 12 14
3 1 0 1 0 0 0 3000 1 6 6 12
3 2 0 1 0 0 0 3000 2 4 4 6
3 3 0 1 0 0 0 3000 3 13 13 4
3 4 0 1 0 0 0 3000 2 15 15 13
3 5 0 1 0 0 0 3000 3 7 7 15
3 6 0 1 0 0 0 3000 3 4 4 7
3 7 1 1 1 0 0 576 1 7 7 4
3 8 0 1 0 0 0 3000 2 11 11 7
3 9 0 1 0 0 0 3000 2 3 3 11
3 10 0 1 0 0 0 3000 2 13 13 3
3 11 0 1 0 0 0 3000 2 13 13 13
3 12 0 1 0 0 0 3000 2 6 6 13
3 13 0 1 0 0 0 3000 2 10 10 6
3 14 1 1 1 0 0 661 1 6 6 10
3 15 1 0 0 1 0 3000 1 10 10 6
3 16 0 0 0 0 1 529 3 9 9 10
3 17 0 1 0 0 0 3000 3 12 12 9
3 18 0 1 0 0 0 3000 2 2 2 12
3 19 0 1 0 0 0 3000 2 11 11 2
3 20 1 1 1 0 0 385 1 2 2 11
3 21 0 1 0 0 0 3000 3 14 14 2
3 22 0 1 0 0 0 3000 3 3 3 14
3 23 0 0 0 0 1 1105 2 2 2 3
3 24 1 1 1 0 0 770 1 3 3 2
3 25 0 1 0 0 0 3000 2 12 12 3
