1 1 0 1 0 0 0 3000 3 6 6 0
1 2 0 1 0 0 0 3000 3 6 6 6
1 3 0 1 0 0 0 3000 2 10 10 6
1 4 1 1 1 0 0 447 1 6 6 10
1 5 0 1 0 0 0 3000 3 7 7 6
1 6 1 1 1 0 0 442 1 6 6 7
1 7 0 1 0 0 0 3000 2 3 3 6
1 8 1 0 0 1 0 3000 1 6 6 3
1 9 0 1 0 0 0 3000 3 14 14 6
1 10 0 1 0 0 0 3000 3 9 9 14
1 11 0 1 0 0 0 3000 3 7 7 9
1 12 0 1 0 0 0 3000 3 4 4 7
1 13 0 1 0 0 0 3000 3 9 9 4
1 14 0 1 0 0 0 3000 3 15 15 9
1 15 0 1 0 0 0 3000 2 6 6 15
1 16 0 1 0 0 0 3000 3 10 10 6
1 17 0 1 0 0 0 3000 2 13 13 10
1 18 0 1 0 0 0 3000 2 6 6 13
1 19 1 1 1 0 0 557 1 13 13 6
1 20 0 1 0 0 0 3000 3 12 12 13
1 21 0 1 0 0 0 3000 2 15 15 12
1 22 1 0 0 1 0 3000 1 12 12 15
1 23 0 1 0 0 0 3000 2 11 11 12
1 24 0 1 0 0 0 3000 3 8 8 11
1 25 0 1 0 0 0 3000 2 6 6 8
2 1 0 1 0 0 0 3000 1 7 7 6
2 2 0 1 0 0 0 3000 2 5 5 7
2 3 0 1 0 0 0 3000 3 12 12 5
2 4 1 1 1 0 0 603 1 5 5 12
2 5 0 1 0 0 0 3000 3 4 4 5
2 6 0 1 0 0 0 3000 2 3 3 4
2 7 0 1 0 0 0 3000 3 12 12 3
2 8 0 1 0 0 0 3000 3 10 10 12
2 9 0 1 0 0 0 3000 3 10 10 10
2 10 1 1 1 0 0 589 1 10 10 10
2 11 1 0 0 1 0 3000 1 10 10 10
2 12 1 1 1 0 0 1282 1 10 10 10
2 13 1 0 0 1 0 3000 1 10 10 10
2 14 1 1 1 0 0 677 1 10 10 10
2 15 0 1 0 0 0 3000 3 5 5 10
2 16 0 1 0 0 0 3000 2 5 5 5
2 17 0 0 0 0 1 1281 2 10 10 5
2 18 0 1 0 0 0 3000 3 8 8 10
2 19 0 1 0 0 0 3000 3 1 1 8
2 20 0 1 0 0 0 3000 2 5 5 1
2 21 1 1 1 0 0 535 1 1 1 5
2 22 1 0 0 1 0 3000 1 5 5 1
2 23 0 1 0 0 0 3000 3 10 10 5
2 24 1 1 1 0 0 397 1 5 5 10
2 25 0 1 0 0 0 3000 2 9 9 5
3 1 0 1 0 0 0 3000 2 11 11 9
3 2 0 1 0 0 0 3000 1 11 11 11
3 3 0 1 0 0 0 3000 2 12 12 11
3 4 0 1 0 0 0 3000 3 7 7 12
3 5 0 1 0 0 0 3000 3 3 3 7
3 6 0 1 0 0 0 3000 3 3 3 3
3 7 1 1 1 0 0 776 1 3 3 3
3 8 0 1 0 0 0 3000 3 14 14 3
3 9 0 1 0 0 0 3000 3 7 7 14
3 10 0 1 0 0 0 3000 2 5 5 7
3 11 0 1 0 0 0 3000 2 13 13 5
3 12 0 1 0 0 0 3000 3 12 12 13
3 13 1 1 1 0 0 582 1 13 13 12
3 14 0 1 0 0 0 3000 2 5 5 13
3 15 1 1 1 0 0 584 1 13 13 5
3 16 0 1 0 0 0 3000 2 12 12 13
3 17 0 1 0 0 0 3000 3 14 14 12
3 18 0 1 0 0 0 3000 3 9 9 14
3 19 1 1 1 0 0 785 1 14 14 9
3 20 0 1 0 0 0 3000 3 14 14 14
3 21 1 1 1 0 0 623 1 14 14 14
3 22 1 1 1 0 0 2202 1 14 14 14
3 23 0 1 0 0 0 3000 3 3 3 14
3 24 0 1 0 0 0 3000 3 12 12 3
3 25 0 1 0 0 0 3000 3 6 6 12
