1 1 0 1 0 0 0 3000 3 5 5 0
1 2 0 1 0 0 0 3000 2 4 4 5
1 3 0 1 0 0 0 3000 3 1 1 4
1 4 0 1 0 0 0 3000 3 9 9 1
1 5 0 1 0 0 0 3000 2 12 12 9
1 6 0 1 0 0 0 3000 3 11 11 12
1 7 0 1 0 0 0 3000 2 11 11 11
1 8 0 1 0 0 0 3000 2 8 8 11
1 9 0 1 0 0 0 3000 3 1 1 8
1 10 0 0 0 0 1 535 3 11 11 1
1 11 1 0 0 1 0 3000 1 1 1 11
1 12 0 1 0 0 0 3000 3 14 14 1
1 13 1 1 1 0 0 411 1 1 1 14
1 14 1 1 1 0 0 890 1 14 14 1
1 15 0 1 0 0 0 3000 3 6 6 14
1 16 1 1 1 0 0 503 1 14 14 6
1 17 0 1 0 0 0 3000 2 4 4 14
1 18 0 1 0 0 0 3000 2 1 1 4
1 19 1 1 1 0 0 449 1 4 4 1
1 20 0 1 0 0 0 3000 2 6 6 4
1 21 0 1 0 0 0 3000 2 2 2 6
1 22 0 1 0 0 0 3000 3 10 10 2
1 23 0 1 0 0 0 3000 3 14 14 10
1 24 1 1 1 0 0 593 1 10 10 14
1 25 0 1 0 0 0 3000 2 11 11 10
2 1 0 1 0 0 0 3000 2 4 4 11
2 2 0 1 0 0 0 3000 1 8 8 4
2 3 1 0 0 1 0 3000 1 4 4 8
2 4 0 1 0 0 0 3000 3 5 5 4
2 5 0 1 0 0 0 3000 2 8 8 5
2 6 0 1 0 0 0 3000 2 15 15 8
2 7 1 1 1 0 0 493 1 8 8 15
2 8 0 1 0 0 0 3000 3 8 8 8
2 9 0 1 0 0 0 3000 3 4 4 8
2 10 0 1 0 0 0 3000 2 11 11 4
2 11 1 1 1 0 0 1833 1 4 4 11
2 12 0 1 0 0 0 3000 2 7 7 4
2 13 1 1 1 0 0 624 1 4 4 7
2 14 1 1 1 0 0 681 1 7 7 4
2 15 0 1 0 0 0 3000 3 10 10 7
2 16 1 1 1 0 0 469 1 7 7 10
2 17 1 1 1 0 0 738 1 10 10 7
2 18 1 1 1 0 0 537 1 7 7 10
2 19 0 1 0 0 0 3000 3 3 3 7
2 20 1 1 1 0 0 579 1 7 7 3
2 21 1 1 1 0 0 514 1 3 3 7
2 22 0 1 0 0 0 3000 3 12 12 3
2 23 0 1 0 0 0 3000 2 13 13 12
2 24 0 1 0 0 0 3000 2 1 1 13
2 25 1 1 1 0 0 423 1 13 13 1
3 1 0 1 0 0 0 3000 1 12 12 13
3 2 0 1 0 0 0 3000 2 4 4 12
3 3 0 1 0 0 0 3000 2 8 8 4
3 4 0 1 0 0 0 3000 3 11 11 8
3 5 0 1 0 0 0 3000 2 10 10 11
3 6 0 1 0 0 0 3000 2 1 1 10
3 7 0 1 0 0 0 3000 2 11 11 1
3 8 1 1 1 0 0 375 1 1 1 11
3 9 0 1 0 0 0 3000 2 3 3 1
3 10 0 1 0 0 0 3000 3 8 8 3
3 11 0 1 0 0 0 3000 2 15 15 8
3 12 0 1 0 0 0 3000 3 12 12 15
3 13 0 1 0 0 0 3000 2 8 8 12
3 14 0 1 0 0 0 3000 3 13 13 8
3 15 0 1 0 0 0 3000 3 13 13 13
3 16 1 1 1 0 0 2018 1 13 13 13
3 17 1 1 1 0 0 851 1 13 13 13
3 18 0 1 0 0 0 3000 3 2 2 13
3 19 0 1 0 0 0 3000 3 7 7 2
3 20 1 1 1 0 0 598 1 2 2 7
3 21 0 0 0 0 1 887 3 8 8 2
3 22 0 0 0 0 1 1033 2 7 7 8
3 23 0 1 0 0 0 3000 3 10 10 7
3 24 0 1 0 0 0 3000 3 5 5 10
3 25 0 1 0 0 0 3000 3 15 15 5
