1 1 0 1 0 0 0 3000 1 1 1 0
1 2 0 1 0 0 0 3000 3 4 4 1
1 3 0 1 0 0 0 3000 3 15 15 4
1 4 0 1 0 0 0 3000 2 1 1 15
1 5 0 1 0 0 0 3000 3 6 6 1
1 6 0 1 0 0 0 3000 3 15 15 6
1 7 1 1 1 0 0 804 1 6 6 15
1 8 1 0 0 1 0 3000 1 15 15 6
1 9 1 1 1 0 0 325 1 6 6 15
1 10 0 1 0 0 0 3000 2 14 14 6
1 11 0 1 0 0 0 3000 3 7 7 14
1 12 1 1 1 0 0 469 1 14 14 7
1 13 1 1 1 0 0 424 1 7 7 14
1 14 0 1 0 0 0 3000 2 8 8 7
1 15 1 1 1 0 0 393 1 7 7 8
1 16 0 1 0 0 0 3000 2 12 12 7
1 17 0 1 0 0 0 3000 3 5 5 12
1 18 1 1 1 0 0 383 1 12 12 5
1 19 1 1 1 0 0 493 1 5 5 12
1 20 1 1 1 0 0 459 1 12 12 5
1 21 0 1 0 0 0 3000 2 11 11 12
1 22 1 1 1 0 0 656 1 12 12 11
1 23 1 1 1 0 0 439 1 11 11 12
1 24 1 1 1 0 0 384 1 12 12 11
1 25 0 1 0 0 0 3000 2 3 3 12
2 1 0 1 0 0 0 3000 3 13 13 3
2 2 0 1 0 0 0 3000 3 1 1 13
2 3 1 1 1 0 0 377 1 13 13 1
2 4 0 1 0 0 0 3000 3 9 9 13
2 5 1 1 1 0 0 388 1 13 13 9
2 6 1 1 1 0 0 386 1 9 9 13
2 7 1 1 1 0 0 413 1 13 13 9
2 8 0 1 0 0 0 3000 3 8 8 13
2 9 0 1 0 0 0 3000 2 12 12 8
2 10 0 1 0 0 0 3000 3 15 15 12
2 11 0 1 0 0 0 3000 2 15 15 15
2 12 1 1 1 0 0 423 1 15 15 15
2 13 0 1 0 0 0 3000 3 4 4 15
2 14 0 1 0 0 0 3000 2 1 1 4
2 15 0 1 0 0 0 3000 2 6 6 1
2 16 1 1 1 0 0 350 1 1 1 6
2 17 1 1 1 0 0 997 1 6 6 1
2 18 0 1 0 0 0 3000 2 9 9 6
2 19 0 1 0 0 0 3000 3 4 4 9
2 20 1 1 1 0 0 350 1 9 9 4
2 21 0 0 0 0 1 610 3 9 9 9
2 22 1 0 0 1 0 3000 1 9 9 9
2 23 0 1 0 0 0 3000 2 5 5 9
2 24 0 1 0 0 0 3000 2 14 14 5
2 25 0 1 0 0 0 3000 3 4 4 14
3 1 0 1 0 0 0 3000 1 13 13 4
3 2 0 1 0 0 0 3000 3 6 6 13
3 3 0 1 0 0 0 3000 2 8 8 6
3 4 0 1 0 0 0 3000 2 7 7 8
3 5 1 1 1 0 0 374 1 8 8 7
3 6 0 1 0 0 0 3000 2 3 3 8
3 7 0 1 0 0 0 3000 2 14 14 3
3 8 0 1 0 0 0 3000 3 12 12 14
3 9 1 1 1 0 0 428 1 14 14 12
3 10 1 1 1 0 0 451 1 12 12 14
3 11 1 1 1 0 0 428 1 14 14 12
3 12 1 1 1 0 0 343 1 12 12 14
3 13 0 1 0 0 0 3000 2 12 12 12
3 14 0 1 0 0 0 3000 2 14 14 12
3 15 0 1 0 0 0 3000 3 7 7 14
3 16 0 1 0 0 0 3000 3 10 10 7
3 17 1 1 1 0 0 371 1 7 7 10
3 18 0 1 0 0 0 3000 2 2 2 7
3 19 0 1 0 0 0 3000 2 2 2 2
3 20 0 1 0 0 0 3000 3 8 8 2
3 21 0 1 0 0 0 3000 2 6 6 8
3 22 1 1 1 0 0 420 1 8 8 6
3 23 0 1 0 0 0 3000 3 7 7 8
3 24 0 1 0 0 0 3000 2 6 6 7
3 25 0 1 0 0 0 3000 3 13 13 6
