1 1 0 1 0 0 0 3000 3 8 8 0
1 2 0 1 0 0 0 3000 2 1 1 8
1 3 0 1 0 0 0 3000 2 6 6 1
1 4 1 0 0 1 0 3000 1 1 1 6
1 5 0 1 0 0 0 3000 2 15 15 1
1 6 0 1 0 0 0 3000 3 12 12 15
1 7 0 1 0 0 0 3000 2 8 8 12
1 8 1 0 0 1 0 3000 1 12 12 8
1 9 0 1 0 0 0 3000 3 2 2 12
1 10 0 1 0 0 0 3000 3 15 15 2
1 11 1 1 1 0 0 972 1 2 2 15
1 12 0 1 0 0 0 3000 3 6 6 2
1 13 0 1 0 0 0 3000 3 15 15 6
1 14 1 0 0 1 0 3000 1 6 6 15
1 15 0 1 0 0 0 3000 3 12 12 6
1 16 0 1 0 0 0 3000 2 13 13 12
1 17 0 1 0 0 0 3000 2 15 15 13
1 18 0 1 0 0 0 3000 3 8 8 15
1 19 0 1 0 0 0 3000 3 3 3 8
1 20 0 1 0 0 0 3000 3 10 10 3
1 21 1 0 0 1 0 3000 1 3 3 10
1 22 0 1 0 0 0 3000 3 12 12 3
1 23 1 0 0 1 0 3000 1 3 3 12
1 24 1 0 0 1 0 3000 1 12 12 3
1 25 0 1 0 0 0 3000 2 14 14 12
2 1 0 1 0 0 0 3000 3 2 2 14
2 2 0 1 0 0 0 3000 1 12 12 2
2 3 0 1 0 0 0 3000 3 6 6 12
2 4 0 0 0 0 1 1482 3 1 1 6
2 5 0 1 0 0 0 3000 2 13 13 1
2 6 0 1 0 0 0 3000 2 7 7 13
2 7 1 1 1 0 0 748 1 13 13 7
2 8 1 0 0 1 0 3000 1 7 7 13
2 9 0 1 0 0 0 3000 3 10 10 7
2 10 1 1 1 0 0 539 1 7 7 10
2 11 0 1 0 0 0 3000 2 14 14 7
2 12 0 1 0 0 0 3000 2 3 3 14
2 13 0 1 0 0 0 3000 3 2 2 3
2 14 0 0 0 0 1 554 2 14 14 2
2 15 1 0 0 1 0 3000 1 2 2 14
2 16 1 0 0 1 0 3000 1 14 14 2
2 17 0 1 0 0 0 3000 2 4 4 14
2 18 0 1 0 0 0 3000 3 12 12 4
2 19 1 0 0 1 0 3000 1 4 4 12
2 20 0 0 0 0 1 734 3 14 14 4
2 21 0 1 0 0 0 3000 2 14 14 14
2 22 0 1 0 0 0 3000 3 7 7 14
2 23 0 1 0 0 0 3000 3 1 1 7
2 24 0 1 0 0 0 3000 2 10 10 1
2 25 1 1 1 0 0 610 1 1 1 10
3 1 0 1 0 0 0 3000 3 2 2 1
3 2 0 1 0 0 0 3000 3 9 9 2
3 3 0 1 0 0 0 3000 2 7 7 9
3 4 1 1 1 0 0 1134 1 9 9 7
3 5 0 1 0 0 0 3000 2 9 9 9
3 6 0 1 0 0 0 3000 2 10 10 9
3 7 0 1 0 0 0 3000 2 7 7 10
3 8 0 1 0 0 0 3000 2 2 2 7
3 9 0 1 0 0 0 3000 3 12 12 2
3 10 0 1 0 0 0 3000 3 13 13 12
3 11 0 1 0 0 0 3000 3 3 3 13
3 12 1 1 1 0 0 763 1 13 13 3
3 13 1 0 0 1 0 3000 1 3 3 13
3 14 0 1 0 0 0 3000 3 5 5 3
3 15 0 1 0 0 0 3000 2 1 1 5
3 16 0 1 0 0 0 3000 3 15 15 1
3 17 1 0 0 1 0 3000 1 1 1 15
3 18 0 1 0 0 0 3000 2 12 12 1
3 19 0 0 0 0 1 524 3 10 10 12
3 20 1 1 1 0 0 1071 1 12 12 10
3 21 0 1 0 0 0 3000 3 7 7 12
3 22 0 1 0 0 0 3000 3 9 9 7
3 23 1 1 1 0 0 901 1 7 7 9
3 24 0 1 0 0 0 3000 2 8 8 7
3 25 1 1 1 0 0 599 1 7 7 8
