1 1 0 1 0 0 0 3000 3 9 9 0
1 2 0 1 0 0 0 3000 1 13 13 9
1 3 1 1 1 0 0 511 1 9 9 13
1 4 0 1 0 0 0 3000 3 5 5 9
1 5 0 1 0 0 0 3000 2 13 13 5
1 6 1 1 1 0 0 523 1 5 5 13
1 7 0 1 0 0 0 3000 3 10 10 5
1 8 0 1 0 0 0 3000 2 4 4 10
1 9 1 1 1 0 0 482 1 10 10 4
1 10 1 0 0 1 0 3000 1 4 4 10
1 11 0 1 0 0 0 3000 2 12 12 4
1 12 1 1 1 0 0 413 1 4 4 12
1 13 0 1 0 0 0 3000 2 15 15 4
1 14 0 1 0 0 0 3000 2 7 7 15
1 15 1 1 1 0 0 375 1 15 15 7
1 16 0 1 0 0 0 3000 3 2 2 15
1 17 0 1 0 0 0 3000 3 5 5 2
1 18 0 1 0 0 0 3000 3 11 11 5
1 19 0 1 0 0 0 3000 2 8 8 11
1 20 1 1 1 0 0 562 1 11 11 8
1 21 0 0 0 0 1 2255 2 11 11 11
1 22 1 1 1 0 0 694 1 11 11 11
1 23 0 1 0 0 0 3000 2 13 13 11
1 24 0 1 0 0 0 3000 3 14 14 13
1 25 1 1 1 0 0 389 1 13 13 14
2 1 0 1 0 0 0 3000 3 8 8 13
2 2 0 1 0 0 0 3000 1 10 10 8
2 3 1 1 1 0 0 288 1 8 8 10
2 4 1 0 0 1 0 3000 1 10 10 8
2 5 0 1 0 0 0 3000 2 14 14 10
2 6 1 1 1 0 0 422 1 10 10 14
2 7 0 0 0 0 1 1845 3 10 10 10
2 8 1 1 1 0 0 281 1 10 10 10
2 9 1 1 1 0 0 491 1 10 10 10
2 10 0 1 0 0 0 3000 2 13 13 10
2 11 0 1 0 0 0 3000 3 9 9 13
2 12 1 1 1 0 0 307 1 13 13 9
2 13 0 1 0 0 0 3000 3 7 7 13
2 14 1 1 1 0 0 410 1 13 13 7
2 15 0 1 0 0 0 3000 2 8 8 13
2 16 0 1 0 0 0 3000 2 1 1 8
2 17 0 1 0 0 0 3000 3 14 14 1
2 18 0 1 0 0 0 3000 2 4 4 14
2 19 0 1 0 0 0 3000 3 3 3 4
2 20 1 1 1 0 0 338 1 4 4 3
2 21 0 1 0 0 0 3000 3 12 12 4
2 22 0 1 0 0 0 3000 3 7 7 12
2 23 1 1 1 0 0 381 1 12 12 7
2 24 0 1 0 0 0 3000 3 11 11 12
2 25 0 1 0 0 0 3000 2 15 15 11
3 1 0 1 0 0 0 3000 1 9 9 15
3 2 0 1 0 0 0 3000 3 12 12 9
3 3 0 1 0 0 0 3000 3 4 4 12
3 4 1 1 1 0 0 964 1 12 12 4
3 5 1 1 1 0 0 996 1 4 4 12
3 6 0 1 0 0 0 3000 2 5 5 4
3 7 1 1 1 0 0 459 1 4 4 5
3 8 0 1 0 0 0 3000 3 15 15 4
3 9 0 0 0 0 1 679 2 5 5 15
3 10 1 1 1 0 0 1090 1 15 15 5
3 11 0 1 0 0 0 3000 3 1 1 15
3 12 0 1 0 0 0 3000 3 5 5 1
3 13 1 1 1 0 0 601 1 1 1 5
3 14 1 1 1 0 0 607 1 5 5 1
3 15 0 1 0 0 0 3000 3 11 11 5
3 16 0 0 0 0 1 595 3 12 12 11
3 17 0 1 0 0 0 3000 3 14 14 12
3 18 0 0 0 0 1 599 2 4 4 14
3 19 0 0 0 0 1 583 3 1 1 4
3 20 1 1 1 0 0 583 1 4 4 1
3 21 1 1 1 0 0 711 1 1 1 4
3 22 0 0 0 0 1 714 2 1 1 1
3 23 0 1 0 0 0 3000 2 8 8 1
3 24 0 1 0 0 0 3000 2 15 15 8
3 25 0 1 0 0 0 3000 2 7 7 15
