1 1 0 1 0 0 0 3000 3 9 9 0
1 2 0 1 0 0 0 3000 2 8 8 9
1 3 0 1 0 0 0 3000 3 11 11 8
1 4 1 1 1 0 0 411 1 8 8 11
1 5 0 1 0 0 0 3000 3 14 14 8
1 6 0 1 0 0 0 3000 2 10 10 14
1 7 0 1 0 0 0 3000 3 13 13 10
1 8 0 1 0 0 0 3000 3 12 12 13
1 9 1 1 1 0 0 425 1 13 13 12
1 10 1 1 1 0 0 634 1 12 12 13
1 11 1 0 0 1 0 3000 1 13 13 12
1 12 1 0 0 1 0 3000 1 12 12 13
1 13 0 1 0 0 0 3000 2 12 12 12
1 14 1 1 1 0 0 402 1 12 12 12
1 15 0 1 0 0 0 3000 3 3 3 12
1 16 0 1 0 0 0 3000 2 15 15 3
1 17 0 1 0 0 0 3000 3 9 9 15
1 18 1 1 1 0 0 834 1 15 15 9
1 19 1 1 1 0 0 371 1 9 9 15
1 20 0 1 0 0 0 3000 2 3 3 9
1 21 1 0 0 1 0 3000 1 9 9 3
1 22 0 1 0 0 0 3000 2 15 15 9
1 23 0 1 0 0 0 3000 3 4 4 15
1 24 0 1 0 0 0 3000 3 6 6 4
1 25 0 1 0 0 0 3000 2 14 14 6
2 1 0 1 0 0 0 3000 1 12 12 14
2 2 0 1 0 0 0 3000 3 1 1 12
2 3 1 1 1 0 0 420 1 12 12 1
2 4 0 1 0 0 0 3000 3 14 14 12
2 5 1 1 1 0 0 423 1 12 12 14
2 6 0 1 0 0 0 3000 3 13 13 12
2 7 1 1 1 0 0 418 1 12 12 13
2 8 0 1 0 0 0 3000 3 3 3 12
2 9 0 1 0 0 0 3000 3 4 4 3
2 10 1 1 1 0 0 477 1 3 3 4
2 11 0 1 0 0 0 3000 2 2 2 3
2 12 0 1 0 0 0 3000 3 12 12 2
2 13 1 1 1 0 0 430 1 2 2 12
2 14 0 1 0 0 0 3000 2 9 9 2
2 15 0 1 0 0 0 3000 3 6 6 9
2 16 0 1 0 0 0 3000 3 11 11 6
2 17 1 1 1 0 0 461 1 6 6 11
2 18 1 1 1 0 0 1184 1 11 11 6
2 19 0 1 0 0 0 3000 2 5 5 11
2 20 1 1 1 0 0 346 1 11 11 5
2 21 1 1 1 0 0 1218 1 5 5 11
2 22 0 1 0 0 0 3000 2 2 2 5
2 23 0 0 0 0 1 651 3 6 6 2
2 24 0 0 0 0 1 1264 2 6 6 6
2 25 0 1 0 0 0 3000 2 11 11 6
3 1 0 1 0 0 0 3000 2 11 11 11
3 2 0 1 0 0 0 3000 1 15 15 11
3 3 0 1 0 0 0 3000 3 9 9 15
3 4 1 1 1 0 0 634 1 15 15 9
3 5 0 1 0 0 0 3000 2 4 4 15
3 6 1 1 1 0 0 430 1 15 15 4
3 7 0 1 0 0 0 3000 3 8 8 15
3 8 0 1 0 0 0 3000 3 7 7 8
3 9 0 1 0 0 0 3000 3 2 2 7
3 10 0 1 0 0 0 3000 2 5 5 2
3 11 0 1 0 0 0 3000 3 12 12 5
3 12 1 1 1 0 0 753 1 5 5 12
3 13 1 1 1 0 0 647 1 12 12 5
3 14 1 1 1 0 0 798 1 5 5 12
3 15 0 1 0 0 0 3000 3 10 10 5
3 16 0 1 0 0 0 3000 3 3 3 10
3 17 0 1 0 0 0 3000 2 8 8 3
3 18 1 1 1 0 0 409 1 3 3 8
3 19 0 1 0 0 0 3000 2 6 6 3
3 20 1 1 1 0 0 608 1 3 3 6
3 21 0 0 0 0 1 853 3 3 3 3
3 22 0 1 0 0 0 3000 3 14 14 3
3 23 1 1 1 0 0 580 1 3 3 14
3 24 1 1 1 0 0 406 1 14 14 3
3 25 0 1 0 0 0 3000 3 2 2 14
