1 1 0 1 0 0 0 3000 3 11 11 0
1 2 0 1 0 0 0 3000 2 8 8 11
1 3 0 1 0 0 0 3000 3 4 4 8
1 4 0 1 0 0 0 3000 3 7 7 4
1 5 0 1 0 0 0 3000 3 10 10 7
1 6 0 1 0 0 0 3000 3 5 5 10
1 7 1 1 1 0 0 554 1 10 10 5
1 8 0 1 0 0 0 3000 2 1 1 10
1 9 0 1 0 0 0 3000 3 1 1 1
1 10 1 1 1 0 0 466 1 1 1 1
1 11 0 1 0 0 0 3000 3 2 2 1
1 12 0 1 0 0 0 3000 3 15 15 2
1 13 1 0 0 1 0 3000 1 2 2 15
1 14 0 1 0 0 0 3000 3 7 7 2
1 15 0 1 0 0 0 3000 2 8 8 7
1 16 1 1 1 0 0 401 1 7 7 8
1 17 0 1 0 0 0 3000 3 4 4 7
1 18 1 1 1 0 0 466 1 7 7 4
1 19 1 1 1 0 0 993 1 4 4 7
1 20 0 1 0 0 0 3000 2 11 11 4
1 21 0 1 0 0 0 3000 2 8 8 11
1 22 0 1 0 0 0 3000 3 2 2 8
1 23 1 1 1 0 0 396 1 8 8 2
1 24 0 1 0 0 0 3000 2 9 9 8
1 25 0 1 0 0 0 3000 3 6 6 9
2 1 0 1 0 0 0 3000 2 6 6 6
2 2 0 1 0 0 0 3000 1 11 11 6
2 3 1 1 1 0 0 451 1 6 6 11
2 4 0 1 0 0 0 3000 2 13 13 6
2 5 0 1 0 0 0 3000 3 1 1 13
2 6 0 1 0 0 0 3000 3 1 1 1
2 7 0 1 0 0 0 3000 2 7 7 1
2 8 1 1 1 0 0 403 1 1 1 7
2 9 0 1 0 0 0 3000 2 12 12 1
2 10 0 1 0 0 0 3000 2 5 5 12
2 11 0 1 0 0 0 3000 2 9 9 5
2 12 1 1 1 0 0 397 1 5 5 9
2 13 1 1 1 0 0 624 1 9 9 5
2 14 0 1 0 0 0 3000 3 6 6 9
2 15 0 1 0 0 0 3000 3 4 4 6
2 16 1 1 1 0 0 390 1 6 6 4
2 17 0 1 0 0 0 3000 3 15 15 6
2 18 1 0 0 1 0 3000 1 6 6 15
2 19 1 1 1 0 0 563 1 15 15 6
2 20 0 1 0 0 0 3000 2 8 8 15
2 21 1 1 1 0 0 551 1 15 15 8
2 22 0 1 0 0 0 3000 3 6 6 15
2 23 1 1 1 0 0 552 1 15 15 6
2 24 0 1 0 0 0 3000 2 14 14 15
2 25 0 1 0 0 0 3000 2 3 3 14
3 1 0 1 0 0 0 3000 2 10 10 3
3 2 0 1 0 0 0 3000 2 11 11 10
3 3 0 1 0 0 0 3000 2 14 14 11
3 4 1 1 1 0 0 396 1 11 11 14
3 5 0 1 0 0 0 3000 3 2 2 11
3 6 0 1 0 0 0 3000 3 6 6 2
3 7 0 1 0 0 0 3000 3 12 12 6
3 8 0 1 0 0 0 3000 3 7 7 12
3 9 0 1 0 0 0 3000 2 11 11 7
3 10 0 1 0 0 0 3000 2 9 9 11
3 11 1 1 1 0 0 395 1 11 11 9
3 12 0 1 0 0 0 3000 3 1 1 11
3 13 1 1 1 0 0 400 1 11 11 1
3 14 0 1 0 0 0 3000 2 14 14 11
3 15 1 1 1 0 0 413 1 11 11 14
3 16 1 0 0 1 0 3000 1 14 14 11
3 17 1 1 1 0 0 351 1 11 11 14
3 18 1 0 0 1 0 3000 1 14 14 11
3 19 0 1 0 0 0 3000 3 2 2 14
3 20 0 1 0 0 0 3000 2 2 2 2
3 21 0 1 0 0 0 3000 2 3 3 2
3 22 0 1 0 0 0 3000 3 8 8 3
3 23 1 1 1 0 0 444 1 3 3 8
3 24 0 1 0 0 0 3000 2 11 11 3
3 25 0 1 0 0 0 3000 2 2 2 11
