1 1 0 1 0 0 0 3000 3 7 7 0
1 2 0 1 0 0 0 3000 1 15 15 7
1 3 1 1 1 0 0 938 1 7 7 15
1 4 0 1 0 0 0 3000 2 11 11 7
1 5 1 1 1 0 0 792 1 7 7 11
1 6 0 1 0 0 0 3000 2 4 4 7
1 7 1 1 1 0 0 406 1 7 7 4
1 8 1 0 0 1 0 3000 1 4 4 7
1 9 0 1 0 0 0 3000 3 1 1 4
1 10 1 1 1 0 0 885 1 4 4 1
1 11 0 1 0 0 0 3000 3 6 6 4
1 12 0 1 0 0 0 3000 2 15 15 6
1 13 1 1 1 0 0 533 1 6 6 15
1 14 1 1 1 0 0 1495 1 15 15 6
1 15 0 1 0 0 0 3000 2 8 8 15
1 16 1 0 0 1 0 3000 1 15 15 8
1 17 1 1 1 0 0 2067 1 8 8 15
1 18 0 1 0 0 0 3000 3 11 11 8
1 19 1 1 1 0 0 400 1 8 8 11
1 20 0 1 0 0 0 3000 2 3 3 8
1 21 0 1 0 0 0 3000 3 10 10 3
1 22 1 1 1 0 0 451 1 3 3 10
1 23 0 1 0 0 0 3000 2 11 11 3
1 24 0 1 0 0 0 3000 3 13 13 11
1 25 1 1 1 0 0 311 1 11 11 13
2 1 0 1 0 0 0 3000 1 9 9 11
2 2 0 1 0 0 0 3000 2 7 7 9
2 3 0 1 0 0 0 3000 2 12 12 7
2 4 1 1 1 0 0 394 1 7 7 12
2 5 0 1 0 0 0 3000 2 4 4 7
2 6 0 1 0 0 0 3000 2 10 10 4
2 7 0 0 0 0 1 500 3 10 10 10
2 8 1 1 1 0 0 412 1 10 10 10
2 9 1 1 1 0 0 1145 1 10 10 10
2 10 0 1 0 0 0 3000 3 14 14 10
2 11 0 1 0 0 0 3000 2 9 9 14
2 12 0 1 0 0 0 3000 2 9 9 9
2 13 0 1 0 0 0 3000 2 5 5 9
2 14 1 1 1 0 0 379 1 9 9 5
2 15 0 1 0 0 0 3000 2 13 13 9
2 16 0 1 0 0 0 3000 2 4 4 13
2 17 1 1 1 0 0 1588 1 13 13 4
2 18 1 1 1 0 0 851 1 4 4 13
2 19 0 1 0 0 0 3000 3 1 1 4
2 20 0 1 0 0 0 3000 3 9 9 1
2 21 1 1 1 0 0 1581 1 1 1 9
2 22 0 1 0 0 0 3000 3 4 4 1
2 23 0 1 0 0 0 3000 3 6 6 4
2 24 0 1 0 0 0 3000 3 9 9 6
2 25 1 1 1 0 0 765 1 6 6 9
3 1 0 1 0 0 0 3000 1 7 7 6
3 2 0 1 0 0 0 3000 1 5 5 7
3 3 0 1 0 0 0 3000 3 10 10 5
3 4 0 1 0 0 0 3000 3 8 8 10
3 5 1 1 1 0 0 1691 1 10 10 8
3 6 1 1 1 0 0 664 1 8 8 10
3 7 0 1 0 0 0 3000 3 12 12 8
3 8 0 1 0 0 0 3000 2 6 6 12
3 9 1 1 1 0 0 530 1 12 12 6
3 10 0 1 0 0 0 3000 2 12 12 12
3 11 1 0 0 1 0 3000 1 12 12 12
3 12 0 1 0 0 0 3000 2 2 2 12
3 13 1 1 1 0 0 333 1 12 12 2
3 14 1 1 1 0 0 560 1 2 2 12
3 15 1 1 1 0 0 645 1 12 12 2
3 16 0 1 0 0 0 3000 3 14 14 12
3 17 1 1 1 0 0 360 1 12 12 14
3 18 0 1 0 0 0 3000 2 9 9 12
3 19 0 0 0 0 1 2206 2 14 14 9
3 20 1 1 1 0 0 995 1 9 9 14
3 21 1 1 1 0 0 869 1 14 14 9
3 22 1 1 1 0 0 618 1 9 9 14
3 23 0 1 0 0 0 3000 3 10 10 9
3 24 1 1 1 0 0 789 1 9 9 10
3 25 0 1 0 0 0 3000 3 7 7 9
