1 1 0 1 0 0 0 3000 3 7 7 0
1 2 0 1 0 0 0 3000 2 1 1 7
1 3 1 1 1 0 0 524 1 7 7 1
1 4 0 1 0 0 0 3000 2 7 7 7
1 5 1 0 0 1 0 3000 1 7 7 7
1 6 0 1 0 0 0 3000 2 14 14 7
1 7 0 1 0 0 0 3000 3 14 14 14
1 8 0 0 0 0 1 2587 2 7 7 14
1 9 0 1 0 0 0 3000 2 6 6 7
1 10 0 1 0 0 0 3000 3 11 11 6
1 11 0 1 0 0 0 3000 2 13 13 11
1 12 1 0 0 1 0 3000 1 11 11 13
1 13 0 1 0 0 0 3000 2 14 14 11
1 14 0 1 0 0 0 3000 2 13 13 14
1 15 1 1 1 0 0 941 1 14 14 13
1 16 0 1 0 0 0 3000 3 10 10 14
1 17 0 1 0 0 0 3000 3 9 9 10
1 18 0 1 0 0 0 3000 3 9 9 9
1 19 0 1 0 0 0 3000 3 11 11 9
1 20 1 1 1 0 0 681 1 9 9 11
1 21 0 1 0 0 0 3000 2 15 15 9
1 22 0 1 0 0 0 3000 2 5 5 15
1 23 1 1 1 0 0 395 1 15 15 5
1 24 1 0 0 1 0 3000 1 5 5 15
1 25 1 1 1 0 0 1792 1 15 15 5
2 1 0 1 0 0 0 3000 3 2 2 15
2 2 0 1 0 0 0 3000 1 11 11 2
2 3 1 1 1 0 0 405 1 2 2 11
2 4 0 1 0 0 0 3000 2 13 13 2
2 5 1 1 1 0 0 466 1 2 2 13
2 6 1 1 1 0 0 665 1 13 13 2
2 7 0 1 0 0 0 3000 2 13 13 13
2 8 1 1 1 0 0 722 1 13 13 13
2 9 0 1 0 0 0 3000 2 5 5 13
2 10 1 1 1 0 0 599 1 13 13 5
2 11 1 1 1 0 0 514 1 5 5 13
2 12 1 1 1 0 0 638 1 13 13 5
2 13 0 1 0 0 0 3000 3 14 14 13
2 14 0 1 0 0 0 3000 3 10 10 14
2 15 0 1 0 0 0 3000 3 3 3 10
2 16 1 1 1 0 0 1309 1 10 10 3
2 17 1 1 1 0 0 1250 1 3 3 10
2 18 1 0 0 1 0 3000 1 10 10 3
2 19 0 1 0 0 0 3000 3 9 9 10
2 20 0 1 0 0 0 3000 3 5 5 9
2 21 1 1 1 0 0 463 1 9 9 5
2 22 1 1 1 0 0 632 1 5 5 9
2 23 0 1 0 0 0 3000 2 1 1 5
2 24 0 1 0 0 0 3000 2 9 9 1
2 25 0 1 0 0 0 3000 2 7 7 9
3 1 0 1 0 0 0 3000 3 1 1 7
3 2 0 1 0 0 0 3000 2 1 1 1
3 3 0 1 0 0 0 3000 3 3 3 1
3 4 0 1 0 0 0 3000 3 6 6 3
3 5 1 1 1 0 0 394 1 3 3 6
3 6 0 1 0 0 0 3000 2 14 14 3
3 7 0 0 0 0 1 431 3 6 6 14
3 8 0 1 0 0 0 3000 2 2 2 6
3 9 1 1 1 0 0 527 1 6 6 2
3 10 1 1 1 0 0 553 1 2 2 6
3 11 0 1 0 0 0 3000 3 12 12 2
3 12 0 1 0 0 0 3000 2 14 14 12
3 13 0 1 0 0 0 3000 2 8 8 14
3 14 1 1 1 0 0 415 1 14 14 8
3 15 0 1 0 0 0 3000 2 2 2 14
3 16 0 1 0 0 0 3000 3 6 6 2
3 17 1 1 1 0 0 740 1 2 2 6
3 18 1 1 1 0 0 1342 1 6 6 2
3 19 1 1 1 0 0 1088 1 2 2 6
3 20 1 1 1 0 0 521 1 6 6 2
3 21 1 1 1 0 0 553 1 2 2 6
3 22 0 1 0 0 0 3000 2 10 10 2
3 23 0 1 0 0 0 3000 2 12 12 10
3 24 1 1 1 0 0 505 1 10 10 12
3 25 0 1 0 0 0 3000 3 11 11 10
