1 1 0 1 0 0 0 3000 3 14 14 0
1 2 0 1 0 0 0 3000 2 12 12 14
1 3 0 1 0 0 0 3000 3 3 3 12
1 4 0 1 0 0 0 3000 3 6 6 3
1 5 1 1 1 0 0 2779 1 3 3 6
1 6 0 1 0 0 0 3000 2 3 3 3
1 7 0 1 0 0 0 3000 2 1 1 3
1 8 0 1 0 0 0 3000 2 15 15 1
1 9 1 1 1 0 0 606 1 1 1 15
1 10 0 1 0 0 0 3000 3 1 1 1
1 11 1 1 1 0 0 669 1 1 1 1
1 12 0 1 0 0 0 3000 2 13 13 1
1 13 0 1 0 0 0 3000 2 9 9 13
1 14 0 1 0 0 0 3000 3 8 8 9
1 15 0 1 0 0 0 3000 3 5 5 8
1 16 1 1 1 0 0 850 1 8 8 5
1 17 1 0 0 1 0 3000 1 5 5 8
1 18 0 0 0 0 1 866 3 15 15 5
1 19 1 1 1 0 0 745 1 5 5 15
1 20 0 1 0 0 0 3000 2 7 7 5
1 21 0 1 0 0 0 3000 3 1 1 7
1 22 1 1 1 0 0 575 1 7 7 1
1 23 0 1 0 0 0 3000 2 4 4 7
1 24 0 1 0 0 0 3000 3 1 1 4
1 25 1 0 0 1 0 3000 1 4 4 1
2 1 0 1 0 0 0 3000 3 12 12 4
2 2 0 1 0 0 0 3000 1 12 12 12
2 3 0 1 0 0 0 3000 2 13 13 12
2 4 0 1 0 0 0 3000 3 1 1 13
2 5 0 1 0 0 0 3000 2 14 14 1
2 6 1 1 1 0 0 554 1 1 1 14
2 7 0 1 0 0 0 3000 2 9 9 1
2 8 0 0 0 0 1 836 2 12 12 9
2 9 1 0 0 1 0 3000 1 9 9 12
2 10 0 1 0 0 0 3000 3 11 11 9
2 11 1 1 1 0 0 550 1 9 9 11
2 12 0 1 0 0 0 3000 2 9 9 9
2 13 0 0 0 0 1 703 3 14 14 9
2 14 1 1 1 0 0 786 1 9 9 14
2 15 0 1 0 0 0 3000 3 15 15 9
2 16 0 1 0 0 0 3000 3 11 11 15
2 17 0 1 0 0 0 3000 3 2 2 11
2 18 0 1 0 0 0 3000 2 2 2 2
2 19 1 1 1 0 0 410 1 2 2 2
2 20 0 1 0 0 0 3000 3 10 10 2
2 21 0 1 0 0 0 3000 3 4 4 10
2 22 1 1 1 0 0 550 1 10 10 4
2 23 0 1 0 0 0 3000 3 13 13 10
2 24 0 1 0 0 0 3000 3 11 11 13
2 25 0 1 0 0 0 3000 2 7 7 11
3 1 0 1 0 0 0 3000 2 10 10 7
3 2 0 1 0 0 0 3000 3 13 13 10
3 3 1 1 1 0 0 641 1 10 10 13
3 4 0 1 0 0 0 3000 2 5 5 10
3 5 1 1 1 0 0 1599 1 10 10 5
3 6 1 0 0 1 0 3000 1 5 5 10
3 7 0 1 0 0 0 3000 3 12 12 5
3 8 0 1 0 0 0 3000 3 3 3 12
3 9 0 1 0 0 0 3000 3 15 15 3
3 10 0 1 0 0 0 3000 3 8 8 15
3 11 0 1 0 0 0 3000 2 1 1 8
3 12 0 1 0 0 0 3000 3 5 5 1
3 13 0 1 0 0 0 3000 2 10 10 5
3 14 0 1 0 0 0 3000 2 15 15 10
3 15 1 1 1 0 0 1096 1 10 10 15
3 16 0 1 0 0 0 3000 2 13 13 10
3 17 0 1 0 0 0 3000 3 7 7 13
3 18 1 1 1 0 0 624 1 13 13 7
3 19 0 1 0 0 0 3000 2 4 4 13
3 20 1 1 1 0 0 640 1 13 13 4
3 21 1 1 1 0 0 942 1 4 4 13
3 22 1 1 1 0 0 925 1 13 13 4
3 23 1 1 1 0 0 471 1 4 4 13
3 24 1 1 1 0 0 428 1 13 13 4
3 25 0 1 0 0 0 3000 2 13 13 13
