1 1 0 1 0 0 0 3000 3 6 6 0
1 2 0 1 0 0 0 3000 1 4 4 6
1 3 0 1 0 0 0 3000 3 10 10 4
1 4 0 1 0 0 0 3000 2 12 12 10
1 5 0 1 0 0 0 3000 3 8 8 12
1 6 1 1 1 0 0 580 1 12 12 8
1 7 0 1 0 0 0 3000 3 11 11 12
1 8 0 1 0 0 0 3000 2 11 11 11
1 9 0 1 0 0 0 3000 2 9 9 11
1 10 0 1 0 0 0 3000 2 6 6 9
1 11 1 1 1 0 0 372 1 9 9 6
1 12 0 1 0 0 0 3000 3 4 4 9
1 13 1 1 1 0 0 369 1 9 9 4
1 14 0 1 0 0 0 3000 3 13 13 9
1 15 0 0 0 0 1 433 3 4 4 13
1 16 0 0 0 0 1 1709 3 9 9 4
1 17 1 1 1 0 0 911 1 4 4 9
1 18 1 0 0 1 0 3000 1 9 9 4
1 19 0 1 0 0 0 3000 3 12 12 9
1 20 0 1 0 0 0 3000 3 11 11 12
1 21 0 1 0 0 0 3000 2 5 5 11
1 22 1 1 1 0 0 453 1 11 11 5
1 23 0 1 0 0 0 3000 2 13 13 11
1 24 0 1 0 0 0 3000 2 3 3 13
1 25 1 1 1 0 0 556 1 13 13 3
2 1 0 1 0 0 0 3000 1 14 14 13
2 2 0 1 0 0 0 3000 1 11 11 14
2 3 0 1 0 0 0 3000 2 10 10 11
2 4 0 1 0 0 0 3000 3 10 10 10
2 5 1 1 1 0 0 518 1 10 10 10
2 6 1 1 1 0 0 854 1 10 10 10
2 7 0 1 0 0 0 3000 2 4 4 10
2 8 0 1 0 0 0 3000 3 15 15 4
2 9 1 1 1 0 0 362 1 4 4 15
2 10 1 1 1 0 0 834 1 15 15 4
2 11 0 1 0 0 0 3000 2 10 10 15
2 12 0 1 0 0 0 3000 3 9 9 10
2 13 1 1 1 0 0 369 1 10 10 9
2 14 0 1 0 0 0 3000 3 15 15 10
2 15 0 1 0 0 0 3000 2 5 5 15
2 16 0 1 0 0 0 3000 3 9 9 5
2 17 0 1 0 0 0 3000 3 14 14 9
2 18 0 0 0 0 1 503 2 14 14 14
2 19 0 1 0 0 0 3000 2 10 10 14
2 20 0 1 0 0 0 3000 3 3 3 10
2 21 0 1 0 0 0 3000 3 13 13 3
2 22 1 1 1 0 0 1346 1 3 3 13
2 23 0 1 0 0 0 3000 3 2 2 3
2 24 0 1 0 0 0 3000 3 10 10 2
2 25 0 1 0 0 0 3000 3 3 3 10
3 1 0 1 0 0 0 3000 3 9 9 3
3 2 0 1 0 0 0 3000 1 1 1 9
3 3 0 1 0 0 0 3000 2 15 15 1
3 4 0 1 0 0 0 3000 3 7 7 15
3 5 0 1 0 0 0 3000 2 3 3 7
3 6 0 1 0 0 0 3000 3 4 4 3
3 7 1 1 1 0 0 1027 1 3 3 4
3 8 1 1 1 0 0 1562 1 4 4 3
3 9 0 1 0 0 0 3000 3 13 13 4
3 10 1 1 1 0 0 513 1 4 4 13
3 11 0 1 0 0 0 3000 3 10 10 4
3 12 0 1 0 0 0 3000 3 7 7 10
3 13 1 1 1 0 0 687 1 10 10 7
3 14 1 1 1 0 0 656 1 7 7 10
3 15 1 1 1 0 0 335 1 10 10 7
3 16 0 1 0 0 0 3000 3 14 14 10
3 17 0 1 0 0 0 3000 2 2 2 14
3 18 0 1 0 0 0 3000 2 3 3 2
3 19 0 1 0 0 0 3000 2 13 13 3
3 20 1 1 1 0 0 919 1 3 3 13
3 21 0 1 0 0 0 3000 2 11 11 3
3 22 0 1 0 0 0 3000 3 15 15 11
3 23 0 1 0 0 0 3000 3 14 14 15
3 24 0 1 0 0 0 3000 3 7 7 14
3 25 0 0 0 0 1 519 2 11 11 7
