1 1 0 1 0 0 0 3000 2 3 3 0
1 2 0 1 0 0 0 3000 1 11 11 3
1 3 1 1 1 0 0 491 1 3 3 11
1 4 0 1 0 0 0 3000 2 1 1 3
1 5 1 1 1 0 0 544 1 3 3 1
1 6 0 1 0 0 0 3000 2 11 11 3
1 7 0 1 0 0 0 3000 3 9 9 11
1 8 0 1 0 0 0 3000 3 10 10 9
1 9 0 1 0 0 0 3000 2 14 14 10
1 10 1 0 0 1 0 3000 1 10 10 14
1 11 1 1 1 0 0 525 1 14 14 10
1 12 0 1 0 0 0 3000 2 7 7 14
1 13 0 1 0 0 0 3000 2 15 15 7
1 14 0 1 0 0 0 3000 3 15 15 15
1 15 1 1 1 0 0 387 1 15 15 15
1 16 1 1 1 0 0 383 1 15 15 15
1 17 1 1 1 0 0 408 1 15 15 15
1 18 1 1 1 0 0 322 1 15 15 15
1 19 1 1 1 0 0 310 1 15 15 15
1 20 0 1 0 0 0 3000 3 14 14 15
1 21 1 1 1 0 0 499 1 15 15 14
1 22 1 1 1 0 0 402 1 14 14 15
1 23 0 1 0 0 0 3000 2 5 5 14
1 24 0 1 0 0 0 3000 3 9 9 5
1 25 0 1 0 0 0 3000 3 9 9 9
2 1 0 1 0 0 0 3000 3 11 11 9
2 2 0 1 0 0 0 3000 2 7 7 11
2 3 0 1 0 0 0 3000 3 10 10 7
2 4 0 1 0 0 0 3000 2 6 6 10
2 5 1 1 1 0 0 473 1 10 10 6
2 6 0 1 0 0 0 3000 2 5 5 10
2 7 0 1 0 0 0 3000 3 12 12 5
2 8 0 1 0 0 0 3000 2 12 12 12
2 9 1 1 1 0 0 395 1 12 12 12
2 10 0 1 0 0 0 3000 3 15 15 12
2 11 0 1 0 0 0 3000 3 1 1 15
2 12 1 1 1 0 0 444 1 15 15 1
2 13 1 1 1 0 0 503 1 1 1 15
2 14 0 1 0 0 0 3000 2 9 9 1
2 15 0 1 0 0 0 3000 2 7 7 9
2 16 0 1 0 0 0 3000 2 12 12 7
2 17 1 1 1 0 0 409 1 7 7 12
2 18 0 1 0 0 0 3000 3 14 14 7
2 19 1 1 1 0 0 625 1 7 7 14
2 20 1 1 1 0 0 552 1 14 14 7
2 21 1 1 1 0 0 402 1 7 7 14
2 22 1 1 1 0 0 383 1 14 14 7
2 23 1 1 1 0 0 480 1 7 7 14
2 24 0 1 0 0 0 3000 3 13 13 7
2 25 0 1 0 0 0 3000 3 3 3 13
3 1 0 1 0 0 0 3000 3 5 5 3
3 2 0 1 0 0 0 3000 1 9 9 5
3 3 0 1 0 0 0 3000 2 12 12 9
3 4 1 1 1 0 0 1076 1 9 9 12
3 5 0 1 0 0 0 3000 2 4 4 9
3 6 0 1 0 0 0 3000 2 7 7 4
3 7 0 1 0 0 0 3000 3 8 8 7
3 8 0 1 0 0 0 3000 2 6 6 8
3 9 0 1 0 0 0 3000 2 13 13 6
3 10 1 1 1 0 0 337 1 6 6 13
3 11 0 1 0 0 0 3000 3 2 2 6
3 12 1 1 1 0 0 359 1 6 6 2
3 13 0 1 0 0 0 3000 3 10 10 6
3 14 0 1 0 0 0 3000 2 12 12 10
3 15 0 1 0 0 0 3000 2 8 8 12
3 16 0 1 0 0 0 3000 2 6 6 8
3 17 0 1 0 0 0 3000 3 7 7 6
3 18 0 1 0 0 0 3000 3 11 11 7
3 19 1 1 1 0 0 480 1 7 7 11
3 20 1 1 1 0 0 482 1 11 11 7
3 21 0 1 0 0 0 3000 2 8 8 11
3 22 0 1 0 0 0 3000 3 5 5 8
3 23 0 1 0 0 0 3000 2 3 3 5
3 24 1 1 1 0 0 417 1 5 5 3
3 25 0 0 0 0 1 507 3 5 5 5
