1 1 0 1 0 0 0 3000 3 6 6 0
1 2 0 1 0 0 0 3000 2 5 5 6
1 3 0 1 0 0 0 3000 3 14 14 5
1 4 1 1 1 0 0 672 1 5 5 14
1 5 0 1 0 0 0 3000 3 15 15 5
1 6 0 1 0 0 0 3000 2 9 9 15
1 7 1 1 1 0 0 389 1 15 15 9
1 8 0 1 0 0 0 3000 2 15 15 15
1 9 1 0 0 1 0 3000 1 15 15 15
1 10 0 1 0 0 0 3000 2 8 8 15
1 11 1 1 1 0 0 431 1 15 15 8
1 12 0 1 0 0 0 3000 3 11 11 15
1 13 0 1 0 0 0 3000 2 4 4 11
1 14 0 1 0 0 0 3000 3 6 6 4
1 15 0 1 0 0 0 3000 3 1 1 6
1 16 0 1 0 0 0 3000 3 13 13 1
1 17 0 1 0 0 0 3000 3 14 14 13
1 18 1 1 1 0 0 611 1 13 13 14
1 19 0 1 0 0 0 3000 2 1 1 13
1 20 0 1 0 0 0 3000 2 15 15 1
1 21 1 1 1 0 0 421 1 1 1 15
1 22 0 1 0 0 0 3000 2 13 13 1
1 23 0 1 0 0 0 3000 2 14 14 13
1 24 0 1 0 0 0 3000 2 12 12 14
1 25 1 1 1 0 0 390 1 14 14 12
2 1 0 1 0 0 0 3000 1 7 7 14
2 2 0 1 0 0 0 3000 1 6 6 7
2 3 0 1 0 0 0 3000 3 4 4 6
2 4 0 1 0 0 0 3000 2 8 8 4
2 5 0 1 0 0 0 3000 3 9 9 8
2 6 0 1 0 0 0 3000 3 15 15 9
2 7 0 1 0 0 0 3000 3 10 10 15
2 8 0 1 0 0 0 3000 3 12 12 10
2 9 0 1 0 0 0 3000 3 1 1 12
2 10 0 1 0 0 0 3000 2 3 3 1
2 11 0 1 0 0 0 3000 3 8 8 3
2 12 0 1 0 0 0 3000 3 4 4 8
2 13 0 1 0 0 0 3000 2 1 1 4
2 14 0 1 0 0 0 3000 2 2 2 1
2 15 1 1 1 0 0 422 1 1 1 2
2 16 1 0 0 1 0 3000 1 2 2 1
2 17 0 1 0 0 0 3000 2 14 14 2
2 18 0 1 0 0 0 3000 3 15 15 14
2 19 0 1 0 0 0 3000 2 7 7 15
2 20 1 1 1 0 0 949 1 15 15 7
2 21 1 0 0 1 0 3000 1 7 7 15
2 22 0 1 0 0 0 3000 3 3 3 7
2 23 0 0 0 0 1 920 3 15 15 3
2 24 1 0 0 1 0 3000 1 3 3 15
2 25 0 1 0 0 0 3000 2 11 11 3
3 1 0 1 0 0 0 3000 3 11 11 11
3 2 0 1 0 0 0 3000 2 2 2 11
3 3 0 1 0 0 0 3000 2 7 7 2
3 4 1 1 1 0 0 394 1 2 2 7
3 5 1 1 1 0 0 448 1 7 7 2
3 6 0 1 0 0 0 3000 3 6 6 7
3 7 1 1 1 0 0 530 1 7 7 6
3 8 0 1 0 0 0 3000 3 11 11 7
3 9 0 1 0 0 0 3000 3 13 13 11
3 10 0 1 0 0 0 3000 2 2 2 13
3 11 1 1 1 0 0 407 1 13 13 2
3 12 1 1 1 0 0 791 1 2 2 13
3 13 0 1 0 0 0 3000 2 5 5 2
3 14 0 1 0 0 0 3000 3 1 1 5
3 15 0 1 0 0 0 3000 3 3 3 1
3 16 1 1 1 0 0 738 1 1 1 3
3 17 1 0 0 1 0 3000 1 3 3 1
3 18 1 1 1 0 0 664 1 1 1 3
3 19 1 1 1 0 0 1106 1 3 3 1
3 20 0 1 0 0 0 3000 3 6 6 3
3 21 1 1 1 0 0 494 1 3 3 6
3 22 0 1 0 0 0 3000 3 5 5 3
3 23 0 1 0 0 0 3000 3 15 15 5
3 24 0 1 0 0 0 3000 3 9 9 15
3 25 0 1 0 0 0 3000 3 6 6 9
