1 1 0 1 0 0 0 3000 3 13 13 0
1 2 0 1 0 0 0 3000 3 2 2 13
1 3 0 1 0 0 0 3000 2 2 2 2
1 4 1 0 0 1 0 3000 1 2 2 2
1 5 1 0 0 1 0 3000 1 2 2 2
1 6 0 0 0 0 1 1196 3 13 13 2
1 7 0 1 0 0 0 3000 3 14 14 13
1 8 1 1 1 0 0 2960 1 13 13 14
1 9 1 1 1 0 0 819 1 14 14 13
1 10 1 0 0 1 0 3000 1 13 13 14
1 11 0 1 0 0 0 3000 3 1 1 13
1 12 0 1 0 0 0 3000 2 9 9 1
1 13 0 1 0 0 0 3000 3 9 9 9
1 14 1 1 1 0 0 878 1 9 9 9
1 15 0 1 0 0 0 3000 3 1 1 9
1 16 0 1 0 0 0 3000 2 15 15 1
1 17 0 1 0 0 0 3000 2 13 13 15
1 18 1 0 0 1 0 3000 1 15 15 13
1 19 0 1 0 0 0 3000 3 14 14 15
1 20 1 0 0 1 0 3000 1 15 15 14
1 21 0 1 0 0 0 3000 3 8 8 15
1 22 0 1 0 0 0 3000 3 4 4 8
1 23 1 1 1 0 0 724 1 8 8 4
1 24 0 1 0 0 0 3000 3 10 10 8
1 25 0 1 0 0 0 3000 3 13 13 10
2 1 0 1 0 0 0 3000 2 4 4 13
2 2 0 1 0 0 0 3000 2 8 8 4
2 3 1 1 1 0 0 719 1 4 4 8
2 4 0 1 0 0 0 3000 2 14 14 4
2 5 1 0 0 1 0 3000 1 4 4 14
2 6 1 1 1 0 0 602 1 14 14 4
2 7 1 0 0 1 0 3000 1 4 4 14
2 8 0 1 0 0 0 3000 3 13 13 4
2 9 0 1 0 0 0 3000 2 10 10 13
2 10 0 1 0 0 0 3000 3 8 8 10
2 11 1 0 0 1 0 3000 1 10 10 8
2 12 0 1 0 0 0 3000 3 2 2 10
2 13 0 1 0 0 0 3000 2 9 9 2
2 14 1 1 1 0 0 613 1 2 2 9
2 15 0 0 0 0 1 1600 3 2 2 2
2 16 0 1 0 0 0 3000 3 6 6 2
2 17 0 1 0 0 0 3000 2 15 15 6
2 18 0 0 0 0 1 1151 2 7 7 15
2 19 1 1 1 0 0 877 1 15 15 7
2 20 0 1 0 0 0 3000 3 9 9 15
2 21 0 1 0 0 0 3000 3 4 4 9
2 22 0 1 0 0 0 3000 2 13 13 4
2 23 0 1 0 0 0 3000 2 8 8 13
2 24 0 1 0 0 0 3000 3 3 3 8
2 25 1 1 1 0 0 865 1 8 8 3
3 1 0 1 0 0 0 3000 3 14 14 8
3 2 0 1 0 0 0 3000 2 11 11 14
3 3 0 1 0 0 0 3000 2 7 7 11
3 4 0 1 0 0 0 3000 3 10 10 7
3 5 0 1 0 0 0 3000 3 15 15 10
3 6 1 1 1 0 0 468 1 10 10 15
3 7 0 1 0 0 0 3000 3 4 4 10
3 8 0 1 0 0 0 3000 2 6 6 4
3 9 0 1 0 0 0 3000 2 11 11 6
3 10 0 1 0 0 0 3000 2 12 12 11
3 11 0 1 0 0 0 3000 2 1 1 12
3 12 0 1 0 0 0 3000 2 9 9 1
3 13 0 0 0 0 1 1025 2 12 12 9
3 14 1 1 1 0 0 983 1 9 9 12
3 15 0 1 0 0 0 3000 2 11 11 9
3 16 1 1 1 0 0 692 1 9 9 11
3 17 0 0 0 0 1 1583 2 12 12 9
3 18 0 1 0 0 0 3000 2 12 12 12
3 19 0 1 0 0 0 3000 2 13 13 12
3 20 0 1 0 0 0 3000 2 1 1 13
3 21 0 1 0 0 0 3000 2 15 15 1
3 22 0 0 0 0 1 601 2 15 15 15
3 23 1 0 0 1 0 3000 1 15 15 15
3 24 0 1 0 0 0 3000 2 7 7 15
3 25 0 1 0 0 0 3000 3 8 8 7
