1 1 0 1 0 0 0 3000 1 6 6 0
1 2 0 1 0 0 0 3000 1 15 15 6
1 3 0 1 0 0 0 3000 3 15 15 15
1 4 0 0 0 0 1 623 3 3 3 15
1 5 0 1 0 0 0 3000 2 3 3 3
1 6 0 1 0 0 0 3000 3 8 8 3
1 7 0 1 0 0 0 3000 2 15 15 8
1 8 0 0 0 0 1 514 2 3 3 15
1 9 0 1 0 0 0 3000 3 14 14 3
1 10 0 1 0 0 0 3000 3 7 7 14
1 11 0 1 0 0 0 3000 3 4 4 7
1 12 1 1 1 0 0 502 1 7 7 4
1 13 0 1 0 0 0 3000 3 1 1 7
1 14 0 1 0 0 0 3000 2 8 8 1
1 15 0 1 0 0 0 3000 2 6 6 8
1 16 1 1 1 0 0 743 1 8 8 6
1 17 0 1 0 0 0 3000 2 14 14 8
1 18 0 1 0 0 0 3000 3 11 11 14
1 19 0 1 0 0 0 3000 2 3 3 11
1 20 0 0 0 0 1 567 3 2 2 3
1 21 0 1 0 0 0 3000 3 11 11 2
1 22 1 0 0 1 0 3000 1 2 2 11
1 23 0 1 0 0 0 3000 2 2 2 2
1 24 1 1 1 0 0 482 1 2 2 2
1 25 1 0 0 1 0 3000 1 2 2 2
2 1 0 1 0 0 0 3000 1 10 10 2
2 2 0 1 0 0 0 3000 3 8 8 10
2 3 0 1 0 0 0 3000 3 5 5 8
2 4 1 1 1 0 0 505 1 8 8 5
2 5 0 1 0 0 0 3000 2 8 8 8
2 6 0 1 0 0 0 3000 3 14 14 8
2 7 0 1 0 0 0 3000 3 9 9 14
2 8 1 1 1 0 0 406 1 14 14 9
2 9 0 1 0 0 0 3000 2 12 12 14
2 10 1 0 0 1 0 3000 1 14 14 12
2 11 0 1 0 0 0 3000 2 11 11 14
2 12 0 1 0 0 0 3000 3 7 7 11
2 13 0 1 0 0 0 3000 3 4 4 7
2 14 0 1 0 0 0 3000 3 4 4 4
2 15 1 1 1 0 0 431 1 4 4 4
2 16 0 1 0 0 0 3000 2 15 15 4
2 17 0 1 0 0 0 3000 3 9 9 15
2 18 0 1 0 0 0 3000 3 12 12 9
2 19 1 1 1 0 0 367 1 9 9 12
2 20 1 0 0 1 0 3000 1 12 12 9
2 21 0 1 0 0 0 3000 2 6 6 12
2 22 0 1 0 0 0 3000 3 3 3 6
2 23 1 1 1 0 0 465 1 6 6 3
2 24 0 1 0 0 0 3000 2 6 6 6
2 25 0 1 0 0 0 3000 2 1 1 6
3 1 0 1 0 0 0 3000 1 10 10 1
3 2 0 1 0 0 0 3000 3 7 7 10
3 3 0 0 0 0 1 463 3 7 7 7
3 4 0 1 0 0 0 3000 3 14 14 7
3 5 1 0 0 1 0 3000 1 7 7 14
3 6 0 1 0 0 0 3000 2 10 10 7
3 7 1 1 1 0 0 367 1 7 7 10
3 8 0 1 0 0 0 3000 2 14 14 7
3 9 0 1 0 0 0 3000 3 2 2 14
3 10 0 1 0 0 0 3000 2 12 12 2
3 11 0 1 0 0 0 3000 3 3 3 12
3 12 0 0 0 0 1 638 2 3 3 3
3 13 0 1 0 0 0 3000 3 5 5 3
3 14 0 0 0 0 1 2208 3 14 14 5
3 15 0 1 0 0 0 3000 3 3 3 14
3 16 0 1 0 0 0 3000 3 13 13 3
3 17 0 1 0 0 0 3000 3 14 14 13
3 18 0 1 0 0 0 3000 3 5 5 14
3 19 0 1 0 0 0 3000 2 6 6 5
3 20 0 1 0 0 0 3000 3 12 12 6
3 21 1 1 1 0 0 1846 1 6 6 12
3 22 0 1 0 0 0 3000 3 10 10 6
3 23 0 1 0 0 0 3000 2 1 1 10
3 24 0 1 0 0 0 3000 2 9 9 1
3 25 0 1 0 0 0 3000 3 7 7 9
