1 1 0 1 0 0 0 3000 3 3 3 0
1 2 0 1 0 0 0 3000 1 8 8 3
1 3 0 1 0 0 0 3000 3 6 6 8
1 4 0 1 0 0 0 3000 2 11 11 6
1 5 0 1 0 0 0 3000 3 2 2 11
1 6 1 0 0 1 0 3000 1 11 11 2
1 7 0 1 0 0 0 3000 2 14 14 11
1 8 0 0 0 0 1 1216 3 8 8 14
1 9 0 0 0 0 1 711 3 11 11 8
1 10 0 1 0 0 0 3000 3 5 5 11
1 11 0 1 0 0 0 3000 2 2 2 5
1 12 0 1 0 0 0 3000 2 10 10 2
1 13 0 1 0 0 0 3000 2 14 14 10
1 14 1 1 1 0 0 1836 1 10 10 14
1 15 1 0 0 1 0 3000 1 14 14 10
1 16 0 1 0 0 0 3000 3 2 2 14
1 17 0 1 0 0 0 3000 2 9 9 2
1 18 0 1 0 0 0 3000 3 13 13 9
1 19 1 1 1 0 0 429 1 9 9 13
1 20 0 1 0 0 0 3000 2 2 2 9
1 21 0 0 0 0 1 627 2 2 2 2
1 22 1 0 0 1 0 3000 1 2 2 2
1 23 0 1 0 0 0 3000 2 11 11 2
1 24 0 1 0 0 0 3000 3 1 1 11
1 25 0 1 0 0 0 3000 2 15 15 1
2 1 0 1 0 0 0 3000 3 10 10 15
2 2 0 1 0 0 0 3000 1 4 4 10
2 3 0 1 0 0 0 3000 2 15 15 4
2 4 0 1 0 0 0 3000 3 9 9 15
2 5 0 1 0 0 0 3000 2 11 11 9
2 6 1 1 1 0 0 509 1 9 9 11
2 7 1 1 1 0 0 393 1 11 11 9
2 8 0 1 0 0 0 3000 2 13 13 11
2 9 1 0 0 1 0 3000 1 11 11 13
2 10 1 1 1 0 0 485 1 13 13 11
2 11 0 1 0 0 0 3000 2 7 7 13
2 12 0 1 0 0 0 3000 3 9 9 7
2 13 0 1 0 0 0 3000 3 2 2 9
2 14 0 1 0 0 0 3000 3 11 11 2
2 15 0 1 0 0 0 3000 3 8 8 11
2 16 0 1 0 0 0 3000 2 7 7 8
2 17 0 1 0 0 0 3000 2 3 3 7
2 18 0 1 0 0 0 3000 3 3 3 3
2 19 0 1 0 0 0 3000 2 11 11 3
2 20 0 1 0 0 0 3000 3 14 14 11
2 21 0 1 0 0 0 3000 2 9 9 14
2 22 0 1 0 0 0 3000 3 15 15 9
2 23 1 1 1 0 0 338 1 9 9 15
2 24 0 1 0 0 0 3000 3 7 7 9
2 25 0 1 0 0 0 3000 3 12 12 7
3 1 0 1 0 0 0 3000 2 13 13 12
3 2 0 1 0 0 0 3000 1 9 9 13
3 3 0 1 0 0 0 3000 2 15 15 9
3 4 0 1 0 0 0 3000 3 4 4 15
3 5 0 1 0 0 0 3000 2 2 2 4
3 6 1 1 1 0 0 296 1 4 4 2
3 7 0 1 0 0 0 3000 2 4 4 4
3 8 0 1 0 0 0 3000 2 14 14 4
3 9 0 1 0 0 0 3000 3 9 9 14
3 10 1 1 1 0 0 380 1 14 14 9
3 11 1 1 1 0 0 485 1 9 9 14
3 12 0 1 0 0 0 3000 3 11 11 9
3 13 0 1 0 0 0 3000 3 11 11 11
3 14 1 1 1 0 0 313 1 11 11 11
3 15 0 1 0 0 0 3000 2 14 14 11
3 16 1 0 0 1 0 3000 1 11 11 14
3 17 0 1 0 0 0 3000 2 1 1 11
3 18 0 0 0 0 1 387 3 14 14 1
3 19 0 1 0 0 0 3000 2 13 13 14
3 20 0 1 0 0 0 3000 2 10 10 13
3 21 1 1 1 0 0 329 1 13 13 10
3 22 0 1 0 0 0 3000 3 12 12 13
3 23 1 1 1 0 0 506 1 13 13 12
3 24 0 1 0 0 0 3000 2 9 9 13
3 25 0 1 0 0 0 3000 3 11 11 9
