1 1 0 1 0 0 0 3000 3 14 14 0
1 2 0 1 0 0 0 3000 3 12 12 14
1 3 0 1 0 0 0 3000 2 15 15 12
1 4 0 1 0 0 0 3000 3 8 8 15
1 5 0 1 0 0 0 3000 2 2 2 8
1 6 0 1 0 0 0 3000 3 5 5 2
1 7 0 1 0 0 0 3000 3 5 5 5
1 8 0 1 0 0 0 3000 3 11 11 5
1 9 0 0 0 0 1 824 3 2 2 11
1 10 0 1 0 0 0 3000 3 10 10 2
1 11 0 1 0 0 0 3000 3 5 5 10
1 12 0 1 0 0 0 3000 3 15 15 5
1 13 0 1 0 0 0 3000 3 3 3 15
1 14 0 1 0 0 0 3000 3 2 2 3
1 15 1 1 1 0 0 418 1 3 3 2
1 16 0 1 0 0 0 3000 3 12 12 3
1 17 0 1 0 0 0 3000 2 6 6 12
1 18 1 1 1 0 0 475 1 12 12 6
1 19 0 1 0 0 0 3000 3 10 10 12
1 20 1 0 0 1 0 3000 1 12 12 10
1 21 0 1 0 0 0 3000 2 5 5 12
1 22 1 1 1 0 0 532 1 12 12 5
1 23 1 0 0 1 0 3000 1 5 5 12
1 24 0 1 0 0 0 3000 3 14 14 5
1 25 0 1 0 0 0 3000 3 4 4 14
2 1 0 1 0 0 0 3000 2 13 13 4
2 2 0 1 0 0 0 3000 2 10 10 13
2 3 0 1 0 0 0 3000 3 4 4 10
2 4 0 1 0 0 0 3000 3 8 8 4
2 5 0 1 0 0 0 3000 3 5 5 8
2 6 0 1 0 0 0 3000 3 12 12 5
2 7 1 1 1 0 0 749 1 5 5 12
2 8 0 1 0 0 0 3000 3 7 7 5
2 9 0 1 0 0 0 3000 2 4 4 7
2 10 0 1 0 0 0 3000 2 9 9 4
2 11 1 1 1 0 0 639 1 4 4 9
2 12 0 1 0 0 0 3000 3 11 11 4
2 13 0 1 0 0 0 3000 2 12 12 11
2 14 1 1 1 0 0 453 1 11 11 12
2 15 0 1 0 0 0 3000 2 9 9 11
2 16 0 1 0 0 0 3000 2 2 2 9
2 17 1 1 1 0 0 519 1 9 9 2
2 18 0 1 0 0 0 3000 2 14 14 9
2 19 1 0 0 1 0 3000 1 9 9 14
2 20 0 1 0 0 0 3000 2 11 11 9
2 21 1 1 1 0 0 526 1 9 9 11
2 22 0 1 0 0 0 3000 2 1 1 9
2 23 1 0 0 1 0 3000 1 9 9 1
2 24 0 1 0 0 0 3000 2 3 3 9
2 25 1 1 1 0 0 1260 1 9 9 3
3 1 0 1 0 0 0 3000 2 14 14 9
3 2 0 1 0 0 0 3000 3 15 15 14
3 3 1 1 1 0 0 422 1 14 14 15
3 4 0 1 0 0 0 3000 3 14 14 14
3 5 1 0 0 1 0 3000 1 14 14 14
3 6 1 1 1 0 0 415 1 14 14 14
3 7 0 1 0 0 0 3000 2 9 9 14
3 8 0 1 0 0 0 3000 2 9 9 9
3 9 0 1 0 0 0 3000 2 7 7 9
3 10 0 1 0 0 0 3000 2 10 10 7
3 11 0 1 0 0 0 3000 2 14 14 10
3 12 0 1 0 0 0 3000 2 2 2 14
3 13 1 1 1 0 0 418 1 14 14 2
3 14 0 1 0 0 0 3000 3 11 11 14
3 15 0 1 0 0 0 3000 3 6 6 11
3 16 1 1 1 0 0 755 1 11 11 6
3 17 0 1 0 0 0 3000 3 14 14 11
3 18 1 0 0 1 0 3000 1 11 11 14
3 19 1 0 0 1 0 3000 1 14 14 11
3 20 0 1 0 0 0 3000 2 12 12 14
3 21 1 0 0 1 0 3000 1 14 14 12
3 22 1 1 1 0 0 608 1 12 12 14
3 23 1 0 0 1 0 3000 1 14 14 12
3 24 1 0 0 1 0 3000 1 12 12 14
3 25 1 1 1 0 0 507 1 14 14 12
