1 1 0 1 0 0 0 3000 3 1 1 0
1 2 0 1 0 0 0 3000 2 12 12 1
1 3 1 1 1 0 0 787 1 1 1 12
1 4 1 0 0 1 0 3000 1 12 12 1
1 5 0 1 0 0 0 3000 2 4 4 12
1 6 1 1 1 0 0 900 1 12 12 4
1 7 0 1 0 0 0 3000 2 3 3 12
1 8 0 1 0 0 0 3000 3 8 8 3
1 9 0 1 0 0 0 3000 3 14 14 8
1 10 0 1 0 0 0 3000 2 2 2 14
1 11 1 1 1 0 0 568 1 14 14 2
1 12 0 1 0 0 0 3000 2 9 9 14
1 13 0 1 0 0 0 3000 3 2 2 9
1 14 0 0 0 0 1 507 3 2 2 2
1 15 0 0 0 0 1 1190 3 14 14 2
1 16 0 1 0 0 0 3000 3 12 12 14
1 17 1 0 0 1 0 3000 1 14 14 12
1 18 0 1 0 0 0 3000 3 4 4 14
1 19 0 1 0 0 0 3000 2 11 11 4
1 20 1 1 1 0 0 418 1 4 4 11
1 21 0 1 0 0 0 3000 3 13 13 4
1 22 0 1 0 0 0 3000 3 15 15 13
1 23 0 1 0 0 0 3000 2 10 10 15
1 24 0 1 0 0 0 3000 2 5 5 10
1 25 0 1 0 0 0 3000 2 12 12 5
2 1 0 1 0 0 0 3000 2 8 8 12
2 2 0 1 0 0 0 3000 1 7 7 8
2 3 0 1 0 0 0 3000 3 14 14 7
2 4 1 1 1 0 0 937 1 7 7 14
2 5 0 1 0 0 0 3000 3 9 9 7
2 6 1 0 0 1 0 3000 1 7 7 9
2 7 0 1 0 0 0 3000 2 13 13 7
2 8 1 1 1 0 0 403 1 7 7 13
2 9 0 1 0 0 0 3000 3 14 14 7
2 10 0 1 0 0 0 3000 2 8 8 14
2 11 0 1 0 0 0 3000 2 5 5 8
2 12 0 1 0 0 0 3000 3 1 1 5
2 13 0 1 0 0 0 3000 3 15 15 1
2 14 0 1 0 0 0 3000 2 3 3 15
2 15 0 1 0 0 0 3000 2 5 5 3
2 16 1 1 1 0 0 398 1 3 3 5
2 17 0 1 0 0 0 3000 3 13 13 3
2 18 0 1 0 0 0 3000 2 14 14 13
2 19 0 1 0 0 0 3000 2 15 15 14
2 20 1 0 0 1 0 3000 1 14 14 15
2 21 1 1 1 0 0 551 1 15 15 14
2 22 0 1 0 0 0 3000 3 8 8 15
2 23 0 1 0 0 0 3000 3 7 7 8
2 24 0 1 0 0 0 3000 2 14 14 7
2 25 0 1 0 0 0 3000 2 6 6 14
3 1 0 1 0 0 0 3000 1 2 2 6
3 2 0 1 0 0 0 3000 2 3 3 2
3 3 0 1 0 0 0 3000 2 5 5 3
3 4 1 1 1 0 0 411 1 3 3 5
3 5 0 1 0 0 0 3000 3 7 7 3
3 6 1 1 1 0 0 576 1 3 3 7
3 7 0 1 0 0 0 3000 3 5 5 3
3 8 0 1 0 0 0 3000 2 14 14 5
3 9 0 1 0 0 0 3000 3 4 4 14
3 10 1 1 1 0 0 493 1 14 14 4
3 11 0 1 0 0 0 3000 3 8 8 14
3 12 1 0 0 1 0 3000 1 14 14 8
3 13 0 0 0 0 1 1169 3 14 14 14
3 14 0 1 0 0 0 3000 2 9 9 14
3 15 0 1 0 0 0 3000 2 2 2 9
3 16 0 1 0 0 0 3000 2 7 7 2
3 17 0 1 0 0 0 3000 3 8 8 7
3 18 0 1 0 0 0 3000 3 9 9 8
3 19 0 1 0 0 0 3000 3 10 10 9
3 20 1 0 0 1 0 3000 1 9 9 10
3 21 1 0 0 1 0 3000 1 10 10 9
3 22 0 1 0 0 0 3000 3 3 3 10
3 23 0 1 0 0 0 3000 3 5 5 3
3 24 0 1 0 0 0 3000 3 11 11 5
3 25 0 1 0 0 0 3000 3 3 3 11
