1 1 0 1 0 0 0 3000 1 1 1 0
1 2 0 1 0 0 0 3000 3 13 13 1
1 3 1 1 1 0 0 804 1 1 1 13
1 4 0 1 0 0 0 3000 2 7 7 1
1 5 0 1 0 0 0 3000 3 13 13 7
1 6 0 1 0 0 0 3000 2 2 2 13
1 7 0 1 0 0 0 3000 2 2 2 2
1 8 1 1 1 0 0 809 1 2 2 2
1 9 0 1 0 0 0 3000 2 3 3 2
1 10 1 1 1 0 0 384 1 2 2 3
1 11 0 1 0 0 0 3000 3 4 4 2
1 12 1 0 0 1 0 3000 1 2 2 4
1 13 0 1 0 0 0 3000 2 13 13 2
1 14 1 1 1 0 0 411 1 2 2 13
1 15 1 1 1 0 0 608 1 13 13 2
1 16 0 1 0 0 0 3000 3 5 5 13
1 17 1 0 0 1 0 3000 1 13 13 5
1 18 1 1 1 0 0 424 1 5 5 13
1 19 0 1 0 0 0 3000 3 4 4 5
1 20 0 0 0 0 1 374 2 3 3 4
1 21 1 0 0 1 0 3000 1 4 4 3
1 22 0 0 0 0 1 469 3 14 14 4
1 23 0 1 0 0 0 3000 2 9 9 14
1 24 1 1 1 0 0 554 1 14 14 9
1 25 1 1 1 0 0 567 1 9 9 14
2 1 0 1 0 0 0 3000 1 12 12 9
2 2 0 1 0 0 0 3000 3 2 2 12
2 3 0 1 0 0 0 3000 3 4 4 2
2 4 0 1 0 0 0 3000 2 10 10 4
2 5 0 1 0 0 0 3000 2 13 13 10
2 6 1 1 1 0 0 674 1 10 10 13
2 7 0 1 0 0 0 3000 3 7 7 10
2 8 0 0 0 0 1 572 2 3 3 7
2 9 0 1 0 0 0 3000 3 13 13 3
2 10 0 1 0 0 0 3000 2 2 2 13
2 11 0 1 0 0 0 3000 3 15 15 2
2 12 1 0 0 1 0 3000 1 2 2 15
2 13 0 1 0 0 0 3000 2 9 9 2
2 14 1 1 1 0 0 354 1 2 2 9
2 15 1 1 1 0 0 710 1 9 9 2
2 16 0 1 0 0 0 3000 2 15 15 9
2 17 0 1 0 0 0 3000 2 2 2 15
2 18 0 0 0 0 1 419 2 13 13 2
2 19 0 1 0 0 0 3000 3 13 13 13
2 20 0 0 0 0 1 548 2 14 14 13
2 21 0 1 0 0 0 3000 2 7 7 14
2 22 1 1 1 0 0 424 1 14 14 7
2 23 0 1 0 0 0 3000 3 11 11 14
2 24 0 1 0 0 0 3000 3 11 11 11
2 25 0 1 0 0 0 3000 3 2 2 11
3 1 0 1 0 0 0 3000 3 1 1 2
3 2 0 1 0 0 0 3000 1 6 6 1
3 3 0 1 0 0 0 3000 2 11 11 6
3 4 0 1 0 0 0 3000 3 7 7 11
3 5 0 1 0 0 0 3000 2 9 9 7
3 6 1 1 1 0 0 355 1 7 7 9
3 7 0 1 0 0 0 3000 3 4 4 7
3 8 0 1 0 0 0 3000 3 13 13 4
3 9 0 0 0 0 1 645 3 7 7 13
3 10 1 1 1 0 0 558 1 13 13 7
3 11 0 1 0 0 0 3000 3 15 15 13
3 12 1 0 0 1 0 3000 1 13 13 15
3 13 0 0 0 0 1 572 3 13 13 13
3 14 1 1 1 0 0 565 1 13 13 13
3 15 0 0 0 0 1 742 3 15 15 13
3 16 1 0 0 1 0 3000 1 13 13 15
3 17 1 1 1 0 0 454 1 15 15 13
3 18 1 0 0 1 0 3000 1 13 13 15
3 19 1 1 1 0 0 429 1 15 15 13
3 20 0 1 0 0 0 3000 2 7 7 15
3 21 1 1 1 0 0 391 1 15 15 7
3 22 1 1 1 0 0 437 1 7 7 15
3 23 0 1 0 0 0 3000 2 2 2 7
3 24 1 1 1 0 0 435 1 7 7 2
3 25 0 1 0 0 0 3000 2 10 10 7
