1 1 0 1 0 0 0 3000 1 15 15 0
1 2 0 1 0 0 0 3000 1 9 9 15
1 3 0 1 0 0 0 3000 2 3 3 9
1 4 0 1 0 0 0 3000 3 11 11 3
1 5 0 1 0 0 0 3000 3 7 7 11
1 6 1 1 1 0 0 533 1 11 11 7
1 7 0 1 0 0 0 3000 3 9 9 11
1 8 0 0 0 0 1 525 2 7 7 9
1 9 1 0 0 1 0 3000 1 9 9 7
1 10 0 1 0 0 0 3000 2 9 9 9
1 11 1 1 1 0 0 331 1 9 9 9
1 12 0 1 0 0 0 3000 2 8 8 9
1 13 0 1 0 0 0 3000 2 6 6 8
1 14 0 1 0 0 0 3000 2 6 6 6
1 15 0 1 0 0 0 3000 3 3 3 6
1 16 1 1 1 0 0 458 1 6 6 3
1 17 0 1 0 0 0 3000 3 13 13 6
1 18 0 1 0 0 0 3000 2 8 8 13
1 19 0 1 0 0 0 3000 3 6 6 8
1 20 1 1 1 0 0 501 1 8 8 6
1 21 1 0 0 1 0 3000 1 6 6 8
1 22 0 1 0 0 0 3000 2 3 3 6
1 23 1 1 1 0 0 508 1 6 6 3
1 24 0 1 0 0 0 3000 2 1 1 6
1 25 0 1 0 0 0 3000 3 8 8 1
2 1 0 1 0 0 0 3000 1 12 12 8
2 2 0 1 0 0 0 3000 3 9 9 12
2 3 1 1 1 0 0 371 1 12 12 9
2 4 0 1 0 0 0 3000 2 10 10 12
2 5 0 1 0 0 0 3000 3 6 6 10
2 6 1 1 1 0 0 402 1 10 10 6
2 7 0 1 0 0 0 3000 3 8 8 10
2 8 0 1 0 0 0 3000 2 9 9 8
2 9 1 1 1 0 0 420 1 8 8 9
2 10 0 1 0 0 0 3000 3 10 10 8
2 11 0 1 0 0 0 3000 3 11 11 10
2 12 0 1 0 0 0 3000 2 6 6 11
2 13 0 1 0 0 0 3000 2 15 15 6
2 14 0 1 0 0 0 3000 3 2 2 15
2 15 0 1 0 0 0 3000 3 8 8 2
2 16 1 1 1 0 0 339 1 2 2 8
2 17 0 1 0 0 0 3000 2 14 14 2
2 18 1 1 1 0 0 524 1 2 2 14
2 19 0 1 0 0 0 3000 2 3 3 2
2 20 0 1 0 0 0 3000 2 7 7 3
2 21 0 1 0 0 0 3000 3 4 4 7
2 22 0 1 0 0 0 3000 3 13 13 4
2 23 0 1 0 0 0 3000 3 14 14 13
2 24 1 1 1 0 0 395 1 13 13 14
2 25 0 1 0 0 0 3000 2 1 1 13
3 1 0 1 0 0 0 3000 1 4 4 1
3 2 0 1 0 0 0 3000 1 3 3 4
3 3 0 1 0 0 0 3000 3 6 6 3
3 4 1 1 1 0 0 430 1 3 3 6
3 5 0 1 0 0 0 3000 2 9 9 3
3 6 0 1 0 0 0 3000 3 8 8 9
3 7 0 1 0 0 0 3000 2 8 8 8
3 8 1 1 1 0 0 450 1 8 8 8
3 9 1 1 1 0 0 561 1 8 8 8
3 10 1 1 1 0 0 435 1 8 8 8
3 11 1 1 1 0 0 488 1 8 8 8
3 12 1 1 1 0 0 374 1 8 8 8
3 13 1 1 1 0 0 445 1 8 8 8
3 14 0 1 0 0 0 3000 3 14 14 8
3 15 1 1 1 0 0 371 1 8 8 14
3 16 0 1 0 0 0 3000 3 9 9 8
3 17 0 1 0 0 0 3000 3 5 5 9
3 18 0 1 0 0 0 3000 2 12 12 5
3 19 0 1 0 0 0 3000 3 13 13 12
3 20 1 1 1 0 0 402 1 12 12 13
3 21 0 1 0 0 0 3000 3 8 8 12
3 22 0 1 0 0 0 3000 2 4 4 8
3 23 0 1 0 0 0 3000 2 11 11 4
3 24 0 1 0 0 0 3000 2 8 8 11
3 25 0 1 0 0 0 3000 3 13 13 8
