1 1 0 1 0 0 0 3000 2 6 6 0
1 2 0 1 0 0 0 3000 2 2 2 6
1 3 1 1 1 0 0 456 1 6 6 2
1 4 0 1 0 0 0 3000 3 13 13 6
1 5 1 0 0 1 0 3000 1 6 6 13
1 6 1 1 1 0 0 413 1 13 13 6
1 7 0 1 0 0 0 3000 3 3 3 13
1 8 1 0 0 1 0 3000 1 13 13 3
1 9 0 1 0 0 0 3000 3 7 7 13
1 10 1 0 0 1 0 3000 1 13 13 7
1 11 1 0 0 1 0 3000 1 7 7 13
1 12 1 1 1 0 0 355 1 13 13 7
1 13 0 1 0 0 0 3000 3 1 1 13
1 14 1 0 0 1 0 3000 1 13 13 1
1 15 1 1 1 0 0 1284 1 1 1 13
1 16 0 1 0 0 0 3000 2 6 6 1
1 17 0 1 0 0 0 3000 2 8 8 6
1 18 0 1 0 0 0 3000 2 11 11 8
1 19 0 1 0 0 0 3000 3 14 14 11
1 20 1 0 0 1 0 3000 1 11 11 14
1 21 0 1 0 0 0 3000 3 7 7 11
1 22 0 1 0 0 0 3000 3 9 9 7
1 23 0 1 0 0 0 3000 3 2 2 9
1 24 0 1 0 0 0 3000 2 5 5 2
1 25 0 1 0 0 0 3000 3 13 13 5
2 1 0 1 0 0 0 3000 3 12 12 13
2 2 0 1 0 0 0 3000 3 3 3 12
2 3 0 1 0 0 0 3000 2 2 2 3
2 4 0 1 0 0 0 3000 3 6 6 2
2 5 0 1 0 0 0 3000 2 7 7 6
2 6 0 1 0 0 0 3000 2 5 5 7
2 7 0 1 0 0 0 3000 3 14 14 5
2 8 0 1 0 0 0 3000 3 13 13 14
2 9 1 1 1 0 0 380 1 14 14 13
2 10 1 0 0 1 0 3000 1 13 13 14
2 11 1 0 0 1 0 3000 1 14 14 13
2 12 0 1 0 0 0 3000 3 15 15 14
2 13 1 0 0 1 0 3000 1 14 14 15
2 14 1 0 0 1 0 3000 1 15 15 14
2 15 0 1 0 0 0 3000 3 11 11 15
2 16 0 1 0 0 0 3000 2 2 2 11
2 17 1 0 0 1 0 3000 1 11 11 2
2 18 0 1 0 0 0 3000 2 13 13 11
2 19 0 1 0 0 0 3000 3 1 1 13
2 20 1 0 0 1 0 3000 1 13 13 1
2 21 0 1 0 0 0 3000 2 7 7 13
2 22 0 1 0 0 0 3000 2 14 14 7
2 23 0 1 0 0 0 3000 3 4 4 14
2 24 1 1 1 0 0 384 1 14 14 4
2 25 0 1 0 0 0 3000 2 3 3 14
3 1 0 1 0 0 0 3000 1 10 10 3
3 2 0 1 0 0 0 3000 2 12 12 10
3 3 0 1 0 0 0 3000 2 6 6 12
3 4 0 1 0 0 0 3000 3 7 7 6
3 5 0 1 0 0 0 3000 3 8 8 7
3 6 0 1 0 0 0 3000 2 13 13 8
3 7 0 1 0 0 0 3000 2 11 11 13
3 8 0 1 0 0 0 3000 3 1 1 11
3 9 1 1 1 0 0 399 1 11 11 1
3 10 1 0 0 1 0 3000 1 1 1 11
3 11 0 1 0 0 0 3000 3 8 8 1
3 12 0 1 0 0 0 3000 2 14 14 8
3 13 0 1 0 0 0 3000 2 9 9 14
3 14 1 0 0 1 0 3000 1 14 14 9
3 15 1 1 1 0 0 380 1 9 9 14
3 16 1 0 0 1 0 3000 1 14 14 9
3 17 0 1 0 0 0 3000 3 4 4 14
3 18 1 1 1 0 0 369 1 14 14 4
3 19 0 1 0 0 0 3000 2 12 12 14
3 20 0 1 0 0 0 3000 3 7 7 12
3 21 1 1 1 0 0 379 1 12 12 7
3 22 0 1 0 0 0 3000 2 2 2 12
3 23 1 0 0 1 0 3000 1 12 12 2
3 24 0 1 0 0 0 3000 2 4 4 12
3 25 0 1 0 0 0 3000 3 4 4 4
