1 1 0 1 0 0 0 3000 1 1 1 0
1 2 0 1 0 0 0 3000 1 10 10 1
1 3 0 1 0 0 0 3000 3 11 11 10
1 4 1 1 1 0 0 1059 1 10 10 11
1 5 1 1 1 0 0 1027 1 11 11 10
1 6 0 1 0 0 0 3000 2 3 3 11
1 7 0 1 0 0 0 3000 2 15 15 3
1 8 0 1 0 0 0 3000 2 12 12 15
1 9 0 1 0 0 0 3000 2 8 8 12
1 10 0 1 0 0 0 3000 2 13 13 8
1 11 0 1 0 0 0 3000 2 12 12 13
1 12 0 1 0 0 0 3000 3 2 2 12
1 13 0 1 0 0 0 3000 2 7 7 2
1 14 1 1 1 0 0 436 1 2 2 7
1 15 0 1 0 0 0 3000 3 11 11 2
1 16 0 1 0 0 0 3000 3 3 3 11
1 17 1 1 1 0 0 381 1 11 11 3
1 18 0 1 0 0 0 3000 2 9 9 11
1 19 0 1 0 0 0 3000 3 15 15 9
1 20 1 0 0 1 0 3000 1 9 9 15
1 21 0 1 0 0 0 3000 2 4 4 9
1 22 0 0 0 0 1 383 3 15 15 4
1 23 0 1 0 0 0 3000 3 8 8 15
1 24 0 1 0 0 0 3000 3 10 10 8
1 25 1 1 1 0 0 730 1 8 8 10
2 1 0 1 0 0 0 3000 3 7 7 8
2 2 0 1 0 0 0 3000 3 9 9 7
2 3 1 1 1 0 0 325 1 7 7 9
2 4 0 1 0 0 0 3000 2 1 1 7
2 5 1 1 1 0 0 348 1 7 7 1
2 6 1 1 1 0 0 763 1 1 1 7
2 7 0 1 0 0 0 3000 3 4 4 1
2 8 0 1 0 0 0 3000 3 2 2 4
2 9 1 1 1 0 0 292 1 4 4 2
2 10 1 1 1 0 0 379 1 2 2 4
2 11 1 1 1 0 0 1435 1 4 4 2
2 12 0 1 0 0 0 3000 3 6 6 4
2 13 0 1 0 0 0 3000 3 11 11 6
2 14 0 1 0 0 0 3000 3 10 10 11
2 15 0 1 0 0 0 3000 3 14 14 10
2 16 1 1 1 0 0 1033 1 10 10 14
2 17 0 0 0 0 1 0 2 15 15 10
2 18 0 1 0 0 0 3000 3 12 12 15
2 19 0 1 0 0 0 3000 3 11 11 12
2 20 0 1 0 0 0 3000 3 2 2 11
2 21 0 1 0 0 0 3000 3 12 12 2
2 22 1 1 1 0 0 347 1 2 2 12
2 23 0 0 0 0 1 729 3 11 11 2
2 24 0 1 0 0 0 3000 2 15 15 11
2 25 0 1 0 0 0 3000 2 8 8 15
3 1 0 1 0 0 0 3000 3 1 1 8
3 2 0 1 0 0 0 3000 2 6 6 1
3 3 1 1 1 0 0 312 1 1 1 6
3 4 0 1 0 0 0 3000 2 9 9 1
3 5 1 1 1 0 0 361 1 1 1 9
3 6 0 1 0 0 0 3000 3 8 8 1
3 7 0 1 0 0 0 3000 3 8 8 8
3 8 0 1 0 0 0 3000 2 6 6 8
3 9 0 1 0 0 0 3000 2 14 14 6
3 10 1 1 1 0 0 315 1 6 6 14
3 11 1 1 1 0 0 996 1 14 14 6
3 12 0 1 0 0 0 3000 3 12 12 14
3 13 0 1 0 0 0 3000 2 4 4 12
3 14 0 1 0 0 0 3000 2 9 9 4
3 15 0 1 0 0 0 3000 3 15 15 9
3 16 0 1 0 0 0 3000 2 2 2 15
3 17 0 1 0 0 0 3000 2 10 10 2
3 18 0 1 0 0 0 3000 2 5 5 10
3 19 1 1 1 0 0 776 1 10 10 5
3 20 0 1 0 0 0 3000 2 6 6 10
3 21 0 1 0 0 0 3000 3 2 2 6
3 22 0 1 0 0 0 3000 3 4 4 2
3 23 1 1 1 0 0 346 1 2 2 4
3 24 0 1 0 0 0 3000 2 9 9 2
3 25 0 1 0 0 0 3000 2 13 13 9
