1 1 0 1 0 0 0 3000 2 13 13 0
1 2 0 1 0 0 0 3000 3 1 1 13
1 3 1 1 1 0 0 485 1 13 13 1
1 4 1 0 0 1 0 3000 1 1 1 13
1 5 1 0 0 1 0 3000 1 13 13 1
1 6 1 1 1 0 0 394 1 1 1 13
1 7 1 0 0 1 0 3000 1 13 13 1
1 8 0 1 0 0 0 3000 3 4 4 13
1 9 0 1 0 0 0 3000 2 6 6 4
1 10 0 1 0 0 0 3000 2 6 6 6
1 11 1 1 1 0 0 625 1 6 6 6
1 12 0 1 0 0 0 3000 3 13 13 6
1 13 0 1 0 0 0 3000 3 14 14 13
1 14 1 1 1 0 0 405 1 13 13 14
1 15 1 1 1 0 0 974 1 14 14 13
1 16 0 1 0 0 0 3000 2 15 15 14
1 17 1 1 1 0 0 423 1 14 14 15
1 18 0 1 0 0 0 3000 3 9 9 14
1 19 0 1 0 0 0 3000 3 5 5 9
1 20 0 1 0 0 0 3000 3 5 5 5
1 21 0 1 0 0 0 3000 2 12 12 5
1 22 1 1 1 0 0 525 1 5 5 12
1 23 0 1 0 0 0 3000 3 7 7 5
1 24 0 0 0 0 1 642 3 9 9 7
1 25 0 1 0 0 0 3000 2 4 4 9
2 1 0 1 0 0 0 3000 2 8 8 4
2 2 0 1 0 0 0 3000 2 9 9 8
2 3 0 1 0 0 0 3000 3 10 10 9
2 4 0 1 0 0 0 3000 2 14 14 10
2 5 0 1 0 0 0 3000 2 6 6 14
2 6 0 1 0 0 0 3000 3 9 9 6
2 7 1 1 1 0 0 439 1 6 6 9
2 8 0 1 0 0 0 3000 2 8 8 6
2 9 0 1 0 0 0 3000 3 7 7 8
2 10 1 1 1 0 0 345 1 8 8 7
2 11 0 1 0 0 0 3000 2 3 3 8
2 12 0 1 0 0 0 3000 3 13 13 3
2 13 0 1 0 0 0 3000 2 2 2 13
2 14 0 1 0 0 0 3000 2 1 1 2
2 15 0 1 0 0 0 3000 3 14 14 1
2 16 0 1 0 0 0 3000 3 13 13 14
2 17 1 1 1 0 0 396 1 14 14 13
2 18 1 1 1 0 0 419 1 13 13 14
2 19 1 1 1 0 0 527 1 14 14 13
2 20 1 0 0 1 0 3000 1 13 13 14
2 21 1 1 1 0 0 397 1 14 14 13
2 22 1 1 1 0 0 406 1 13 13 14
2 23 1 0 0 1 0 3000 1 14 14 13
2 24 0 1 0 0 0 3000 2 4 4 14
2 25 1 1 1 0 0 313 1 14 14 4
3 1 0 1 0 0 0 3000 2 14 14 14
3 2 0 1 0 0 0 3000 1 6 6 14
3 3 0 1 0 0 0 3000 2 12 12 6
3 4 0 1 0 0 0 3000 2 10 10 12
3 5 0 1 0 0 0 3000 2 9 9 10
3 6 0 1 0 0 0 3000 3 11 11 9
3 7 0 1 0 0 0 3000 2 3 3 11
3 8 0 1 0 0 0 3000 3 12 12 3
3 9 1 1 1 0 0 317 1 3 3 12
3 10 0 1 0 0 0 3000 3 3 3 3
3 11 1 1 1 0 0 993 1 3 3 3
3 12 0 1 0 0 0 3000 3 11 11 3
3 13 0 1 0 0 0 3000 2 10 10 11
3 14 0 1 0 0 0 3000 3 14 14 10
3 15 1 1 1 0 0 440 1 10 10 14
3 16 0 1 0 0 0 3000 3 13 13 10
3 17 1 1 1 0 0 358 1 10 10 13
3 18 1 1 1 0 0 845 1 13 13 10
3 19 0 1 0 0 0 3000 3 12 12 13
3 20 0 1 0 0 0 3000 3 14 14 12
3 21 1 1 1 0 0 318 1 12 12 14
3 22 0 1 0 0 0 3000 3 10 10 12
3 23 1 1 1 0 0 378 1 12 12 10
3 24 0 1 0 0 0 3000 2 6 6 12
3 25 0 1 0 0 0 3000 2 9 9 6
