1 1 0 1 0 0 0 3000 2 11 11 0
1 2 0 1 0 0 0 3000 2 7 7 11
1 3 0 1 0 0 0 3000 2 13 13 7
1 4 1 1 1 0 0 486 1 7 7 13
1 5 1 1 1 0 0 626 1 13 13 7
1 6 0 1 0 0 0 3000 3 10 10 13
1 7 0 1 0 0 0 3000 3 4 4 10
1 8 0 1 0 0 0 3000 3 15 15 4
1 9 1 1 1 0 0 778 1 4 4 15
1 10 1 1 1 0 0 535 1 15 15 4
1 11 1 1 1 0 0 521 1 4 4 15
1 12 0 1 0 0 0 3000 2 10 10 4
1 13 0 1 0 0 0 3000 2 2 2 10
1 14 0 1 0 0 0 3000 3 3 3 2
1 15 0 1 0 0 0 3000 2 4 4 3
1 16 0 1 0 0 0 3000 3 13 13 4
1 17 0 1 0 0 0 3000 3 3 3 13
1 18 0 1 0 0 0 3000 2 15 15 3
1 19 0 1 0 0 0 3000 3 11 11 15
1 20 1 1 1 0 0 376 1 15 15 11
1 21 1 1 1 0 0 550 1 11 11 15
1 22 0 1 0 0 0 3000 3 13 13 11
1 23 0 1 0 0 0 3000 2 2 2 13
1 24 0 1 0 0 0 3000 3 6 6 2
1 25 0 1 0 0 0 3000 3 8 8 6
2 1 0 1 0 0 0 3000 2 1 1 8
2 2 0 1 0 0 0 3000 3 7 7 1
2 3 0 1 0 0 0 3000 3 3 3 7
2 4 0 1 0 0 0 3000 2 5 5 3
2 5 1 1 1 0 0 893 1 3 3 5
2 6 0 1 0 0 0 3000 3 3 3 3
2 7 1 0 0 1 0 3000 1 3 3 3
2 8 0 1 0 0 0 3000 2 10 10 3
2 9 0 1 0 0 0 3000 2 2 2 10
2 10 0 1 0 0 0 3000 2 8 8 2
2 11 1 1 1 0 0 566 1 2 2 8
2 12 0 1 0 0 0 3000 2 14 14 2
2 13 0 1 0 0 0 3000 3 13 13 14
2 14 0 1 0 0 0 3000 2 7 7 13
2 15 0 1 0 0 0 3000 3 15 15 7
2 16 0 1 0 0 0 3000 2 12 12 15
2 17 1 1 1 0 0 910 1 15 15 12
2 18 0 1 0 0 0 3000 2 1 1 15
2 19 0 1 0 0 0 3000 2 3 3 1
2 20 0 1 0 0 0 3000 2 4 4 3
2 21 0 1 0 0 0 3000 3 12 12 4
2 22 1 1 1 0 0 517 1 4 4 12
2 23 1 1 1 0 0 452 1 12 12 4
2 24 0 1 0 0 0 3000 2 1 1 12
2 25 0 1 0 0 0 3000 2 15 15 1
3 1 0 1 0 0 0 3000 2 5 5 15
3 2 0 1 0 0 0 3000 2 1 1 5
3 3 0 1 0 0 0 3000 3 12 12 1
3 4 1 1 1 0 0 368 1 1 1 12
3 5 0 1 0 0 0 3000 2 3 3 1
3 6 0 1 0 0 0 3000 3 9 9 3
3 7 0 1 0 0 0 3000 2 2 2 9
3 8 1 1 1 0 0 590 1 9 9 2
3 9 1 1 1 0 0 556 1 2 2 9
3 10 1 1 1 0 0 394 1 9 9 2
3 11 0 1 0 0 0 3000 3 14 14 9
3 12 1 1 1 0 0 383 1 9 9 14
3 13 0 1 0 0 0 3000 2 10 10 9
3 14 0 0 0 0 1 457 3 2 2 10
3 15 1 1 1 0 0 769 1 10 10 2
3 16 1 1 1 0 0 621 1 2 2 10
3 17 0 1 0 0 0 3000 2 12 12 2
3 18 0 1 0 0 0 3000 3 13 13 12
3 19 0 1 0 0 0 3000 3 7 7 13
3 20 0 1 0 0 0 3000 2 15 15 7
3 21 0 1 0 0 0 3000 3 4 4 15
3 22 1 1 1 0 0 416 1 15 15 4
3 23 1 1 1 0 0 491 1 4 4 15
3 24 0 1 0 0 0 3000 3 7 7 4
3 25 0 1 0 0 0 3000 2 13 13 7
