1 1 0 1 0 0 0 3000 2 10 10 0
1 2 0 1 0 0 0 3000 3 13 13 10
1 3 0 1 0 0 0 3000 2 9 9 13
1 4 1 1 1 0 0 689 1 13 13 9
1 5 1 0 0 1 0 3000 1 9 9 13
1 6 0 1 0 0 0 3000 2 12 12 9
1 7 0 1 0 0 0 3000 2 8 8 12
1 8 1 1 1 0 0 365 1 12 12 8
1 9 0 1 0 0 0 3000 3 15 15 12
1 10 0 0 0 0 1 904 3 15 15 15
1 11 0 1 0 0 0 3000 2 1 1 15
1 12 0 1 0 0 0 3000 2 14 14 1
1 13 0 1 0 0 0 3000 2 3 3 14
1 14 1 1 1 0 0 322 1 14 14 3
1 15 1 0 0 1 0 3000 1 3 3 14
1 16 0 1 0 0 0 3000 2 5 5 3
1 17 0 0 0 0 1 665 3 8 8 5
1 18 0 0 0 0 1 1095 2 8 8 8
1 19 0 1 0 0 0 3000 2 9 9 8
1 20 0 1 0 0 0 3000 2 1 1 9
1 21 0 1 0 0 0 3000 3 5 5 1
1 22 0 1 0 0 0 3000 2 7 7 5
1 23 0 1 0 0 0 3000 3 4 4 7
1 24 1 1 1 0 0 437 1 7 7 4
1 25 1 0 0 1 0 3000 1 4 4 7
2 1 0 1 0 0 0 3000 1 14 14 4
2 2 0 1 0 0 0 3000 1 3 3 14
2 3 0 1 0 0 0 3000 2 6 6 3
2 4 1 1 1 0 0 339 1 3 3 6
2 5 0 1 0 0 0 3000 2 3 3 3
2 6 0 1 0 0 0 3000 2 5 5 3
2 7 0 0 0 0 1 929 2 6 6 5
2 8 0 1 0 0 0 3000 2 7 7 6
2 9 1 1 1 0 0 875 1 6 6 7
2 10 0 1 0 0 0 3000 3 5 5 6
2 11 0 0 0 0 1 1197 3 7 7 5
2 12 1 1 1 0 0 533 1 5 5 7
2 13 1 0 0 1 0 3000 1 7 7 5
2 14 0 1 0 0 0 3000 3 3 3 7
2 15 0 1 0 0 0 3000 2 13 13 3
2 16 0 1 0 0 0 3000 2 15 15 13
2 17 1 1 1 0 0 695 1 13 13 15
2 18 1 0 0 1 0 3000 1 15 15 13
2 19 0 1 0 0 0 3000 3 12 12 15
2 20 1 1 1 0 0 313 1 15 15 12
2 21 0 1 0 0 0 3000 2 11 11 15
2 22 1 1 1 0 0 445 1 15 15 11
2 23 0 1 0 0 0 3000 2 6 6 15
2 24 0 1 0 0 0 3000 3 11 11 6
2 25 1 1 1 0 0 324 1 6 6 11
3 1 0 1 0 0 0 3000 2 13 13 6
3 2 0 1 0 0 0 3000 2 4 4 13
3 3 0 1 0 0 0 3000 3 11 11 4
3 4 0 0 0 0 1 384 3 11 11 11
3 5 1 1 1 0 0 859 1 11 11 11
3 6 0 1 0 0 0 3000 2 5 5 11
3 7 0 1 0 0 0 3000 2 7 7 5
3 8 0 1 0 0 0 3000 2 3 3 7
3 9 1 1 1 0 0 339 1 7 7 3
3 10 1 0 0 1 0 3000 1 3 3 7
3 11 0 0 0 0 1 1111 3 4 4 3
3 12 0 1 0 0 0 3000 2 15 15 4
3 13 1 0 0 1 0 3000 1 4 4 15
3 14 1 1 1 0 0 583 1 15 15 4
3 15 1 0 0 1 0 3000 1 4 4 15
3 16 1 1 1 0 0 530 1 15 15 4
3 17 0 1 0 0 0 3000 3 12 12 15
3 18 0 0 0 0 1 937 3 12 12 12
3 19 0 0 0 0 1 689 2 4 4 12
3 20 1 1 1 0 0 651 1 12 12 4
3 21 0 1 0 0 0 3000 2 5 5 12
3 22 0 1 0 0 0 3000 3 2 2 5
3 23 0 1 0 0 0 3000 3 6 6 2
3 24 0 0 0 0 1 435 2 5 5 6
3 25 0 1 0 0 0 3000 2 15 15 5
