1 1 0 1 0 0 0 3000 3 8 8 0
1 2 0 1 0 0 0 3000 2 7 7 8
1 3 1 1 1 0 0 874 1 8 8 7
1 4 0 1 0 0 0 3000 3 1 1 8
1 5 0 1 0 0 0 3000 2 9 9 1
1 6 1 1 1 0 0 449 1 1 1 9
1 7 0 1 0 0 0 3000 2 6 6 1
1 8 0 1 0 0 0 3000 3 12 12 6
1 9 1 1 1 0 0 641 1 6 6 12
1 10 0 1 0 0 0 3000 3 9 9 6
1 11 0 1 0 0 0 3000 2 12 12 9
1 12 0 1 0 0 0 3000 2 7 7 12
1 13 0 1 0 0 0 3000 3 10 10 7
1 14 0 1 0 0 0 3000 3 14 14 10
1 15 0 1 0 0 0 3000 3 6 6 14
1 16 0 1 0 0 0 3000 2 15 15 6
1 17 0 1 0 0 0 3000 2 8 8 15
1 18 0 1 0 0 0 3000 3 14 14 8
1 19 0 1 0 0 0 3000 2 15 15 14
1 20 0 1 0 0 0 3000 3 12 12 15
1 21 1 1 1 0 0 1610 1 15 15 12
1 22 0 1 0 0 0 3000 3 4 4 15
1 23 0 1 0 0 0 3000 3 10 10 4
1 24 0 1 0 0 0 3000 2 14 14 10
1 25 0 1 0 0 0 3000 2 12 12 14
2 1 0 1 0 0 0 3000 2 4 4 12
2 2 0 1 0 0 0 3000 1 13 13 4
2 3 0 1 0 0 0 3000 2 5 5 13
2 4 0 1 0 0 0 3000 3 5 5 5
2 5 0 1 0 0 0 3000 2 14 14 5
2 6 0 1 0 0 0 3000 2 11 11 14
2 7 0 1 0 0 0 3000 3 2 2 11
2 8 1 1 1 0 0 1400 1 11 11 2
2 9 1 1 1 0 0 786 1 2 2 11
2 10 0 1 0 0 0 3000 2 4 4 2
2 11 1 1 1 0 0 1103 1 2 2 4
2 12 1 1 1 0 0 1071 1 4 4 2
2 13 0 1 0 0 0 3000 2 13 13 4
2 14 1 1 1 0 0 702 1 4 4 13
2 15 0 1 0 0 0 3000 3 5 5 4
2 16 0 1 0 0 0 3000 2 3 3 5
2 17 0 1 0 0 0 3000 3 12 12 3
2 18 1 1 1 0 0 562 1 3 3 12
2 19 1 1 1 0 0 548 1 12 12 3
2 20 0 1 0 0 0 3000 2 7 7 12
2 21 0 1 0 0 0 3000 3 9 9 7
2 22 1 1 1 0 0 514 1 7 7 9
2 23 0 1 0 0 0 3000 3 7 7 7
2 24 0 1 0 0 0 3000 2 12 12 7
2 25 1 1 1 0 0 616 1 7 7 12
3 1 0 1 0 0 0 3000 1 6 6 7
3 2 0 1 0 0 0 3000 3 14 14 6
3 3 1 1 1 0 0 455 1 6 6 14
3 4 0 1 0 0 0 3000 2 8 8 6
3 5 1 1 1 0 0 712 1 6 6 8
3 6 1 1 1 0 0 565 1 8 8 6
3 7 0 1 0 0 0 3000 3 13 13 8
3 8 1 1 1 0 0 450 1 8 8 13
3 9 0 1 0 0 0 3000 2 10 10 8
3 10 0 1 0 0 0 3000 2 3 3 10
3 11 0 1 0 0 0 3000 3 3 3 3
3 12 0 1 0 0 0 3000 2 8 8 3
3 13 0 1 0 0 0 3000 3 13 13 8
3 14 0 1 0 0 0 3000 2 3 3 13
3 15 0 1 0 0 0 3000 2 3 3 3
3 16 0 1 0 0 0 3000 2 10 10 3
3 17 0 1 0 0 0 3000 3 9 9 10
3 18 0 1 0 0 0 3000 2 11 11 9
3 19 0 1 0 0 0 3000 2 14 14 11
3 20 0 1 0 0 0 3000 3 12 12 14
3 21 0 1 0 0 0 3000 2 5 5 12
3 22 0 1 0 0 0 3000 3 10 10 5
3 23 0 1 0 0 0 3000 2 4 4 10
3 24 0 1 0 0 0 3000 3 11 11 4
3 25 0 1 0 0 0 3000 2 10 10 11
