1 1 0 1 0 0 0 3000 3 15 15 0
1 2 0 1 0 0 0 3000 2 2 2 15
1 3 0 1 0 0 0 3000 3 7 7 2
1 4 1 1 1 0 0 777 1 2 2 7
1 5 0 1 0 0 0 3000 3 1 1 2
1 6 0 1 0 0 0 3000 3 8 8 1
1 7 1 1 1 0 0 357 1 1 1 8
1 8 1 1 1 0 0 584 1 8 8 1
1 9 0 1 0 0 0 3000 2 7 7 8
1 10 0 0 0 0 1 558 2 13 13 7
1 11 1 1 1 0 0 1568 1 7 7 13
1 12 0 1 0 0 0 3000 2 5 5 7
1 13 0 1 0 0 0 3000 2 15 15 5
1 14 1 1 1 0 0 497 1 5 5 15
1 15 0 1 0 0 0 3000 3 12 12 5
1 16 0 1 0 0 0 3000 2 9 9 12
1 17 1 1 1 0 0 365 1 12 12 9
1 18 0 1 0 0 0 3000 2 3 3 12
1 19 1 1 1 0 0 341 1 12 12 3
1 20 1 1 1 0 0 1384 1 3 3 12
1 21 0 1 0 0 0 3000 3 2 2 3
1 22 1 1 1 0 0 561 1 3 3 2
1 23 1 1 1 0 0 694 1 2 2 3
1 24 0 1 0 0 0 3000 2 7 7 2
1 25 0 1 0 0 0 3000 2 11 11 7
2 1 0 1 0 0 0 3000 1 1 1 11
2 2 0 1 0 0 0 3000 1 8 8 1
2 3 0 1 0 0 0 3000 3 5 5 8
2 4 0 1 0 0 0 3000 2 9 9 5
2 5 1 1 1 0 0 473 1 5 5 9
2 6 1 1 1 0 0 896 1 9 9 5
2 7 0 1 0 0 0 3000 3 9 9 9
2 8 0 1 0 0 0 3000 2 6 6 9
2 9 0 1 0 0 0 3000 3 2 2 6
2 10 0 1 0 0 0 3000 3 3 3 2
2 11 0 1 0 0 0 3000 3 10 10 3
2 12 0 1 0 0 0 3000 3 4 4 10
2 13 0 1 0 0 0 3000 2 6 6 4
2 14 0 1 0 0 0 3000 3 13 13 6
2 15 1 1 1 0 0 1085 1 6 6 13
2 16 1 1 1 0 0 864 1 13 13 6
2 17 0 1 0 0 0 3000 2 13 13 13
2 18 1 1 1 0 0 624 1 13 13 13
2 19 0 1 0 0 0 3000 3 2 2 13
2 20 0 1 0 0 0 3000 2 12 12 2
2 21 0 1 0 0 0 3000 2 8 8 12
2 22 0 1 0 0 0 3000 3 6 6 8
2 23 0 1 0 0 0 3000 2 13 13 6
2 24 0 1 0 0 0 3000 2 13 13 13
2 25 1 1 1 0 0 460 1 13 13 13
3 1 0 1 0 0 0 3000 3 4 4 13
3 2 0 1 0 0 0 3000 3 11 11 4
3 3 0 1 0 0 0 3000 2 12 12 11
3 4 0 1 0 0 0 3000 3 5 5 12
3 5 0 1 0 0 0 3000 2 8 8 5
3 6 0 1 0 0 0 3000 2 1 1 8
3 7 1 1 1 0 0 511 1 8 8 1
3 8 1 1 1 0 0 557 1 1 1 8
3 9 1 1 1 0 0 1229 1 8 8 1
3 10 0 1 0 0 0 3000 2 11 11 8
3 11 0 1 0 0 0 3000 2 10 10 11
3 12 0 1 0 0 0 3000 2 2 2 10
3 13 1 1 1 0 0 1222 1 10 10 2
3 14 1 1 1 0 0 1180 1 2 2 10
3 15 0 1 0 0 0 3000 3 4 4 2
3 16 1 1 1 0 0 1797 1 2 2 4
3 17 0 1 0 0 0 3000 2 5 5 2
3 18 0 1 0 0 0 3000 2 9 9 5
3 19 0 1 0 0 0 3000 2 3 3 9
3 20 0 1 0 0 0 3000 3 12 12 3
3 21 1 1 1 0 0 696 1 3 3 12
3 22 0 1 0 0 0 3000 3 4 4 3
3 23 0 1 0 0 0 3000 2 8 8 4
3 24 0 1 0 0 0 3000 2 1 1 8
3 25 0 0 0 0 1 603 3 12 12 1
