1 1 0 1 0 0 0 3000 1 12 12 0
1 2 0 1 0 0 0 3000 1 15 15 12
1 3 0 1 0 0 0 3000 2 4 4 15
1 4 0 1 0 0 0 3000 3 8 8 4
1 5 1 1 1 0 0 1926 1 4 4 8
1 6 1 0 0 1 0 3000 1 8 8 4
1 7 1 1 1 0 0 1556 1 4 4 8
1 8 1 1 1 0 0 1744 1 8 8 4
1 9 0 1 0 0 0 3000 2 9 9 8
1 10 0 0 0 0 1 1407 2 4 4 9
1 11 0 0 0 0 1 1295 2 13 13 4
1 12 0 1 0 0 0 3000 2 2 2 13
1 13 1 1 1 0 0 2337 1 13 13 2
1 14 1 1 1 0 0 2319 1 2 2 13
1 15 0 1 0 0 0 3000 3 9 9 2
1 16 1 1 1 0 0 737 1 2 2 9
1 17 0 1 0 0 0 3000 3 10 10 2
1 18 0 1 0 0 0 3000 2 6 6 10
1 19 1 1 1 0 0 1458 1 10 10 6
1 20 0 0 0 0 1 1494 3 10 10 10
1 21 0 0 0 0 1 2113 3 6 6 10
1 22 0 1 0 0 0 3000 3 8 8 6
1 23 0 1 0 0 0 3000 3 4 4 8
1 24 1 1 1 0 0 962 1 8 8 4
1 25 0 1 0 0 0 3000 2 7 7 8
2 1 0 1 0 0 0 3000 2 6 6 7
2 2 0 1 0 0 0 3000 1 9 9 6
2 3 1 1 1 0 0 1140 1 6 6 9
2 4 0 1 0 0 0 3000 2 7 7 6
2 5 1 1 1 0 0 2501 1 6 6 7
2 6 0 1 0 0 0 3000 3 5 5 6
2 7 0 1 0 0 0 3000 3 2 2 5
2 8 1 1 1 0 0 805 1 5 5 2
2 9 1 1 1 0 0 1098 1 2 2 5
2 10 1 1 1 0 0 896 1 5 5 2
2 11 1 1 1 0 0 626 1 2 2 5
2 12 0 1 0 0 0 3000 2 4 4 2
2 13 0 1 0 0 0 3000 3 6 6 4
2 14 0 1 0 0 0 3000 2 1 1 6
2 15 0 1 0 0 0 3000 3 7 7 1
2 16 0 1 0 0 0 3000 2 8 8 7
2 17 0 1 0 0 0 3000 3 12 12 8
2 18 0 1 0 0 0 3000 3 6 6 12
2 19 0 0 0 0 1 897 2 6 6 6
2 20 1 0 0 1 0 3000 1 6 6 6
2 21 0 1 0 0 0 3000 3 1 1 6
2 22 0 1 0 0 0 3000 3 8 8 1
2 23 0 1 0 0 0 3000 3 15 15 8
2 24 0 0 0 0 1 1760 2 2 2 15
2 25 1 1 1 0 0 1418 1 15 15 2
3 1 0 1 0 0 0 3000 3 7 7 15
3 2 0 1 0 0 0 3000 3 8 8 7
3 3 0 1 0 0 0 3000 2 2 2 8
3 4 0 1 0 0 0 3000 3 12 12 2
3 5 1 1 1 0 0 555 1 2 2 12
3 6 0 1 0 0 0 3000 2 3 3 2
3 7 1 0 0 1 0 3000 1 2 2 3
3 8 0 1 0 0 0 3000 2 12 12 2
3 9 0 1 0 0 0 3000 2 13 13 12
3 10 0 1 0 0 0 3000 3 9 9 13
3 11 0 1 0 0 0 3000 2 10 10 9
3 12 1 1 1 0 0 1230 1 9 9 10
3 13 0 1 0 0 0 3000 2 14 14 9
3 14 0 1 0 0 0 3000 2 13 13 14
3 15 0 1 0 0 0 3000 3 9 9 13
3 16 0 1 0 0 0 3000 2 8 8 9
3 17 1 1 1 0 0 1400 1 9 9 8
3 18 1 1 1 0 0 834 1 8 8 9
3 19 0 1 0 0 0 3000 3 14 14 8
3 20 1 1 1 0 0 574 1 8 8 14
3 21 1 1 1 0 0 517 1 14 14 8
3 22 0 1 0 0 0 3000 2 7 7 14
3 23 0 1 0 0 0 3000 2 10 10 7
3 24 1 0 0 1 0 3000 1 7 7 10
3 25 1 1 1 0 0 1448 1 10 10 7
