1 1 0 1 0 0 0 3000 1 6 6 0
1 2 0 1 0 0 0 3000 3 15 15 6
1 3 0 1 0 0 0 3000 3 13 13 15
1 4 0 1 0 0 0 3000 3 5 5 13
1 5 0 1 0 0 0 3000 3 6 6 5
1 6 1 0 0 1 0 3000 1 5 5 6
1 7 1 0 0 1 0 3000 1 6 6 5
1 8 0 1 0 0 0 3000 3 14 14 6
1 9 1 0 0 1 0 3000 1 6 6 14
1 10 1 0 0 1 0 3000 1 14 14 6
1 11 0 1 0 0 0 3000 3 15 15 14
1 12 0 1 0 0 0 3000 2 10 10 15
1 13 0 1 0 0 0 3000 3 6 6 10
1 14 1 0 0 1 0 3000 1 10 10 6
1 15 0 1 0 0 0 3000 3 4 4 10
1 16 0 1 0 0 0 3000 3 2 2 4
1 17 0 1 0 0 0 3000 3 12 12 2
1 18 0 1 0 0 0 3000 2 13 13 12
1 19 1 0 0 1 0 3000 1 12 12 13
1 20 1 0 0 1 0 3000 1 13 13 12
1 21 0 1 0 0 0 3000 2 11 11 13
1 22 0 1 0 0 0 3000 3 7 7 11
1 23 0 1 0 0 0 3000 2 3 3 7
1 24 0 1 0 0 0 3000 2 12 12 3
1 25 1 0 0 1 0 3000 1 3 3 12
2 1 0 1 0 0 0 3000 3 15 15 3
2 2 0 1 0 0 0 3000 1 10 10 15
2 3 1 0 0 1 0 3000 1 15 15 10
2 4 0 1 0 0 0 3000 2 5 5 15
2 5 1 0 0 1 0 3000 1 15 15 5
2 6 0 1 0 0 0 3000 2 11 11 15
2 7 0 1 0 0 0 3000 3 13 13 11
2 8 0 1 0 0 0 3000 3 6 6 13
2 9 0 1 0 0 0 3000 2 2 2 6
2 10 0 1 0 0 0 3000 3 15 15 2
2 11 0 1 0 0 0 3000 3 7 7 15
2 12 1 0 0 1 0 3000 1 15 15 7
2 13 0 1 0 0 0 3000 3 9 9 15
2 14 1 0 0 1 0 3000 1 15 15 9
2 15 1 0 0 1 0 3000 1 9 9 15
2 16 1 0 0 1 0 3000 1 15 15 9
2 17 0 1 0 0 0 3000 3 4 4 15
2 18 0 1 0 0 0 3000 2 6 6 4
2 19 0 1 0 0 0 3000 3 5 5 6
2 20 1 0 0 1 0 3000 1 6 6 5
2 21 0 1 0 0 0 3000 2 15 15 6
2 22 1 0 0 1 0 3000 1 6 6 15
2 23 0 1 0 0 0 3000 2 14 14 6
2 24 0 1 0 0 0 3000 2 12 12 14
2 25 1 0 0 1 0 3000 1 14 14 12
3 1 0 1 0 0 0 3000 1 1 1 14
3 2 0 1 0 0 0 3000 2 12 12 1
3 3 0 1 0 0 0 3000 2 2 2 12
3 4 0 1 0 0 0 3000 3 3 3 2
3 5 0 1 0 0 0 3000 2 4 4 3
3 6 0 1 0 0 0 3000 3 2 2 4
3 7 0 1 0 0 0 3000 3 14 14 2
3 8 1 0 0 1 0 3000 1 2 2 14
3 9 1 0 0 1 0 3000 1 14 14 2
3 10 0 1 0 0 0 3000 3 6 6 14
3 11 1 0 0 1 0 3000 1 14 14 6
3 12 0 1 0 0 0 3000 2 8 8 14
3 13 1 0 0 1 0 3000 1 14 14 8
3 14 1 0 0 1 0 3000 1 8 8 14
3 15 1 0 0 1 0 3000 1 14 14 8
3 16 0 1 0 0 0 3000 2 15 15 14
3 17 0 1 0 0 0 3000 2 3 3 15
3 18 0 1 0 0 0 3000 2 12 12 3
3 19 0 1 0 0 0 3000 2 10 10 12
3 20 1 0 0 1 0 3000 1 12 12 10
3 21 0 1 0 0 0 3000 2 3 3 12
3 22 0 1 0 0 0 3000 2 14 14 3
3 23 0 1 0 0 0 3000 2 6 6 14
3 24 1 0 0 1 0 3000 1 14 14 6
3 25 1 0 0 1 0 3000 1 6 6 14
