1 1 0 1 0 0 0 3000 2 12 12 0
1 2 0 1 0 0 0 3000 3 10 10 12
1 3 0 1 0 0 0 3000 3 10 10 10
1 4 0 1 0 0 0 3000 3 8 8 10
1 5 1 0 0 1 0 3000 1 10 10 8
1 6 1 1 1 0 0 349 1 8 8 10
1 7 0 1 0 0 0 3000 3 9 9 8
1 8 1 0 0 1 0 3000 1 8 8 9
1 9 0 1 0 0 0 3000 2 13 13 8
1 10 0 1 0 0 0 3000 3 12 12 13
1 11 0 1 0 0 0 3000 2 4 4 12
1 12 0 1 0 0 0 3000 2 3 3 4
1 13 1 0 0 1 0 3000 1 4 4 3
1 14 0 1 0 0 0 3000 3 11 11 4
1 15 0 1 0 0 0 3000 3 11 11 11
1 16 1 0 0 1 0 3000 1 11 11 11
1 17 0 1 0 0 0 3000 3 7 7 11
1 18 1 1 1 0 0 1103 1 11 11 7
1 19 0 1 0 0 0 3000 3 10 10 11
1 20 0 1 0 0 0 3000 2 14 14 10
1 21 0 1 0 0 0 3000 3 5 5 14
1 22 1 0 0 1 0 3000 1 14 14 5
1 23 0 1 0 0 0 3000 3 9 9 14
1 24 1 1 1 0 0 415 1 14 14 9
1 25 0 1 0 0 0 3000 2 12 12 14
2 1 0 1 0 0 0 3000 1 7 7 12
2 2 0 1 0 0 0 3000 1 2 2 7
2 3 0 1 0 0 0 3000 3 13 13 2
2 4 1 0 0 1 0 3000 1 2 2 13
2 5 0 1 0 0 0 3000 3 12 12 2
2 6 0 1 0 0 0 3000 3 10 10 12
2 7 0 1 0 0 0 3000 3 11 11 10
2 8 1 0 0 1 0 3000 1 10 10 11
2 9 0 0 0 0 1 288 3 2 2 10
2 10 1 0 0 1 0 3000 1 10 10 2
2 11 0 1 0 0 0 3000 3 3 3 10
2 12 0 1 0 0 0 3000 2 15 15 3
2 13 1 0 0 1 0 3000 1 3 3 15
2 14 1 0 0 1 0 3000 1 15 15 3
2 15 0 1 0 0 0 3000 3 15 15 15
2 16 0 1 0 0 0 3000 3 9 9 15
2 17 1 0 0 1 0 3000 1 15 15 9
2 18 0 1 0 0 0 3000 3 11 11 15
2 19 1 0 0 1 0 3000 1 15 15 11
2 20 0 1 0 0 0 3000 2 14 14 15
2 21 1 1 1 0 0 473 1 15 15 14
2 22 0 1 0 0 0 3000 2 12 12 15
2 23 0 1 0 0 0 3000 3 6 6 12
2 24 0 1 0 0 0 3000 2 10 10 6
2 25 0 1 0 0 0 3000 2 8 8 10
3 1 0 1 0 0 0 3000 1 14 14 8
3 2 0 1 0 0 0 3000 2 4 4 14
3 3 0 1 0 0 0 3000 3 2 2 4
3 4 1 0 0 1 0 3000 1 4 4 2
3 5 0 1 0 0 0 3000 2 6 6 4
3 6 0 1 0 0 0 3000 3 3 3 6
3 7 0 1 0 0 0 3000 3 2 2 3
3 8 1 0 0 1 0 3000 1 3 3 2
3 9 0 1 0 0 0 3000 3 4 4 3
3 10 0 1 0 0 0 3000 3 8 8 4
3 11 1 0 0 1 0 3000 1 4 4 8
3 12 1 1 1 0 0 672 1 8 8 4
3 13 1 0 0 1 0 3000 1 4 4 8
3 14 1 0 0 1 0 3000 1 8 8 4
3 15 0 1 0 0 0 3000 3 1 1 8
3 16 1 1 1 0 0 1116 1 8 8 1
3 17 1 0 0 1 0 3000 1 1 1 8
3 18 1 0 0 1 0 3000 1 8 8 1
3 19 1 1 1 0 0 511 1 1 1 8
3 20 0 1 0 0 0 3000 3 15 15 1
3 21 0 1 0 0 0 3000 2 13 13 15
3 22 0 1 0 0 0 3000 2 5 5 13
3 23 1 0 0 1 0 3000 1 13 13 5
3 24 0 1 0 0 0 3000 3 6 6 13
3 25 1 1 1 0 0 391 1 13 13 6
