1 1 0 1 0 0 0 3000 2 7 7 0
1 2 0 1 0 0 0 3000 2 13 13 7
1 3 1 1 1 0 0 239 1 7 7 13
1 4 0 1 0 0 0 3000 2 8 8 7
1 5 1 1 1 0 0 436 1 7 7 8
1 6 0 1 0 0 0 3000 3 11 11 7
1 7 1 1 1 0 0 380 1 7 7 11
1 8 1 0 0 1 0 3000 1 11 11 7
1 9 0 1 0 0 0 3000 3 6 6 11
1 10 0 1 0 0 0 3000 2 9 9 6
1 11 1 1 1 0 0 354 1 6 6 9
1 12 0 1 0 0 0 3000 3 14 14 6
1 13 0 1 0 0 0 3000 2 9 9 14
1 14 0 1 0 0 0 3000 3 12 12 9
1 15 0 0 0 0 1 312 3 3 3 12
1 16 1 0 0 1 0 3000 1 12 12 3
1 17 0 1 0 0 0 3000 3 14 14 12
1 18 0 1 0 0 0 3000 3 2 2 14
1 19 0 1 0 0 0 3000 2 1 1 2
1 20 1 1 1 0 0 440 1 2 2 1
1 21 0 1 0 0 0 3000 2 13 13 2
1 22 0 1 0 0 0 3000 2 1 1 13
1 23 0 1 0 0 0 3000 2 1 1 1
1 24 1 1 1 0 0 322 1 1 1 1
1 25 0 1 0 0 0 3000 2 11 11 1
2 1 0 1 0 0 0 3000 1 15 15 11
2 2 0 1 0 0 0 3000 3 5 5 15
2 3 0 1 0 0 0 3000 3 5 5 5
2 4 0 1 0 0 0 3000 3 9 9 5
2 5 0 1 0 0 0 3000 2 8 8 9
2 6 0 1 0 0 0 3000 3 15 15 8
2 7 0 1 0 0 0 3000 3 12 12 15
2 8 1 1 1 0 0 358 1 15 15 12
2 9 0 1 0 0 0 3000 2 7 7 15
2 10 0 1 0 0 0 3000 3 2 2 7
2 11 0 1 0 0 0 3000 3 4 4 2
2 12 0 1 0 0 0 3000 3 13 13 4
2 13 0 1 0 0 0 3000 3 15 15 13
2 14 0 1 0 0 0 3000 3 10 10 15
2 15 0 1 0 0 0 3000 3 13 13 10
2 16 0 0 0 0 1 440 2 13 13 13
2 17 1 0 0 1 0 3000 1 13 13 13
2 18 1 0 0 1 0 3000 1 13 13 13
2 19 0 1 0 0 0 3000 3 4 4 13
2 20 1 1 1 0 0 390 1 13 13 4
2 21 0 1 0 0 0 3000 2 3 3 13
2 22 1 0 0 1 0 3000 1 13 13 3
2 23 0 1 0 0 0 3000 2 7 7 13
2 24 0 1 0 0 0 3000 2 8 8 7
2 25 1 1 1 0 0 353 1 7 7 8
3 1 0 1 0 0 0 3000 2 10 10 7
3 2 0 1 0 0 0 3000 1 1 1 10
3 3 0 1 0 0 0 3000 2 9 9 1
3 4 1 1 1 0 0 883 1 1 1 9
3 5 0 1 0 0 0 3000 2 6 6 1
3 6 0 1 0 0 0 3000 2 5 5 6
3 7 0 1 0 0 0 3000 3 15 15 5
3 8 0 1 0 0 0 3000 3 12 12 15
3 9 0 0 0 0 1 633 3 12 12 12
3 10 0 1 0 0 0 3000 2 15 15 12
3 11 0 1 0 0 0 3000 3 5 5 15
3 12 0 1 0 0 0 3000 3 2 2 5
3 13 0 1 0 0 0 3000 2 12 12 2
3 14 1 1 1 0 0 372 1 2 2 12
3 15 1 0 0 1 0 3000 1 12 12 2
3 16 0 1 0 0 0 3000 3 10 10 12
3 17 0 1 0 0 0 3000 2 5 5 10
3 18 1 0 0 1 0 3000 1 10 10 5
3 19 1 0 0 1 0 3000 1 5 5 10
3 20 0 1 0 0 0 3000 2 4 4 5
3 21 0 1 0 0 0 3000 3 13 13 4
3 22 0 1 0 0 0 3000 2 9 9 13
3 23 1 1 1 0 0 605 1 13 13 9
3 24 1 1 1 0 0 700 1 9 9 13
3 25 0 1 0 0 0 3000 3 14 14 9
