1 1 0 1 0 0 0 3000 3 13 13 0
1 2 0 1 0 0 0 3000 1 1 1 13
1 3 0 1 0 0 0 3000 2 12 12 1
1 4 0 1 0 0 0 3000 3 3 3 12
1 5 1 0 0 1 0 3000 1 12 12 3
1 6 0 1 0 0 0 3000 3 12 12 12
1 7 1 1 1 0 0 577 1 12 12 12
1 8 0 1 0 0 0 3000 3 2 2 12
1 9 0 1 0 0 0 3000 2 8 8 2
1 10 1 1 1 0 0 404 1 2 2 8
1 11 1 0 0 1 0 3000 1 8 8 2
1 12 0 1 0 0 0 3000 3 6 6 8
1 13 1 1 1 0 0 445 1 8 8 6
1 14 0 1 0 0 0 3000 3 14 14 8
1 15 0 1 0 0 0 3000 2 7 7 14
1 16 0 1 0 0 0 3000 2 3 3 7
1 17 1 1 1 0 0 382 1 7 7 3
1 18 0 1 0 0 0 3000 3 15 15 7
1 19 0 1 0 0 0 3000 2 15 15 15
1 20 0 1 0 0 0 3000 3 12 12 15
1 21 0 1 0 0 0 3000 2 8 8 12
1 22 0 1 0 0 0 3000 3 7 7 8
1 23 0 1 0 0 0 3000 3 3 3 7
1 24 1 1 1 0 0 444 1 7 7 3
1 25 0 1 0 0 0 3000 3 12 12 7
2 1 0 1 0 0 0 3000 1 9 9 12
2 2 0 1 0 0 0 3000 2 4 4 9
2 3 0 1 0 0 0 3000 2 6 6 4
2 4 1 1 1 0 0 383 1 4 4 6
2 5 0 1 0 0 0 3000 2 10 10 4
2 6 0 1 0 0 0 3000 3 2 2 10
2 7 0 1 0 0 0 3000 3 15 15 2
2 8 0 1 0 0 0 3000 2 13 13 15
2 9 1 1 1 0 0 375 1 15 15 13
2 10 1 1 1 0 0 590 1 13 13 15
2 11 1 1 1 0 0 547 1 15 15 13
2 12 0 1 0 0 0 3000 2 10 10 15
2 13 0 1 0 0 0 3000 3 11 11 10
2 14 0 1 0 0 0 3000 3 8 8 11
2 15 0 1 0 0 0 3000 2 2 2 8
2 16 1 1 1 0 0 360 1 8 8 2
2 17 0 1 0 0 0 3000 2 1 1 8
2 18 1 1 1 0 0 537 1 8 8 1
2 19 1 1 1 0 0 502 1 1 1 8
2 20 0 1 0 0 0 3000 3 2 2 1
2 21 0 1 0 0 0 3000 3 2 2 2
2 22 0 1 0 0 0 3000 2 13 13 2
2 23 1 1 1 0 0 369 1 2 2 13
2 24 1 0 0 1 0 3000 1 13 13 2
2 25 0 1 0 0 0 3000 3 8 8 13
3 1 0 1 0 0 0 3000 3 2 2 8
3 2 0 1 0 0 0 3000 3 11 11 2
3 3 1 1 1 0 0 429 1 2 2 11
3 4 0 1 0 0 0 3000 2 14 14 2
3 5 0 1 0 0 0 3000 3 4 4 14
3 6 0 1 0 0 0 3000 3 3 3 4
3 7 0 1 0 0 0 3000 2 13 13 3
3 8 1 1 1 0 0 348 1 3 3 13
3 9 0 1 0 0 0 3000 3 12 12 3
3 10 0 1 0 0 0 3000 2 5 5 12
3 11 1 1 1 0 0 351 1 12 12 5
3 12 1 1 1 0 0 492 1 5 5 12
3 13 0 1 0 0 0 3000 2 14 14 5
3 14 0 1 0 0 0 3000 3 2 2 14
3 15 0 1 0 0 0 3000 3 8 8 2
3 16 1 1 1 0 0 380 1 2 2 8
3 17 0 1 0 0 0 3000 2 4 4 2
3 18 0 1 0 0 0 3000 3 6 6 4
3 19 0 1 0 0 0 3000 3 5 5 6
3 20 1 1 1 0 0 411 1 6 6 5
3 21 1 1 1 0 0 615 1 5 5 6
3 22 1 1 1 0 0 403 1 6 6 5
3 23 0 1 0 0 0 3000 2 7 7 6
3 24 0 1 0 0 0 3000 2 5 5 7
3 25 1 1 1 0 0 371 1 7 7 5
