1 1 0 1 0 0 0 3000 3 5 5 0
1 2 0 1 0 0 0 3000 2 15 15 5
1 3 0 1 0 0 0 3000 3 7 7 15
1 4 0 1 0 0 0 3000 3 6 6 7
1 5 1 1 1 0 0 920 1 7 7 6
1 6 1 1 1 0 0 1041 1 6 6 7
1 7 0 1 0 0 0 3000 3 4 4 6
1 8 0 0 0 0 1 500 3 7 7 4
1 9 0 0 0 0 1 677 3 5 5 7
1 10 0 0 0 0 1 556 3 15 15 5
1 11 1 1 1 0 0 663 1 5 5 15
1 12 0 0 0 0 1 818 2 7 7 5
1 13 1 1 1 0 0 580 1 5 5 7
1 14 0 1 0 0 0 3000 3 5 5 5
1 15 0 0 0 0 1 627 2 15 15 5
1 16 0 1 0 0 0 3000 3 13 13 15
1 17 1 1 1 0 0 557 1 15 15 13
1 18 0 1 0 0 0 3000 2 3 3 15
1 19 0 1 0 0 0 3000 2 1 1 3
1 20 1 1 1 0 0 427 1 3 3 1
1 21 0 1 0 0 0 3000 3 10 10 3
1 22 1 1 1 0 0 785 1 3 3 10
1 23 0 1 0 0 0 3000 2 13 13 3
1 24 1 1 1 0 0 579 1 3 3 13
1 25 0 1 0 0 0 3000 2 11 11 3
2 1 0 1 0 0 0 3000 2 8 8 11
2 2 0 1 0 0 0 3000 1 13 13 8
2 3 0 1 0 0 0 3000 2 14 14 13
2 4 0 1 0 0 0 3000 3 14 14 14
2 5 0 1 0 0 0 3000 2 15 15 14
2 6 0 1 0 0 0 3000 2 4 4 15
2 7 0 1 0 0 0 3000 2 5 5 4
2 8 0 1 0 0 0 3000 2 10 10 5
2 9 1 1 1 0 0 673 1 5 5 10
2 10 1 1 1 0 0 995 1 10 10 5
2 11 0 0 0 0 1 626 3 14 14 10
2 12 1 0 0 1 0 3000 1 10 10 14
2 13 0 0 0 0 1 750 2 7 7 10
2 14 1 1 1 0 0 480 1 10 10 7
2 15 0 1 0 0 0 3000 2 12 12 10
2 16 1 1 1 0 0 601 1 10 10 12
2 17 0 0 0 0 1 669 2 7 7 10
2 18 1 1 1 0 0 564 1 10 10 7
2 19 1 1 1 0 0 705 1 7 7 10
2 20 0 1 0 0 0 3000 2 12 12 7
2 21 0 1 0 0 0 3000 2 14 14 12
2 22 0 1 0 0 0 3000 2 5 5 14
2 23 0 1 0 0 0 3000 3 9 9 5
2 24 0 0 0 0 1 581 2 14 14 9
2 25 0 0 0 0 1 637 3 13 13 14
3 1 0 1 0 0 0 3000 1 2 2 13
3 2 0 1 0 0 0 3000 1 12 12 2
3 3 1 1 1 0 0 442 1 2 2 12
3 4 0 1 0 0 0 3000 3 7 7 2
3 5 0 0 0 0 1 513 2 12 12 7
3 6 1 1 1 0 0 586 1 7 7 12
3 7 0 1 0 0 0 3000 3 5 5 7
3 8 0 1 0 0 0 3000 2 11 11 5
3 9 0 0 0 0 1 585 2 7 7 11
3 10 0 1 0 0 0 3000 3 10 10 7
3 11 0 1 0 0 0 3000 3 14 14 10
3 12 0 0 0 0 1 711 3 11 11 14
3 13 0 1 0 0 0 3000 2 15 15 11
3 14 1 1 1 0 0 567 1 11 11 15
3 15 1 1 1 0 0 501 1 15 15 11
3 16 1 1 1 0 0 549 1 11 11 15
3 17 0 1 0 0 0 3000 2 9 9 11
3 18 1 1 1 0 0 463 1 11 11 9
3 19 0 1 0 0 0 3000 2 6 6 11
3 20 0 1 0 0 0 3000 3 10 10 6
3 21 0 1 0 0 0 3000 3 7 7 10
3 22 0 1 0 0 0 3000 3 13 13 7
3 23 0 1 0 0 0 3000 2 5 5 13
3 24 0 1 0 0 0 3000 3 12 12 5
3 25 0 1 0 0 0 3000 2 15 15 12
