1 1 0 1 0 0 0 3000 2 6 6 0
1 2 0 1 0 0 0 3000 3 10 10 6
1 3 1 1 1 0 0 383 1 6 6 10
1 4 0 1 0 0 0 3000 3 8 8 6
1 5 0 1 0 0 0 3000 3 4 4 8
1 6 0 1 0 0 0 3000 2 10 10 4
1 7 1 1 1 0 0 360 1 4 4 10
1 8 0 1 0 0 0 3000 3 12 12 4
1 9 0 1 0 0 0 3000 2 2 2 12
1 10 0 1 0 0 0 3000 2 13 13 2
1 11 0 1 0 0 0 3000 3 4 4 13
1 12 0 1 0 0 0 3000 3 14 14 4
1 13 1 1 1 0 0 355 1 4 4 14
1 14 0 1 0 0 0 3000 2 11 11 4
1 15 0 1 0 0 0 3000 2 5 5 11
1 16 0 1 0 0 0 3000 3 15 15 5
1 17 1 1 1 0 0 389 1 5 5 15
1 18 0 1 0 0 0 3000 2 6 6 5
1 19 0 1 0 0 0 3000 2 8 8 6
1 20 0 1 0 0 0 3000 2 8 8 8
1 21 1 1 1 0 0 394 1 8 8 8
1 22 0 1 0 0 0 3000 3 2 2 8
1 23 0 1 0 0 0 3000 3 10 10 2
1 24 0 1 0 0 0 3000 2 13 13 10
1 25 1 1 1 0 0 360 1 10 10 13
2 1 0 1 0 0 0 3000 2 5 5 10
2 2 0 1 0 0 0 3000 1 2 2 5
2 3 0 1 0 0 0 3000 3 6 6 2
2 4 0 1 0 0 0 3000 2 5 5 6
2 5 1 1 1 0 0 319 1 6 6 5
2 6 0 1 0 0 0 3000 2 9 9 6
2 7 1 1 1 0 0 404 1 6 6 9
2 8 1 0 0 1 0 3000 1 9 9 6
2 9 1 1 1 0 0 397 1 6 6 9
2 10 0 1 0 0 0 3000 2 11 11 6
2 11 0 1 0 0 0 3000 2 8 8 11
2 12 1 0 0 1 0 3000 1 11 11 8
2 13 0 1 0 0 0 3000 3 14 14 11
2 14 1 0 0 1 0 3000 1 11 11 14
2 15 1 1 1 0 0 346 1 14 14 11
2 16 0 1 0 0 0 3000 2 6 6 14
2 17 1 1 1 0 0 389 1 14 14 6
2 18 1 0 0 1 0 3000 1 6 6 14
2 19 1 1 1 0 0 359 1 14 14 6
2 20 0 1 0 0 0 3000 3 10 10 14
2 21 1 1 1 0 0 378 1 14 14 10
2 22 0 1 0 0 0 3000 3 4 4 14
2 23 0 1 0 0 0 3000 3 2 2 4
2 24 0 1 0 0 0 3000 2 11 11 2
2 25 0 1 0 0 0 3000 3 7 7 11
3 1 0 1 0 0 0 3000 2 12 12 7
3 2 0 1 0 0 0 3000 2 14 14 12
3 3 0 1 0 0 0 3000 3 14 14 14
3 4 0 1 0 0 0 3000 2 15 15 14
3 5 0 1 0 0 0 3000 2 2 2 15
3 6 0 1 0 0 0 3000 3 13 13 2
3 7 0 1 0 0 0 3000 2 8 8 13
3 8 1 0 0 1 0 3000 1 13 13 8
3 9 1 1 1 0 0 463 1 8 8 13
3 10 0 1 0 0 0 3000 3 2 2 8
3 11 1 1 1 0 0 364 1 8 8 2
3 12 0 1 0 0 0 3000 3 11 11 8
3 13 0 1 0 0 0 3000 2 15 15 11
3 14 0 1 0 0 0 3000 2 1 1 15
3 15 0 1 0 0 0 3000 3 9 9 1
3 16 0 1 0 0 0 3000 3 15 15 9
3 17 0 1 0 0 0 3000 3 4 4 15
3 18 0 1 0 0 0 3000 3 12 12 4
3 19 0 1 0 0 0 3000 3 5 5 12
3 20 0 1 0 0 0 3000 3 2 2 5
3 21 0 1 0 0 0 3000 3 4 4 2
3 22 0 1 0 0 0 3000 2 5 5 4
3 23 0 1 0 0 0 3000 3 3 3 5
3 24 1 0 0 1 0 3000 1 5 5 3
3 25 0 1 0 0 0 3000 3 15 15 5
