1 1 0 1 0 0 0 3000 2 13 13 0
1 2 0 1 0 0 0 3000 1 5 5 13
1 3 1 1 1 0 0 337 1 13 13 5
1 4 0 1 0 0 0 3000 3 12 12 13
1 5 0 1 0 0 0 3000 3 14 14 12
1 6 0 1 0 0 0 3000 3 6 6 14
1 7 0 1 0 0 0 3000 3 1 1 6
1 8 0 1 0 0 0 3000 2 9 9 1
1 9 0 1 0 0 0 3000 2 12 12 9
1 10 0 1 0 0 0 3000 2 15 15 12
1 11 0 1 0 0 0 3000 3 4 4 15
1 12 1 1 1 0 0 364 1 15 15 4
1 13 0 1 0 0 0 3000 2 7 7 15
1 14 1 1 1 0 0 862 1 15 15 7
1 15 0 1 0 0 0 3000 2 15 15 15
1 16 0 1 0 0 0 3000 2 10 10 15
1 17 0 1 0 0 0 3000 2 4 4 10
1 18 0 1 0 0 0 3000 3 3 3 4
1 19 0 1 0 0 0 3000 3 1 1 3
1 20 0 1 0 0 0 3000 3 11 11 1
1 21 1 1 1 0 0 401 1 1 1 11
1 22 0 1 0 0 0 3000 3 14 14 1
1 23 0 1 0 0 0 3000 2 15 15 14
1 24 0 1 0 0 0 3000 3 10 10 15
1 25 0 1 0 0 0 3000 2 12 12 10
2 1 0 1 0 0 0 3000 3 3 3 12
2 2 0 1 0 0 0 3000 3 8 8 3
2 3 0 1 0 0 0 3000 3 14 14 8
2 4 0 1 0 0 0 3000 2 10 10 14
2 5 0 1 0 0 0 3000 2 11 11 10
2 6 0 1 0 0 0 3000 2 15 15 11
2 7 0 1 0 0 0 3000 3 8 8 15
2 8 0 1 0 0 0 3000 3 1 1 8
2 9 0 1 0 0 0 3000 2 9 9 1
2 10 1 1 1 0 0 331 1 1 1 9
2 11 0 1 0 0 0 3000 2 4 4 1
2 12 1 0 0 1 0 3000 1 1 1 4
2 13 0 1 0 0 0 3000 2 13 13 1
2 14 0 1 0 0 0 3000 2 11 11 13
2 15 0 1 0 0 0 3000 2 3 3 11
2 16 0 1 0 0 0 3000 2 8 8 3
2 17 0 1 0 0 0 3000 2 12 12 8
2 18 0 1 0 0 0 3000 2 13 13 12
2 19 1 1 1 0 0 395 1 12 12 13
2 20 1 1 1 0 0 582 1 13 13 12
2 21 0 1 0 0 0 3000 3 7 7 13
2 22 0 1 0 0 0 3000 2 3 3 7
2 23 1 1 1 0 0 403 1 7 7 3
2 24 1 1 1 0 0 515 1 3 3 7
2 25 0 1 0 0 0 3000 2 12 12 3
3 1 0 1 0 0 0 3000 3 4 4 12
3 2 0 1 0 0 0 3000 2 1 1 4
3 3 0 1 0 0 0 3000 3 14 14 1
3 4 0 0 0 0 1 654 3 4 4 14
3 5 0 1 0 0 0 3000 2 10 10 4
3 6 1 1 1 0 0 377 1 4 4 10
3 7 0 1 0 0 0 3000 3 13 13 4
3 8 1 0 0 1 0 3000 1 4 4 13
3 9 0 1 0 0 0 3000 3 2 2 4
3 10 1 1 1 0 0 534 1 4 4 2
3 11 1 1 1 0 0 408 1 2 2 4
3 12 0 1 0 0 0 3000 3 3 3 2
3 13 0 1 0 0 0 3000 3 6 6 3
3 14 0 1 0 0 0 3000 2 5 5 6
3 15 0 1 0 0 0 3000 2 15 15 5
3 16 0 1 0 0 0 3000 2 1 1 15
3 17 1 1 1 0 0 380 1 15 15 1
3 18 1 1 1 0 0 373 1 1 1 15
3 19 0 1 0 0 0 3000 2 1 1 1
3 20 0 1 0 0 0 3000 2 14 14 1
3 21 0 0 0 0 1 476 3 11 11 14
3 22 0 1 0 0 0 3000 2 8 8 11
3 23 0 1 0 0 0 3000 3 14 14 8
3 24 0 1 0 0 0 3000 2 14 14 14
3 25 0 1 0 0 0 3000 3 15 15 14
