1 1 0 1 0 0 0 3000 3 12 12 0
1 2 0 1 0 0 0 3000 3 15 15 12
1 3 0 1 0 0 0 3000 3 15 15 15
1 4 1 1 1 0 0 568 1 15 15 15
1 5 0 1 0 0 0 3000 3 3 3 15
1 6 0 1 0 0 0 3000 2 5 5 3
1 7 0 1 0 0 0 3000 3 2 2 5
1 8 0 1 0 0 0 3000 2 3 3 2
1 9 1 0 0 1 0 3000 1 2 2 3
1 10 0 0 0 0 1 272 3 8 8 2
1 11 0 0 0 0 1 667 3 10 10 8
1 12 0 1 0 0 0 3000 3 12 12 10
1 13 0 1 0 0 0 3000 2 8 8 12
1 14 0 1 0 0 0 3000 2 2 2 8
1 15 0 1 0 0 0 3000 2 11 11 2
1 16 1 1 1 0 0 409 1 2 2 11
1 17 0 1 0 0 0 3000 2 3 3 2
1 18 0 1 0 0 0 3000 2 6 6 3
1 19 1 1 1 0 0 515 1 3 3 6
1 20 0 1 0 0 0 3000 2 12 12 3
1 21 0 1 0 0 0 3000 2 10 10 12
1 22 0 1 0 0 0 3000 3 13 13 10
1 23 1 1 1 0 0 420 1 10 10 13
1 24 1 0 0 1 0 3000 1 13 13 10
1 25 0 1 0 0 0 3000 2 9 9 13
2 1 0 1 0 0 0 3000 3 11 11 9
2 2 0 1 0 0 0 3000 1 7 7 11
2 3 0 1 0 0 0 3000 2 9 9 7
2 4 0 1 0 0 0 3000 3 9 9 9
2 5 0 1 0 0 0 3000 2 1 1 9
2 6 0 1 0 0 0 3000 2 3 3 1
2 7 1 1 1 0 0 437 1 1 1 3
2 8 0 1 0 0 0 3000 3 5 5 1
2 9 1 0 0 1 0 3000 1 1 1 5
2 10 1 1 1 0 0 377 1 5 5 1
2 11 0 1 0 0 0 3000 3 4 4 5
2 12 0 1 0 0 0 3000 3 1 1 4
2 13 0 1 0 0 0 3000 2 8 8 1
2 14 0 0 0 0 1 667 3 8 8 8
2 15 0 1 0 0 0 3000 3 9 9 8
2 16 0 1 0 0 0 3000 2 12 12 9
2 17 1 1 1 0 0 453 1 9 9 12
2 18 0 1 0 0 0 3000 2 4 4 9
2 19 0 1 0 0 0 3000 3 13 13 4
2 20 1 1 1 0 0 510 1 4 4 13
2 21 0 1 0 0 0 3000 3 2 2 4
2 22 1 0 0 1 0 3000 1 4 4 2
2 23 1 1 1 0 0 537 1 2 2 4
2 24 1 0 0 1 0 3000 1 4 4 2
2 25 0 1 0 0 0 3000 3 6 6 4
3 1 0 1 0 0 0 3000 3 1 1 6
3 2 0 1 0 0 0 3000 1 11 11 1
3 3 0 1 0 0 0 3000 3 14 14 11
3 4 0 1 0 0 0 3000 2 1 1 14
3 5 1 1 1 0 0 463 1 14 14 1
3 6 1 0 0 1 0 3000 1 1 1 14
3 7 0 1 0 0 0 3000 3 1 1 1
3 8 1 1 1 0 0 1105 1 1 1 1
3 9 0 1 0 0 0 3000 3 2 2 1
3 10 0 1 0 0 0 3000 2 2 2 2
3 11 0 1 0 0 0 3000 3 7 7 2
3 12 0 1 0 0 0 3000 2 6 6 7
3 13 0 1 0 0 0 3000 2 15 15 6
3 14 0 1 0 0 0 3000 2 14 14 15
3 15 0 1 0 0 0 3000 2 4 4 14
3 16 0 1 0 0 0 3000 3 9 9 4
3 17 1 1 1 0 0 369 1 4 4 9
3 18 0 1 0 0 0 3000 3 7 7 4
3 19 1 1 1 0 0 1397 1 4 4 7
3 20 1 1 1 0 0 1762 1 7 7 4
3 21 1 1 1 0 0 752 1 4 4 7
3 22 0 1 0 0 0 3000 3 2 2 4
3 23 0 1 0 0 0 3000 2 12 12 2
3 24 0 1 0 0 0 3000 3 9 9 12
3 25 1 1 1 0 0 423 1 12 12 9
