1 1 0 1 0 0 0 3000 2 15 15 0
1 2 0 1 0 0 0 3000 2 10 10 15
1 3 1 1 1 0 0 791 1 15 15 10
1 4 0 1 0 0 0 3000 3 4 4 15
1 5 0 1 0 0 0 3000 3 11 11 4
1 6 0 1 0 0 0 3000 3 12 12 11
1 7 0 1 0 0 0 3000 2 2 2 12
1 8 0 0 0 0 1 1399 3 4 4 2
1 9 0 1 0 0 0 3000 2 3 3 4
1 10 0 1 0 0 0 3000 3 10 10 3
1 11 1 1 1 0 0 696 1 3 3 10
1 12 1 0 0 1 0 3000 1 10 10 3
1 13 1 0 0 1 0 3000 1 3 3 10
1 14 0 1 0 0 0 3000 3 6 6 3
1 15 0 1 0 0 0 3000 2 1 1 6
1 16 1 1 1 0 0 476 1 6 6 1
1 17 0 1 0 0 0 3000 3 9 9 6
1 18 0 1 0 0 0 3000 2 9 9 9
1 19 0 1 0 0 0 3000 3 6 6 9
1 20 0 1 0 0 0 3000 2 13 13 6
1 21 1 1 1 0 0 484 1 6 6 13
1 22 0 1 0 0 0 3000 2 10 10 6
1 23 1 0 0 1 0 3000 1 6 6 10
1 24 0 1 0 0 0 3000 2 6 6 6
1 25 0 1 0 0 0 3000 2 15 15 6
2 1 0 1 0 0 0 3000 2 9 9 15
2 2 0 1 0 0 0 3000 3 9 9 9
2 3 0 1 0 0 0 3000 3 5 5 9
2 4 0 1 0 0 0 3000 2 10 10 5
2 5 1 1 1 0 0 764 1 5 5 10
2 6 0 1 0 0 0 3000 3 1 1 5
2 7 0 1 0 0 0 3000 3 15 15 1
2 8 0 1 0 0 0 3000 3 9 9 15
2 9 0 1 0 0 0 3000 2 14 14 9
2 10 0 1 0 0 0 3000 3 1 1 14
2 11 0 1 0 0 0 3000 3 13 13 1
2 12 1 1 1 0 0 473 1 1 1 13
2 13 1 0 0 1 0 3000 1 13 13 1
2 14 0 1 0 0 0 3000 3 9 9 13
2 15 1 1 1 0 0 698 1 13 13 9
2 16 0 1 0 0 0 3000 2 13 13 13
2 17 0 1 0 0 0 3000 3 4 4 13
2 18 0 1 0 0 0 3000 2 3 3 4
2 19 0 1 0 0 0 3000 2 6 6 3
2 20 0 1 0 0 0 3000 2 10 10 6
2 21 0 1 0 0 0 3000 2 15 15 10
2 22 1 1 1 0 0 516 1 10 10 15
2 23 1 0 0 1 0 3000 1 15 15 10
2 24 1 0 0 1 0 3000 1 10 10 15
2 25 1 1 1 0 0 477 1 15 15 10
3 1 0 1 0 0 0 3000 3 2 2 15
3 2 0 1 0 0 0 3000 1 7 7 2
3 3 1 1 1 0 0 530 1 2 2 7
3 4 1 1 1 0 0 1325 1 7 7 2
3 5 0 1 0 0 0 3000 2 9 9 7
3 6 1 1 1 0 0 2055 1 7 7 9
3 7 0 1 0 0 0 3000 2 1 1 7
3 8 1 1 1 0 0 1608 1 7 7 1
3 9 0 1 0 0 0 3000 3 12 12 7
3 10 0 1 0 0 0 3000 2 6 6 12
3 11 0 1 0 0 0 3000 2 2 2 6
3 12 0 1 0 0 0 3000 3 10 10 2
3 13 1 1 1 0 0 431 1 2 2 10
3 14 1 1 1 0 0 573 1 10 10 2
3 15 1 1 1 0 0 404 1 2 2 10
3 16 0 1 0 0 0 3000 2 13 13 2
3 17 1 1 1 0 0 772 1 2 2 13
3 18 1 1 1 0 0 620 1 13 13 2
3 19 1 1 1 0 0 771 1 2 2 13
3 20 0 1 0 0 0 3000 3 2 2 2
3 21 0 1 0 0 0 3000 2 3 3 2
3 22 1 0 0 1 0 3000 1 2 2 3
3 23 1 1 1 0 0 429 1 3 3 2
3 24 0 1 0 0 0 3000 3 1 1 3
3 25 1 1 1 0 0 423 1 3 3 1
