1 1 0 1 0 0 0 3000 2 11 11 0
1 2 0 1 0 0 0 3000 1 3 3 11
1 3 0 1 0 0 0 3000 2 14 14 3
1 4 1 1 1 0 0 350 1 3 3 14
1 5 0 1 0 0 0 3000 2 6 6 3
1 6 0 1 0 0 0 3000 2 2 2 6
1 7 0 1 0 0 0 3000 3 7 7 2
1 8 0 1 0 0 0 3000 3 5 5 7
1 9 0 1 0 0 0 3000 3 11 11 5
1 10 1 0 0 1 0 3000 1 5 5 11
1 11 0 0 0 0 1 680 3 10 10 5
1 12 0 1 0 0 0 3000 2 8 8 10
1 13 0 0 0 0 1 1484 2 7 7 8
1 14 0 0 0 0 1 2537 2 12 12 7
1 15 0 0 0 0 1 1657 2 9 9 12
1 16 1 1 1 0 0 959 1 12 12 9
1 17 1 0 0 1 0 3000 1 9 9 12
1 18 0 0 0 0 1 1020 3 15 15 9
1 19 1 1 1 0 0 425 1 9 9 15
1 20 0 0 0 0 1 696 2 9 9 9
1 21 0 1 0 0 0 3000 2 2 2 9
1 22 1 0 0 1 0 3000 1 9 9 2
1 23 0 1 0 0 0 3000 2 15 15 9
1 24 0 1 0 0 0 3000 2 2 2 15
1 25 0 0 0 0 1 2125 3 2 2 2
2 1 0 0 0 0 1 691 2 9 9 2
2 2 0 1 0 0 0 3000 1 9 9 9
2 3 1 1 1 0 0 566 1 9 9 9
2 4 0 1 0 0 0 3000 3 14 14 9
2 5 0 1 0 0 0 3000 2 7 7 14
2 6 0 1 0 0 0 3000 3 11 11 7
2 7 0 1 0 0 0 3000 2 3 3 11
2 8 0 1 0 0 0 3000 2 9 9 3
2 9 0 0 0 0 1 36 3 12 12 9
2 10 1 0 0 1 0 3000 1 9 9 12
2 11 1 0 0 1 0 3000 1 12 12 9
2 12 0 1 0 0 0 3000 3 3 3 12
2 13 0 0 0 0 1 295 3 10 10 3
2 14 1 1 1 0 0 450 1 3 3 10
2 15 0 1 0 0 0 3000 3 1 1 3
2 16 0 0 0 0 1 485 2 9 9 1
2 17 0 0 0 0 1 535 2 9 9 9
2 18 1 0 0 1 0 3000 1 9 9 9
2 19 1 1 1 0 0 291 1 9 9 9
2 20 0 1 0 0 0 3000 2 1 1 9
2 21 0 0 0 0 1 268 3 2 2 1
2 22 0 1 0 0 0 3000 3 15 15 2
2 23 1 1 1 0 0 276 1 2 2 15
2 24 0 1 0 0 0 3000 2 11 11 2
2 25 1 0 0 1 0 3000 1 2 2 11
3 1 0 1 0 0 0 3000 2 2 2 2
3 2 0 1 0 0 0 3000 1 7 7 2
3 3 0 0 0 0 1 272 2 1 1 7
3 4 0 0 0 0 1 873 3 2 2 1
3 5 0 1 0 0 0 3000 2 3 3 2
3 6 0 0 0 0 1 363 3 12 12 3
3 7 0 1 0 0 0 3000 2 14 14 12
3 8 0 0 0 0 1 1935 2 4 4 14
3 9 0 0 0 0 1 2759 2 1 1 4
3 10 0 0 0 0 1 1206 2 11 11 1
3 11 0 0 0 0 1 1068 3 15 15 11
3 12 1 0 0 1 0 3000 1 11 11 15
3 13 0 0 0 0 1 326 3 5 5 11
3 14 0 1 0 0 0 3000 2 6 6 5
3 15 1 1 1 0 0 338 1 5 5 6
3 16 0 1 0 0 0 3000 3 7 7 5
3 17 0 0 0 0 1 495 3 6 6 7
3 18 0 0 0 0 1 535 3 9 9 6
3 19 0 1 0 0 0 3000 2 12 12 9
3 20 0 1 0 0 0 3000 3 10 10 12
3 21 0 1 0 0 0 3000 2 5 5 10
3 22 0 1 0 0 0 3000 3 13 13 5
3 23 0 0 0 0 1 362 3 3 3 13
3 24 0 1 0 0 0 3000 3 6 6 3
3 25 1 1 1 0 0 832 1 3 3 6
