1 1 0 1 0 0 0 3000 2 1 1 0
1 2 0 1 0 0 0 3000 2 15 15 1
1 3 0 1 0 0 0 3000 3 4 4 15
1 4 0 1 0 0 0 3000 3 13 13 4
1 5 0 0 0 0 1 573 2 13 13 13
1 6 0 1 0 0 0 3000 3 15 15 13
1 7 0 1 0 0 0 3000 2 6 6 15
1 8 1 1 1 0 0 585 1 15 15 6
1 9 0 1 0 0 0 3000 3 15 15 15
1 10 1 0 0 1 0 3000 1 15 15 15
1 11 0 1 0 0 0 3000 3 10 10 15
1 12 0 1 0 0 0 3000 2 2 2 10
1 13 1 1 1 0 0 675 1 10 10 2
1 14 0 1 0 0 0 3000 2 14 14 10
1 15 0 1 0 0 0 3000 3 6 6 14
1 16 0 1 0 0 0 3000 3 3 3 6
1 17 1 1 1 0 0 434 1 6 6 3
1 18 1 0 0 1 0 3000 1 3 3 6
1 19 1 1 1 0 0 427 1 6 6 3
1 20 0 1 0 0 0 3000 2 2 2 6
1 21 0 1 0 0 0 3000 2 7 7 2
1 22 0 1 0 0 0 3000 2 7 7 7
1 23 1 1 1 0 0 575 1 7 7 7
1 24 0 1 0 0 0 3000 3 13 13 7
1 25 1 1 1 0 0 554 1 7 7 13
2 1 0 1 0 0 0 3000 3 7 7 7
2 2 0 1 0 0 0 3000 1 15 15 7
2 3 0 1 0 0 0 3000 2 15 15 15
2 4 0 1 0 0 0 3000 2 12 12 15
2 5 1 1 1 0 0 368 1 15 15 12
2 6 1 1 1 0 0 941 1 12 12 15
2 7 1 1 1 0 0 439 1 15 15 12
2 8 0 1 0 0 0 3000 2 6 6 15
2 9 0 1 0 0 0 3000 2 13 13 6
2 10 0 1 0 0 0 3000 2 15 15 13
2 11 0 1 0 0 0 3000 3 1 1 15
2 12 1 0 0 1 0 3000 1 15 15 1
2 13 1 0 0 1 0 3000 1 1 1 15
2 14 0 0 0 0 1 548 2 13 13 1
2 15 0 1 0 0 0 3000 3 9 9 13
2 16 1 1 1 0 0 394 1 13 13 9
2 17 0 1 0 0 0 3000 3 5 5 13
2 18 1 0 0 1 0 3000 1 13 13 5
2 19 0 1 0 0 0 3000 3 15 15 13
2 20 0 1 0 0 0 3000 2 7 7 15
2 21 0 1 0 0 0 3000 3 3 3 7
2 22 1 0 0 1 0 3000 1 7 7 3
2 23 0 1 0 0 0 3000 2 6 6 7
2 24 0 1 0 0 0 3000 3 1 1 6
2 25 1 0 0 1 0 3000 1 6 6 1
3 1 0 1 0 0 0 3000 2 15 15 6
3 2 0 1 0 0 0 3000 2 12 12 15
3 3 1 1 1 0 0 407 1 15 15 12
3 4 1 1 1 0 0 692 1 12 12 15
3 5 0 1 0 0 0 3000 2 11 11 12
3 6 0 1 0 0 0 3000 3 2 2 11
3 7 1 1 1 0 0 354 1 11 11 2
3 8 0 1 0 0 0 3000 2 1 1 11
3 9 0 1 0 0 0 3000 2 8 8 1
3 10 1 0 0 1 0 3000 1 1 1 8
3 11 0 1 0 0 0 3000 2 5 5 1
3 12 0 1 0 0 0 3000 2 4 4 5
3 13 0 1 0 0 0 3000 2 12 12 4
3 14 0 1 0 0 0 3000 3 10 10 12
3 15 0 1 0 0 0 3000 3 10 10 10
3 16 1 1 1 0 0 553 1 10 10 10
3 17 1 0 0 1 0 3000 1 10 10 10
3 18 0 1 0 0 0 3000 3 6 6 10
3 19 0 1 0 0 0 3000 3 8 8 6
3 20 0 1 0 0 0 3000 3 15 15 8
3 21 0 1 0 0 0 3000 3 5 5 15
3 22 0 1 0 0 0 3000 2 4 4 5
3 23 1 1 1 0 0 1309 1 5 5 4
3 24 0 1 0 0 0 3000 2 5 5 5
3 25 1 1 1 0 0 399 1 5 5 5
