1 1 0 1 0 0 0 3000 1 6 6 0
1 2 0 1 0 0 0 3000 2 9 9 6
1 3 1 1 1 0 0 752 1 6 6 9
1 4 0 1 0 0 0 3000 3 3 3 6
1 5 1 1 1 0 0 453 1 6 6 3
1 6 0 1 0 0 0 3000 2 13 13 6
1 7 0 1 0 0 0 3000 2 12 12 13
1 8 1 1 1 0 0 550 1 13 13 12
1 9 0 1 0 0 0 3000 2 15 15 13
1 10 0 1 0 0 0 3000 2 11 11 15
1 11 0 1 0 0 0 3000 3 12 12 11
1 12 1 1 1 0 0 1324 1 11 11 12
1 13 0 1 0 0 0 3000 3 15 15 11
1 14 1 1 1 0 0 413 1 11 11 15
1 15 1 0 0 1 0 3000 1 15 15 11
1 16 0 1 0 0 0 3000 3 10 10 15
1 17 1 1 1 0 0 406 1 15 15 10
1 18 1 1 1 0 0 621 1 10 10 15
1 19 0 1 0 0 0 3000 2 2 2 10
1 20 0 1 0 0 0 3000 2 5 5 2
1 21 0 1 0 0 0 3000 3 8 8 5
1 22 1 1 1 0 0 535 1 5 5 8
1 23 0 1 0 0 0 3000 3 4 4 5
1 24 1 1 1 0 0 461 1 5 5 4
1 25 0 1 0 0 0 3000 2 3 3 5
2 1 0 1 0 0 0 3000 2 7 7 3
2 2 0 1 0 0 0 3000 1 8 8 7
2 3 1 1 1 0 0 558 1 7 7 8
2 4 1 1 1 0 0 574 1 8 8 7
2 5 1 1 1 0 0 574 1 7 7 8
2 6 0 1 0 0 0 3000 2 6 6 7
2 7 0 1 0 0 0 3000 2 3 3 6
2 8 0 1 0 0 0 3000 2 12 12 3
2 9 0 1 0 0 0 3000 2 9 9 12
2 10 1 1 1 0 0 441 1 12 12 9
2 11 0 1 0 0 0 3000 3 14 14 12
2 12 0 1 0 0 0 3000 3 13 13 14
2 13 1 1 1 0 0 668 1 14 14 13
2 14 0 1 0 0 0 3000 3 6 6 14
2 15 1 1 1 0 0 741 1 14 14 6
2 16 1 1 1 0 0 644 1 6 6 14
2 17 1 1 1 0 0 2684 1 14 14 6
2 18 0 1 0 0 0 3000 3 5 5 14
2 19 1 1 1 0 0 1558 1 14 14 5
2 20 0 1 0 0 0 3000 2 1 1 14
2 21 0 1 0 0 0 3000 3 1 1 1
2 22 1 1 1 0 0 627 1 1 1 1
2 23 0 1 0 0 0 3000 2 12 12 1
2 24 0 1 0 0 0 3000 3 12 12 12
2 25 1 1 1 0 0 471 1 12 12 12
3 1 0 1 0 0 0 3000 1 13 13 12
3 2 0 1 0 0 0 3000 2 13 13 13
3 3 1 1 1 0 0 1125 1 13 13 13
3 4 0 1 0 0 0 3000 3 11 11 13
3 5 0 1 0 0 0 3000 2 14 14 11
3 6 0 1 0 0 0 3000 3 3 3 14
3 7 1 1 1 0 0 474 1 14 14 3
3 8 0 1 0 0 0 3000 2 12 12 14
3 9 0 1 0 0 0 3000 2 10 10 12
3 10 0 1 0 0 0 3000 2 9 9 10
3 11 0 1 0 0 0 3000 2 2 2 9
3 12 0 1 0 0 0 3000 3 3 3 2
3 13 0 1 0 0 0 3000 3 11 11 3
3 14 0 1 0 0 0 3000 3 13 13 11
3 15 1 1 1 0 0 534 1 11 11 13
3 16 1 1 1 0 0 1164 1 13 13 11
3 17 1 1 1 0 0 1003 1 11 11 13
3 18 0 1 0 0 0 3000 2 9 9 11
3 19 1 1 1 0 0 1162 1 11 11 9
3 20 0 1 0 0 0 3000 3 2 2 11
3 21 1 1 1 0 0 550 1 11 11 2
3 22 0 1 0 0 0 3000 3 5 5 11
3 23 0 1 0 0 0 3000 2 8 8 5
3 24 0 1 0 0 0 3000 2 3 3 8
3 25 0 1 0 0 0 3000 3 1 1 3
