1 1 0 1 0 0 0 3000 2 15 15 0
1 2 0 1 0 0 0 3000 2 9 9 15
1 3 1 0 0 1 0 3000 1 15 15 9
1 4 1 0 0 1 0 3000 1 9 9 15
1 5 0 1 0 0 0 3000 2 12 12 9
1 6 0 1 0 0 0 3000 3 11 11 12
1 7 0 1 0 0 0 3000 2 1 1 11
1 8 0 1 0 0 0 3000 2 14 14 1
1 9 0 1 0 0 0 3000 2 6 6 14
1 10 0 1 0 0 0 3000 2 4 4 6
1 11 0 1 0 0 0 3000 3 2 2 4
1 12 1 0 0 1 0 3000 1 4 4 2
1 13 0 1 0 0 0 3000 2 13 13 4
1 14 0 1 0 0 0 3000 3 6 6 13
1 15 0 1 0 0 0 3000 2 3 3 6
1 16 1 0 0 1 0 3000 1 6 6 3
1 17 1 0 0 1 0 3000 1 3 3 6
1 18 0 1 0 0 0 3000 2 8 8 3
1 19 0 1 0 0 0 3000 3 14 14 8
1 20 0 1 0 0 0 3000 3 1 1 14
1 21 0 1 0 0 0 3000 3 1 1 1
1 22 1 1 1 0 0 362 1 1 1 1
1 23 0 1 0 0 0 3000 2 5 5 1
1 24 1 1 1 0 0 697 1 1 1 5
1 25 0 1 0 0 0 3000 2 3 3 1
2 1 0 1 0 0 0 3000 3 6 6 3
2 2 0 1 0 0 0 3000 3 9 9 6
2 3 1 1 1 0 0 405 1 6 6 9
2 4 0 1 0 0 0 3000 3 2 2 6
2 5 1 1 1 0 0 374 1 6 6 2
2 6 1 1 1 0 0 535 1 2 2 6
2 7 0 1 0 0 0 3000 3 12 12 2
2 8 0 1 0 0 0 3000 3 13 13 12
2 9 0 1 0 0 0 3000 2 9 9 13
2 10 1 1 1 0 0 431 1 13 13 9
2 11 1 1 1 0 0 700 1 9 9 13
2 12 0 1 0 0 0 3000 2 4 4 9
2 13 0 1 0 0 0 3000 3 4 4 4
2 14 1 1 1 0 0 560 1 4 4 4
2 15 1 1 1 0 0 796 1 4 4 4
2 16 0 1 0 0 0 3000 3 1 1 4
2 17 0 1 0 0 0 3000 2 13 13 1
2 18 1 1 1 0 0 558 1 1 1 13
2 19 0 1 0 0 0 3000 2 9 9 1
2 20 0 1 0 0 0 3000 3 6 6 9
2 21 1 1 1 0 0 433 1 9 9 6
2 22 1 1 1 0 0 1080 1 6 6 9
2 23 0 1 0 0 0 3000 3 11 11 6
2 24 0 0 0 0 1 451 3 9 9 11
2 25 0 1 0 0 0 3000 3 5 5 9
3 1 0 1 0 0 0 3000 1 7 7 5
3 2 0 1 0 0 0 3000 2 2 2 7
3 3 1 1 1 0 0 349 1 7 7 2
3 4 1 1 1 0 0 404 1 2 2 7
3 5 1 1 1 0 0 2318 1 7 7 2
3 6 0 1 0 0 0 3000 2 3 3 7
3 7 1 1 1 0 0 667 1 7 7 3
3 8 0 1 0 0 0 3000 2 5 5 7
3 9 0 1 0 0 0 3000 3 15 15 5
3 10 0 1 0 0 0 3000 2 14 14 15
3 11 0 1 0 0 0 3000 2 14 14 14
3 12 0 1 0 0 0 3000 2 7 7 14
3 13 0 1 0 0 0 3000 2 10 10 7
3 14 1 1 1 0 0 511 1 7 7 10
3 15 1 1 1 0 0 518 1 10 10 7
3 16 1 1 1 0 0 434 1 7 7 10
3 17 0 1 0 0 0 3000 3 12 12 7
3 18 0 1 0 0 0 3000 3 2 2 12
3 19 0 0 0 0 1 640 2 7 7 2
3 20 0 1 0 0 0 3000 3 13 13 7
3 21 0 1 0 0 0 3000 2 5 5 13
3 22 1 1 1 0 0 583 1 13 13 5
3 23 1 1 1 0 0 564 1 5 5 13
3 24 0 1 0 0 0 3000 3 3 3 5
3 25 1 0 0 1 0 3000 1 5 5 3
