1 1 0 1 0 0 0 3000 2 9 9 0
1 2 0 1 0 0 0 3000 2 13 13 9
1 3 1 1 1 0 0 403 1 9 9 13
1 4 0 1 0 0 0 3000 3 12 12 9
1 5 1 0 0 1 0 3000 1 9 9 12
1 6 1 1 1 0 0 541 1 12 12 9
1 7 0 1 0 0 0 3000 3 7 7 12
1 8 0 1 0 0 0 3000 3 8 8 7
1 9 0 1 0 0 0 3000 3 10 10 8
1 10 1 1 1 0 0 2113 1 8 8 10
1 11 0 1 0 0 0 3000 2 3 3 8
1 12 0 0 0 0 1 538 3 10 10 3
1 13 0 1 0 0 0 3000 2 1 1 10
1 14 0 1 0 0 0 3000 2 7 7 1
1 15 1 1 1 0 0 394 1 1 1 7
1 16 0 1 0 0 0 3000 3 11 11 1
1 17 1 1 1 0 0 404 1 1 1 11
1 18 1 1 1 0 0 1963 1 11 11 1
1 19 0 1 0 0 0 3000 2 12 12 11
1 20 0 1 0 0 0 3000 3 14 14 12
1 21 0 1 0 0 0 3000 2 14 14 14
1 22 1 1 1 0 0 487 1 14 14 14
1 23 1 1 1 0 0 639 1 14 14 14
1 24 0 1 0 0 0 3000 3 12 12 14
1 25 0 1 0 0 0 3000 2 12 12 12
2 1 0 1 0 0 0 3000 3 14 14 12
2 2 0 1 0 0 0 3000 2 15 15 14
2 3 0 1 0 0 0 3000 3 1 1 15
2 4 0 1 0 0 0 3000 3 3 3 1
2 5 1 1 1 0 0 1264 1 1 1 3
2 6 1 1 1 0 0 929 1 3 3 1
2 7 1 0 0 1 0 3000 1 1 1 3
2 8 1 1 1 0 0 543 1 3 3 1
2 9 0 1 0 0 0 3000 3 12 12 3
2 10 0 0 0 0 1 490 3 12 12 12
2 11 1 1 1 0 0 561 1 12 12 12
2 12 0 1 0 0 0 3000 3 1 1 12
2 13 0 1 0 0 0 3000 2 2 2 1
2 14 1 1 1 0 0 391 1 1 1 2
2 15 1 1 1 0 0 816 1 2 2 1
2 16 0 1 0 0 0 3000 2 14 14 2
2 17 1 1 1 0 0 582 1 2 2 14
2 18 0 1 0 0 0 3000 3 2 2 2
2 19 1 1 1 0 0 580 1 2 2 2
2 20 0 1 0 0 0 3000 3 10 10 2
2 21 0 1 0 0 0 3000 2 11 11 10
2 22 0 0 0 0 1 554 2 11 11 11
2 23 0 1 0 0 0 3000 2 4 4 11
2 24 0 1 0 0 0 3000 2 15 15 4
2 25 0 1 0 0 0 3000 2 7 7 15
3 1 0 1 0 0 0 3000 2 4 4 7
3 2 0 1 0 0 0 3000 3 14 14 4
3 3 1 1 1 0 0 460 1 4 4 14
3 4 0 1 0 0 0 3000 2 10 10 4
3 5 0 1 0 0 0 3000 3 8 8 10
3 6 1 1 1 0 0 379 1 10 10 8
3 7 1 1 1 0 0 509 1 8 8 10
3 8 0 1 0 0 0 3000 3 15 15 8
3 9 0 1 0 0 0 3000 3 4 4 15
3 10 1 1 1 0 0 472 1 15 15 4
3 11 1 1 1 0 0 973 1 4 4 15
3 12 0 1 0 0 0 3000 3 11 11 4
3 13 1 1 1 0 0 838 1 4 4 11
3 14 0 1 0 0 0 3000 2 5 5 4
3 15 0 1 0 0 0 3000 3 6 6 5
3 16 1 1 1 0 0 982 1 5 5 6
3 17 0 1 0 0 0 3000 3 4 4 5
3 18 1 1 1 0 0 454 1 5 5 4
3 19 0 1 0 0 0 3000 2 14 14 5
3 20 0 1 0 0 0 3000 2 12 12 14
3 21 1 1 1 0 0 395 1 14 14 12
3 22 1 1 1 0 0 498 1 12 12 14
3 23 0 1 0 0 0 3000 3 7 7 12
3 24 1 1 1 0 0 466 1 12 12 7
3 25 0 1 0 0 0 3000 2 5 5 12
