1 1 0 1 0 0 0 3000 3 10 10 0
1 2 0 1 0 0 0 3000 3 3 3 10
1 3 1 1 1 0 0 500 1 10 10 3
1 4 0 1 0 0 0 3000 2 13 13 10
1 5 1 1 1 0 0 742 1 10 10 13
1 6 0 1 0 0 0 3000 3 8 8 10
1 7 0 1 0 0 0 3000 2 14 14 8
1 8 0 1 0 0 0 3000 2 13 13 14
1 9 1 1 1 0 0 864 1 14 14 13
1 10 1 0 0 1 0 3000 1 13 13 14
1 11 0 1 0 0 0 3000 2 9 9 13
1 12 0 1 0 0 0 3000 3 6 6 9
1 13 0 1 0 0 0 3000 3 14 14 6
1 14 0 1 0 0 0 3000 2 1 1 14
1 15 0 1 0 0 0 3000 2 10 10 1
1 16 0 1 0 0 0 3000 3 10 10 10
1 17 1 0 0 1 0 3000 1 10 10 10
1 18 0 0 0 0 1 396 2 6 6 10
1 19 0 1 0 0 0 3000 2 6 6 6
1 20 1 1 1 0 0 634 1 6 6 6
1 21 0 1 0 0 0 3000 3 8 8 6
1 22 1 1 1 0 0 105 1 6 6 8
1 23 0 1 0 0 0 3000 3 9 9 6
1 24 1 1 1 0 0 422 1 6 6 9
1 25 1 0 0 1 0 3000 1 9 9 6
2 1 0 1 0 0 0 3000 3 8 8 9
2 2 0 1 0 0 0 3000 3 3 3 8
2 3 0 1 0 0 0 3000 3 7 7 3
2 4 0 1 0 0 0 3000 3 4 4 7
2 5 1 1 1 0 0 398 1 7 7 4
2 6 0 1 0 0 0 3000 3 8 8 7
2 7 0 1 0 0 0 3000 3 6 6 8
2 8 0 1 0 0 0 3000 2 6 6 6
2 9 0 1 0 0 0 3000 3 15 15 6
2 10 0 1 0 0 0 3000 2 2 2 15
2 11 0 1 0 0 0 3000 3 10 10 2
2 12 1 1 1 0 0 808 1 2 2 10
2 13 0 1 0 0 0 3000 2 14 14 2
2 14 0 1 0 0 0 3000 2 11 11 14
2 15 0 1 0 0 0 3000 2 13 13 11
2 16 1 1 1 0 0 345 1 11 11 13
2 17 0 1 0 0 0 3000 3 11 11 11
2 18 1 1 1 0 0 455 1 11 11 11
2 19 1 0 0 1 0 3000 1 11 11 11
2 20 0 1 0 0 0 3000 2 5 5 11
2 21 0 1 0 0 0 3000 3 15 15 5
2 22 0 1 0 0 0 3000 2 7 7 15
2 23 0 1 0 0 0 3000 2 5 5 7
2 24 0 1 0 0 0 3000 3 15 15 5
2 25 0 1 0 0 0 3000 3 10 10 15
3 1 0 1 0 0 0 3000 3 8 8 10
3 2 0 0 0 0 1 879 2 8 8 8
3 3 1 1 1 0 0 635 1 8 8 8
3 4 0 1 0 0 0 3000 3 12 12 8
3 5 0 1 0 0 0 3000 2 10 10 12
3 6 0 1 0 0 0 3000 3 8 8 10
3 7 1 1 1 0 0 640 1 10 10 8
3 8 1 1 1 0 0 818 1 8 8 10
3 9 1 1 1 0 0 772 1 10 10 8
3 10 1 1 1 0 0 527 1 8 8 10
3 11 0 1 0 0 0 3000 2 13 13 8
3 12 1 1 1 0 0 580 1 8 8 13
3 13 1 1 1 0 0 844 1 13 13 8
3 14 1 1 1 0 0 1175 1 8 8 13
3 15 0 1 0 0 0 3000 2 11 11 8
3 16 1 1 1 0 0 399 1 8 8 11
3 17 1 1 1 0 0 1368 1 11 11 8
3 18 0 1 0 0 0 3000 3 4 4 11
3 19 0 1 0 0 0 3000 3 13 13 4
3 20 1 1 1 0 0 352 1 4 4 13
3 21 0 1 0 0 0 3000 3 11 11 4
3 22 0 1 0 0 0 3000 2 1 1 11
3 23 1 0 0 1 0 3000 1 11 11 1
3 24 1 1 1 0 0 580 1 1 1 11
3 25 0 1 0 0 0 3000 3 13 13 1
