1 1 0 1 0 0 0 3000 3 5 5 0
1 2 0 1 0 0 0 3000 3 13 13 5
1 3 0 1 0 0 0 3000 3 12 12 13
1 4 0 1 0 0 0 3000 2 10 10 12
1 5 0 1 0 0 0 3000 3 14 14 10
1 6 0 1 0 0 0 3000 3 3 3 14
1 7 0 1 0 0 0 3000 3 3 3 3
1 8 0 1 0 0 0 3000 3 10 10 3
1 9 0 1 0 0 0 3000 3 9 9 10
1 10 0 1 0 0 0 3000 3 6 6 9
1 11 0 1 0 0 0 3000 3 5 5 6
1 12 1 1 1 0 0 435 1 6 6 5
1 13 0 1 0 0 0 3000 3 8 8 6
1 14 1 1 1 0 0 419 1 6 6 8
1 15 1 1 1 0 0 510 1 8 8 6
1 16 1 1 1 0 0 981 1 6 6 8
1 17 0 1 0 0 0 3000 3 1 1 6
1 18 0 1 0 0 0 3000 2 15 15 1
1 19 1 1 1 0 0 360 1 1 1 15
1 20 1 1 1 0 0 448 1 15 15 1
1 21 1 1 1 0 0 423 1 1 1 15
1 22 0 1 0 0 0 3000 2 8 8 1
1 23 0 1 0 0 0 3000 2 6 6 8
1 24 1 1 1 0 0 353 1 8 8 6
1 25 0 1 0 0 0 3000 3 5 5 8
2 1 0 1 0 0 0 3000 3 7 7 5
2 2 0 1 0 0 0 3000 1 7 7 7
2 3 0 1 0 0 0 3000 3 14 14 7
2 4 0 1 0 0 0 3000 3 13 13 14
2 5 1 1 1 0 0 356 1 14 14 13
2 6 0 1 0 0 0 3000 3 3 3 14
2 7 1 1 1 0 0 2485 1 14 14 3
2 8 1 1 1 0 0 761 1 3 3 14
2 9 0 1 0 0 0 3000 3 10 10 3
2 10 0 1 0 0 0 3000 2 6 6 10
2 11 1 1 1 0 0 371 1 10 10 6
2 12 0 1 0 0 0 3000 2 7 7 10
2 13 0 1 0 0 0 3000 2 1 1 7
2 14 0 1 0 0 0 3000 2 1 1 1
2 15 1 1 1 0 0 476 1 1 1 1
2 16 0 0 0 0 1 713 3 7 7 1
2 17 1 1 1 0 0 416 1 1 1 7
2 18 0 1 0 0 0 3000 3 3 3 1
2 19 1 1 1 0 0 438 1 1 1 3
2 20 1 1 1 0 0 443 1 3 3 1
2 21 0 1 0 0 0 3000 3 13 13 3
2 22 1 1 1 0 0 387 1 3 3 13
2 23 1 1 1 0 0 404 1 13 13 3
2 24 0 1 0 0 0 3000 3 10 10 13
2 25 0 1 0 0 0 3000 2 8 8 10
3 1 0 1 0 0 0 3000 3 2 2 8
3 2 0 1 0 0 0 3000 1 3 3 2
3 3 0 1 0 0 0 3000 2 7 7 3
3 4 0 1 0 0 0 3000 2 9 9 7
3 5 1 1 1 0 0 395 1 7 7 9
3 6 1 1 1 0 0 361 1 9 9 7
3 7 1 1 1 0 0 361 1 7 7 9
3 8 1 1 1 0 0 458 1 9 9 7
3 9 1 1 1 0 0 444 1 7 7 9
3 10 1 1 1 0 0 379 1 9 9 7
3 11 1 1 1 0 0 344 1 7 7 9
3 12 0 1 0 0 0 3000 2 5 5 7
3 13 0 1 0 0 0 3000 2 3 3 5
3 14 0 1 0 0 0 3000 3 12 12 3
3 15 0 1 0 0 0 3000 2 10 10 12
3 16 0 1 0 0 0 3000 3 5 5 10
3 17 0 1 0 0 0 3000 2 15 15 5
3 18 0 1 0 0 0 3000 3 9 9 15
3 19 0 1 0 0 0 3000 2 10 10 9
3 20 1 1 1 0 0 362 1 9 9 10
3 21 0 1 0 0 0 3000 2 1 1 9
3 22 0 1 0 0 0 3000 3 13 13 1
3 23 0 1 0 0 0 3000 2 3 3 13
3 24 0 1 0 0 0 3000 2 1 1 3
3 25 1 1 1 0 0 406 1 3 3 1
