1 1 0 1 0 0 0 3000 3 15 15 0
1 2 0 1 0 0 0 3000 1 11 11 15
1 3 0 1 0 0 0 3000 3 10 10 11
1 4 1 1 1 0 0 540 1 11 11 10
1 5 0 1 0 0 0 3000 2 9 9 11
1 6 0 1 0 0 0 3000 3 9 9 9
1 7 1 1 1 0 0 527 1 9 9 9
1 8 0 1 0 0 0 3000 2 7 7 9
1 9 1 1 1 0 0 533 1 9 9 7
1 10 0 1 0 0 0 3000 3 14 14 9
1 11 1 1 1 0 0 1236 1 9 9 14
1 12 0 1 0 0 0 3000 3 13 13 9
1 13 0 1 0 0 0 3000 3 7 7 13
1 14 1 1 1 0 0 431 1 13 13 7
1 15 0 1 0 0 0 3000 3 14 14 13
1 16 0 1 0 0 0 3000 2 6 6 14
1 17 0 1 0 0 0 3000 3 1 1 6
1 18 1 1 1 0 0 416 1 6 6 1
1 19 0 1 0 0 0 3000 3 2 2 6
1 20 0 1 0 0 0 3000 2 8 8 2
1 21 0 1 0 0 0 3000 2 14 14 8
1 22 1 0 0 1 0 3000 1 8 8 14
1 23 0 0 0 0 1 977 2 8 8 8
1 24 0 1 0 0 0 3000 3 1 1 8
1 25 0 1 0 0 0 3000 3 7 7 1
2 1 0 1 0 0 0 3000 2 11 11 7
2 2 0 1 0 0 0 3000 2 11 11 11
2 3 1 1 1 0 0 464 1 11 11 11
2 4 1 1 1 0 0 1154 1 11 11 11
2 5 0 1 0 0 0 3000 3 10 10 11
2 6 0 1 0 0 0 3000 2 9 9 10
2 7 1 1 1 0 0 1052 1 10 10 9
2 8 1 1 1 0 0 873 1 9 9 10
2 9 1 1 1 0 0 582 1 10 10 9
2 10 1 1 1 0 0 533 1 9 9 10
2 11 0 1 0 0 0 3000 2 14 14 9
2 12 0 1 0 0 0 3000 3 8 8 14
2 13 0 1 0 0 0 3000 3 7 7 8
2 14 0 1 0 0 0 3000 2 12 12 7
2 15 0 1 0 0 0 3000 3 9 9 12
2 16 1 1 1 0 0 463 1 12 12 9
2 17 0 1 0 0 0 3000 3 15 15 12
2 18 1 1 1 0 0 602 1 12 12 15
2 19 1 1 1 0 0 1074 1 15 15 12
2 20 1 1 1 0 0 719 1 12 12 15
2 21 0 1 0 0 0 3000 2 11 11 12
2 22 0 1 0 0 0 3000 3 3 3 11
2 23 0 1 0 0 0 3000 2 9 9 3
2 24 1 1 1 0 0 521 1 3 3 9
2 25 0 1 0 0 0 3000 2 4 4 3
3 1 0 1 0 0 0 3000 3 6 6 4
3 2 0 1 0 0 0 3000 2 7 7 6
3 3 0 1 0 0 0 3000 3 11 11 7
3 4 1 1 1 0 0 595 1 7 7 11
3 5 1 1 1 0 0 659 1 11 11 7
3 6 0 1 0 0 0 3000 2 10 10 11
3 7 0 1 0 0 0 3000 2 14 14 10
3 8 0 1 0 0 0 3000 2 11 11 14
3 9 0 1 0 0 0 3000 2 4 4 11
3 10 0 1 0 0 0 3000 2 6 6 4
3 11 1 1 1 0 0 968 1 4 4 6
3 12 0 1 0 0 0 3000 2 11 11 4
3 13 1 1 1 0 0 961 1 4 4 11
3 14 1 1 1 0 0 922 1 11 11 4
3 15 0 1 0 0 0 3000 2 6 6 11
3 16 0 1 0 0 0 3000 3 2 2 6
3 17 1 1 1 0 0 464 1 6 6 2
3 18 1 1 1 0 0 791 1 2 2 6
3 19 0 1 0 0 0 3000 3 8 8 2
3 20 0 1 0 0 0 3000 3 11 11 8
3 21 0 1 0 0 0 3000 2 5 5 11
3 22 1 1 1 0 0 572 1 11 11 5
3 23 0 1 0 0 0 3000 2 7 7 11
3 24 1 1 1 0 0 462 1 11 11 7
3 25 0 1 0 0 0 3000 2 4 4 11
