1 1 0 1 0 0 0 3000 3 3 3 0
1 2 0 1 0 0 0 3000 2 15 15 3
1 3 1 1 1 0 0 733 1 3 3 15
1 4 0 1 0 0 0 3000 3 9 9 3
1 5 1 1 1 0 0 832 1 3 3 9
1 6 0 1 0 0 0 3000 3 11 11 3
1 7 1 1 1 0 0 579 1 3 3 11
1 8 1 1 1 0 0 508 1 11 11 3
1 9 0 1 0 0 0 3000 2 12 12 11
1 10 0 1 0 0 0 3000 3 14 14 12
1 11 0 1 0 0 0 3000 3 11 11 14
1 12 1 1 1 0 0 340 1 14 14 11
1 13 1 0 0 1 0 3000 1 11 11 14
1 14 0 1 0 0 0 3000 3 13 13 11
1 15 0 1 0 0 0 3000 2 10 10 13
1 16 0 0 0 0 1 1562 2 10 10 10
1 17 1 0 0 1 0 3000 1 10 10 10
1 18 0 1 0 0 0 3000 3 5 5 10
1 19 0 0 0 0 1 359 3 6 6 5
1 20 0 1 0 0 0 3000 3 12 12 6
1 21 0 1 0 0 0 3000 3 14 14 12
1 22 0 1 0 0 0 3000 2 5 5 14
1 23 0 1 0 0 0 3000 3 7 7 5
1 24 0 1 0 0 0 3000 3 1 1 7
1 25 1 1 1 0 0 370 1 7 7 1
2 1 0 1 0 0 0 3000 2 6 6 7
2 2 0 1 0 0 0 3000 1 11 11 6
2 3 0 1 0 0 0 3000 2 7 7 11
2 4 1 1 1 0 0 437 1 11 11 7
2 5 0 1 0 0 0 3000 3 14 14 11
2 6 1 1 1 0 0 317 1 11 11 14
2 7 0 1 0 0 0 3000 2 2 2 11
2 8 0 1 0 0 0 3000 2 9 9 2
2 9 1 1 1 0 0 442 1 2 2 9
2 10 0 1 0 0 0 3000 2 3 3 2
2 11 1 1 1 0 0 430 1 2 2 3
2 12 0 1 0 0 0 3000 3 7 7 2
2 13 0 1 0 0 0 3000 2 5 5 7
2 14 0 1 0 0 0 3000 3 11 11 5
2 15 0 1 0 0 0 3000 2 13 13 11
2 16 0 1 0 0 0 3000 2 12 12 13
2 17 1 1 1 0 0 338 1 13 13 12
2 18 1 1 1 0 0 862 1 12 12 13
2 19 0 1 0 0 0 3000 2 6 6 12
2 20 1 1 1 0 0 360 1 12 12 6
2 21 0 1 0 0 0 3000 3 2 2 12
2 22 0 1 0 0 0 3000 2 15 15 2
2 23 0 1 0 0 0 3000 2 15 15 15
2 24 0 1 0 0 0 3000 3 9 9 15
2 25 0 1 0 0 0 3000 2 12 12 9
3 1 0 1 0 0 0 3000 1 1 1 12
3 2 0 1 0 0 0 3000 3 5 5 1
3 3 0 1 0 0 0 3000 2 10 10 5
3 4 0 1 0 0 0 3000 3 14 14 10
3 5 0 1 0 0 0 3000 3 8 8 14
3 6 0 1 0 0 0 3000 2 1 1 8
3 7 0 1 0 0 0 3000 3 12 12 1
3 8 1 1 1 0 0 409 1 1 1 12
3 9 0 1 0 0 0 3000 2 7 7 1
3 10 1 1 1 0 0 404 1 1 1 7
3 11 0 1 0 0 0 3000 3 13 13 1
3 12 0 0 0 0 1 474 2 13 13 13
3 13 1 1 1 0 0 593 1 13 13 13
3 14 1 0 0 1 0 3000 1 13 13 13
3 15 0 1 0 0 0 3000 3 4 4 13
3 16 0 1 0 0 0 3000 2 4 4 4
3 17 0 1 0 0 0 3000 2 15 15 4
3 18 0 1 0 0 0 3000 2 2 2 15
3 19 1 1 1 0 0 340 1 15 15 2
3 20 0 1 0 0 0 3000 2 14 14 15
3 21 1 1 1 0 0 315 1 15 15 14
3 22 0 1 0 0 0 3000 3 6 6 15
3 23 1 1 1 0 0 293 1 15 15 6
3 24 0 1 0 0 0 3000 3 14 14 15
3 25 0 1 0 0 0 3000 3 12 12 14
