1 1 0 1 0 0 0 3000 1 7 7 0
1 2 0 1 0 0 0 3000 2 15 15 7
1 3 1 1 1 0 0 438 1 7 7 15
1 4 0 1 0 0 0 3000 2 3 3 7
1 5 0 1 0 0 0 3000 2 15 15 3
1 6 0 1 0 0 0 3000 2 14 14 15
1 7 0 1 0 0 0 3000 2 8 8 14
1 8 1 1 1 0 0 321 1 14 14 8
1 9 0 1 0 0 0 3000 2 7 7 14
1 10 0 1 0 0 0 3000 2 2 2 7
1 11 0 1 0 0 0 3000 2 14 14 2
1 12 0 1 0 0 0 3000 3 11 11 14
1 13 1 1 1 0 0 326 1 14 14 11
1 14 0 1 0 0 0 3000 3 8 8 14
1 15 0 1 0 0 0 3000 2 15 15 8
1 16 0 1 0 0 0 3000 3 5 5 15
1 17 1 1 1 0 0 302 1 15 15 5
1 18 0 1 0 0 0 3000 2 13 13 15
1 19 0 1 0 0 0 3000 3 4 4 13
1 20 0 1 0 0 0 3000 3 12 12 4
1 21 1 1 1 0 0 332 1 4 4 12
1 22 0 0 0 0 1 427 3 4 4 4
1 23 0 1 0 0 0 3000 2 7 7 4
1 24 0 1 0 0 0 3000 2 2 2 7
1 25 0 1 0 0 0 3000 2 1 1 2
2 1 0 1 0 0 0 3000 1 15 15 1
2 2 0 1 0 0 0 3000 2 11 11 15
2 3 1 1 1 0 0 388 1 15 15 11
2 4 1 1 1 0 0 358 1 11 11 15
2 5 1 1 1 0 0 381 1 15 15 11
2 6 1 1 1 0 0 298 1 11 11 15
2 7 0 1 0 0 0 3000 3 5 5 11
2 8 0 1 0 0 0 3000 2 6 6 5
2 9 0 1 0 0 0 3000 2 8 8 6
2 10 1 1 1 0 0 337 1 6 6 8
2 11 1 1 1 0 0 357 1 8 8 6
2 12 0 1 0 0 0 3000 2 13 13 8
2 13 0 1 0 0 0 3000 2 2 2 13
2 14 1 1 1 0 0 345 1 13 13 2
2 15 1 1 1 0 0 318 1 2 2 13
2 16 1 1 1 0 0 336 1 13 13 2
2 17 1 1 1 0 0 304 1 2 2 13
2 18 0 1 0 0 0 3000 3 2 2 2
2 19 0 1 0 0 0 3000 3 13 13 2
2 20 0 1 0 0 0 3000 3 8 8 13
2 21 0 1 0 0 0 3000 3 6 6 8
2 22 1 1 1 0 0 326 1 8 8 6
2 23 1 1 1 0 0 367 1 6 6 8
2 24 0 1 0 0 0 3000 3 2 2 6
2 25 1 1 1 0 0 381 1 6 6 2
3 1 0 1 0 0 0 3000 3 12 12 6
3 2 0 1 0 0 0 3000 3 12 12 12
3 3 1 1 1 0 0 314 1 12 12 12
3 4 0 1 0 0 0 3000 2 14 14 12
3 5 0 1 0 0 0 3000 3 13 13 14
3 6 1 1 1 0 0 284 1 14 14 13
3 7 1 1 1 0 0 355 1 13 13 14
3 8 0 1 0 0 0 3000 3 9 9 13
3 9 0 1 0 0 0 3000 2 6 6 9
3 10 0 1 0 0 0 3000 3 6 6 6
3 11 0 1 0 0 0 3000 2 3 3 6
3 12 1 1 1 0 0 817 1 6 6 3
3 13 1 1 1 0 0 378 1 3 3 6
3 14 0 1 0 0 0 3000 3 8 8 3
3 15 1 1 1 0 0 307 1 3 3 8
3 16 1 1 1 0 0 431 1 8 8 3
3 17 0 1 0 0 0 3000 2 4 4 8
3 18 0 1 0 0 0 3000 3 4 4 4
3 19 0 1 0 0 0 3000 3 8 8 4
3 20 1 1 1 0 0 357 1 4 4 8
3 21 0 1 0 0 0 3000 2 4 4 4
3 22 1 1 1 0 0 283 1 4 4 4
3 23 1 1 1 0 0 376 1 4 4 4
3 24 0 0 0 0 1 322 3 12 12 4
3 25 1 1 1 0 0 467 1 4 4 12
