1 1 0 1 0 0 0 3000 2 5 5 0
1 2 0 1 0 0 0 3000 3 5 5 5
1 3 0 1 0 0 0 3000 3 15 15 5
1 4 0 1 0 0 0 3000 3 13 13 15
1 5 0 1 0 0 0 3000 2 2 2 13
1 6 0 1 0 0 0 3000 3 7 7 2
1 7 1 1 1 0 0 1824 1 2 2 7
1 8 1 0 0 1 0 3000 1 7 7 2
1 9 0 0 0 0 1 1748 3 11 11 7
1 10 1 0 0 1 0 3000 1 7 7 11
1 11 0 1 0 0 0 3000 3 9 9 7
1 12 0 1 0 0 0 3000 3 6 6 9
1 13 0 1 0 0 0 3000 3 3 3 6
1 14 0 1 0 0 0 3000 3 13 13 3
1 15 1 1 1 0 0 431 1 3 3 13
1 16 0 1 0 0 0 3000 2 3 3 3
1 17 1 1 1 0 0 697 1 3 3 3
1 18 1 1 1 0 0 1213 1 3 3 3
1 19 0 1 0 0 0 3000 3 4 4 3
1 20 1 1 1 0 0 532 1 3 3 4
1 21 0 1 0 0 0 3000 3 9 9 3
1 22 0 1 0 0 0 3000 3 9 9 9
1 23 0 1 0 0 0 3000 3 7 7 9
1 24 0 1 0 0 0 3000 3 4 4 7
1 25 0 1 0 0 0 3000 2 1 1 4
2 1 0 1 0 0 0 3000 2 7 7 1
2 2 0 1 0 0 0 3000 2 8 8 7
2 3 0 1 0 0 0 3000 2 12 12 8
2 4 0 1 0 0 0 3000 3 9 9 12
2 5 0 1 0 0 0 3000 3 2 2 9
2 6 1 1 1 0 0 403 1 9 9 2
2 7 0 1 0 0 0 3000 3 14 14 9
2 8 1 1 1 0 0 610 1 9 9 14
2 9 0 1 0 0 0 3000 2 6 6 9
2 10 0 1 0 0 0 3000 2 1 1 6
2 11 1 1 1 0 0 461 1 6 6 1
2 12 0 1 0 0 0 3000 2 12 12 6
2 13 1 1 1 0 0 385 1 6 6 12
2 14 0 1 0 0 0 3000 3 9 9 6
2 15 0 1 0 0 0 3000 3 4 4 9
2 16 0 1 0 0 0 3000 2 5 5 4
2 17 0 1 0 0 0 3000 3 6 6 5
2 18 0 1 0 0 0 3000 2 14 14 6
2 19 1 1 1 0 0 475 1 6 6 14
2 20 0 1 0 0 0 3000 2 9 9 6
2 21 0 1 0 0 0 3000 3 15 15 9
2 22 0 1 0 0 0 3000 2 5 5 15
2 23 0 1 0 0 0 3000 3 3 3 5
2 24 0 1 0 0 0 3000 2 9 9 3
2 25 0 0 0 0 1 569 2 6 6 9
3 1 0 1 0 0 0 3000 3 5 5 6
3 2 0 1 0 0 0 3000 3 12 12 5
3 3 0 1 0 0 0 3000 3 1 1 12
3 4 0 1 0 0 0 3000 3 4 4 1
3 5 0 1 0 0 0 3000 3 8 8 4
3 6 0 1 0 0 0 3000 2 5 5 8
3 7 1 1 1 0 0 340 1 8 8 5
3 8 0 1 0 0 0 3000 2 13 13 8
3 9 0 1 0 0 0 3000 2 5 5 13
3 10 0 1 0 0 0 3000 2 15 15 5
3 11 0 1 0 0 0 3000 2 4 4 15
3 12 0 1 0 0 0 3000 2 13 13 4
3 13 0 1 0 0 0 3000 2 14 14 13
3 14 1 0 0 1 0 3000 1 13 13 14
3 15 0 1 0 0 0 3000 3 3 3 13
3 16 0 1 0 0 0 3000 3 11 11 3
3 17 0 0 0 0 1 533 3 4 4 11
3 18 1 1 1 0 0 1218 1 11 11 4
3 19 0 1 0 0 0 3000 2 9 9 11
3 20 1 1 1 0 0 1029 1 11 11 9
3 21 0 1 0 0 0 3000 2 4 4 11
3 22 1 1 1 0 0 542 1 11 11 4
3 23 0 1 0 0 0 3000 2 7 7 11
3 24 1 1 1 0 0 496 1 11 11 7
3 25 0 1 0 0 0 3000 2 12 12 11
