1 1 0 1 0 0 0 3000 2 14 14 0
1 2 0 1 0 0 0 3000 2 13 13 14
1 3 0 1 0 0 0 3000 3 3 3 13
1 4 1 1 1 0 0 2769 1 13 13 3
1 5 0 1 0 0 0 3000 3 15 15 13
1 6 1 0 0 1 0 3000 1 13 13 15
1 7 0 1 0 0 0 3000 3 4 4 13
1 8 1 1 1 0 0 392 1 13 13 4
1 9 1 1 1 0 0 890 1 4 4 13
1 10 0 0 0 0 1 391 2 15 15 4
1 11 0 1 0 0 0 3000 3 8 8 15
1 12 0 1 0 0 0 3000 3 5 5 8
1 13 0 1 0 0 0 3000 2 12 12 5
1 14 0 1 0 0 0 3000 3 10 10 12
1 15 0 1 0 0 0 3000 3 14 14 10
1 16 0 1 0 0 0 3000 2 11 11 14
1 17 0 1 0 0 0 3000 3 6 6 11
1 18 1 1 1 0 0 1962 1 11 11 6
1 19 1 1 1 0 0 1312 1 6 6 11
1 20 1 1 1 0 0 1104 1 11 11 6
1 21 1 1 1 0 0 953 1 6 6 11
1 22 1 1 1 0 0 716 1 11 11 6
1 23 0 0 0 0 1 810 3 11 11 11
1 24 0 1 0 0 0 3000 2 1 1 11
1 25 0 1 0 0 0 3000 2 6 6 1
2 1 0 1 0 0 0 3000 2 10 10 6
2 2 0 1 0 0 0 3000 2 15 15 10
2 3 1 1 1 0 0 668 1 10 10 15
2 4 0 1 0 0 0 3000 3 14 14 10
2 5 1 1 1 0 0 1138 1 10 10 14
2 6 1 1 1 0 0 578 1 14 14 10
2 7 1 1 1 0 0 475 1 10 10 14
2 8 0 1 0 0 0 3000 2 8 8 10
2 9 0 1 0 0 0 3000 2 4 4 8
2 10 0 1 0 0 0 3000 2 6 6 4
2 11 0 1 0 0 0 3000 3 12 12 6
2 12 1 1 1 0 0 413 1 6 6 12
2 13 0 1 0 0 0 3000 2 1 1 6
2 14 1 0 0 1 0 3000 1 6 6 1
2 15 0 1 0 0 0 3000 3 12 12 6
2 16 0 1 0 0 0 3000 2 9 9 12
2 17 0 1 0 0 0 3000 2 15 15 9
2 18 0 1 0 0 0 3000 2 11 11 15
2 19 0 1 0 0 0 3000 3 6 6 11
2 20 0 1 0 0 0 3000 2 5 5 6
2 21 0 1 0 0 0 3000 2 11 11 5
2 22 0 1 0 0 0 3000 2 1 1 11
2 23 0 1 0 0 0 3000 3 3 3 1
2 24 1 1 1 0 0 399 1 1 1 3
2 25 0 1 0 0 0 3000 3 5 5 1
3 1 0 1 0 0 0 3000 2 7 7 5
3 2 0 1 0 0 0 3000 1 11 11 7
3 3 0 1 0 0 0 3000 2 3 3 11
3 4 1 1 1 0 0 409 1 11 11 3
3 5 1 1 1 0 0 674 1 3 3 11
3 6 1 1 1 0 0 1017 1 11 11 3
3 7 0 1 0 0 0 3000 3 11 11 11
3 8 0 1 0 0 0 3000 3 1 1 11
3 9 1 1 1 0 0 363 1 11 11 1
3 10 1 1 1 0 0 677 1 1 1 11
3 11 0 0 0 0 1 423 3 3 3 1
3 12 0 1 0 0 0 3000 2 7 7 3
3 13 0 1 0 0 0 3000 3 8 8 7
3 14 1 1 1 0 0 860 1 7 7 8
3 15 1 1 1 0 0 931 1 8 8 7
3 16 1 1 1 0 0 1034 1 7 7 8
3 17 0 1 0 0 0 3000 3 15 15 7
3 18 0 1 0 0 0 3000 3 6 6 15
3 19 0 1 0 0 0 3000 2 11 11 6
3 20 0 1 0 0 0 3000 3 10 10 11
3 21 0 1 0 0 0 3000 3 12 12 10
3 22 0 1 0 0 0 3000 3 6 6 12
3 23 1 1 1 0 0 525 1 12 12 6
3 24 1 1 1 0 0 723 1 6 6 12
3 25 0 1 0 0 0 3000 3 3 3 6
