1 1 0 1 0 0 0 3000 2 4 4 0
1 2 0 1 0 0 0 3000 3 2 2 4
1 3 1 1 1 0 0 507 1 4 4 2
1 4 0 1 0 0 0 3000 2 10 10 4
1 5 0 1 0 0 0 3000 2 12 12 10
1 6 1 1 1 0 0 352 1 10 10 12
1 7 1 1 1 0 0 917 1 12 12 10
1 8 1 1 1 0 0 924 1 10 10 12
1 9 1 1 1 0 0 518 1 12 12 10
1 10 0 1 0 0 0 3000 3 7 7 12
1 11 0 1 0 0 0 3000 3 15 15 7
1 12 1 1 1 0 0 372 1 7 7 15
1 13 0 1 0 0 0 3000 3 7 7 7
1 14 1 0 0 1 0 3000 1 7 7 7
1 15 1 1 1 0 0 823 1 7 7 7
1 16 1 1 1 0 0 2200 1 7 7 7
1 17 0 1 0 0 0 3000 2 11 11 7
1 18 0 1 0 0 0 3000 3 8 8 11
1 19 0 1 0 0 0 3000 2 14 14 8
1 20 0 0 0 0 1 548 2 11 11 14
1 21 0 0 0 0 1 671 3 8 8 11
1 22 0 1 0 0 0 3000 2 12 12 8
1 23 1 1 1 0 0 982 1 8 8 12
1 24 0 1 0 0 0 3000 3 9 9 8
1 25 0 1 0 0 0 3000 3 7 7 9
2 1 0 1 0 0 0 3000 3 1 1 7
2 2 0 1 0 0 0 3000 1 15 15 1
2 3 0 0 0 0 1 436 2 11 11 15
2 4 1 1 1 0 0 542 1 15 15 11
2 5 0 1 0 0 0 3000 3 14 14 15
2 6 0 1 0 0 0 3000 3 13 13 14
2 7 0 1 0 0 0 3000 2 2 2 13
2 8 0 1 0 0 0 3000 3 14 14 2
2 9 0 0 0 0 1 495 2 15 15 14
2 10 1 0 0 1 0 3000 1 14 14 15
2 11 0 1 0 0 0 3000 3 10 10 14
2 12 0 1 0 0 0 3000 3 3 3 10
2 13 1 1 1 0 0 362 1 10 10 3
2 14 0 1 0 0 0 3000 2 9 9 10
2 15 0 0 0 0 1 1149 2 9 9 9
2 16 0 0 0 0 1 633 3 3 3 9
2 17 1 0 0 1 0 3000 1 9 9 3
2 18 0 1 0 0 0 3000 3 9 9 9
2 19 0 1 0 0 0 3000 3 4 4 9
2 20 1 1 1 0 0 373 1 9 9 4
2 21 1 1 1 0 0 482 1 4 4 9
2 22 0 1 0 0 0 3000 2 14 14 4
2 23 0 1 0 0 0 3000 3 7 7 14
2 24 0 1 0 0 0 3000 3 15 15 7
2 25 0 1 0 0 0 3000 3 12 12 15
3 1 0 1 0 0 0 3000 1 2 2 12
3 2 0 1 0 0 0 3000 1 10 10 2
3 3 0 1 0 0 0 3000 3 15 15 10
3 4 0 1 0 0 0 3000 3 15 15 15
3 5 0 1 0 0 0 3000 2 14 14 15
3 6 0 1 0 0 0 3000 2 2 2 14
3 7 1 1 1 0 0 691 1 14 14 2
3 8 0 1 0 0 0 3000 2 7 7 14
3 9 0 1 0 0 0 3000 3 2 2 7
3 10 0 1 0 0 0 3000 3 5 5 2
3 11 0 0 0 0 1 555 3 7 7 5
3 12 0 1 0 0 0 3000 3 2 2 7
3 13 0 1 0 0 0 3000 3 9 9 2
3 14 0 1 0 0 0 3000 2 5 5 9
3 15 1 1 1 0 0 457 1 9 9 5
3 16 0 1 0 0 0 3000 2 11 11 9
3 17 1 0 0 1 0 3000 1 9 9 11
3 18 1 0 0 1 0 3000 1 11 11 9
3 19 0 0 0 0 1 923 2 10 10 11
3 20 0 1 0 0 0 3000 2 9 9 10
3 21 0 1 0 0 0 3000 2 2 2 9
3 22 1 1 1 0 0 497 1 9 9 2
3 23 0 1 0 0 0 3000 3 3 3 9
3 24 0 1 0 0 0 3000 2 2 2 3
3 25 1 0 0 1 0 3000 1 3 3 2
