1 1 0 1 0 0 0 3000 2 2 2 0
1 2 0 1 0 0 0 3000 3 14 14 2
1 3 0 1 0 0 0 3000 2 6 6 14
1 4 0 1 0 0 0 3000 2 10 10 6
1 5 1 1 1 0 0 452 1 6 6 10
1 6 0 1 0 0 0 3000 2 3 3 6
1 7 1 0 0 1 0 3000 1 6 6 3
1 8 0 1 0 0 0 3000 3 8 8 6
1 9 0 1 0 0 0 3000 3 1 1 8
1 10 1 1 1 0 0 519 1 8 8 1
1 11 0 1 0 0 0 3000 3 13 13 8
1 12 0 1 0 0 0 3000 3 13 13 13
1 13 1 1 1 0 0 367 1 13 13 13
1 14 0 1 0 0 0 3000 2 1 1 13
1 15 0 1 0 0 0 3000 3 1 1 1
1 16 0 1 0 0 0 3000 2 3 3 1
1 17 1 1 1 0 0 523 1 1 1 3
1 18 0 1 0 0 0 3000 2 4 4 1
1 19 1 1 1 0 0 525 1 1 1 4
1 20 1 0 0 1 0 3000 1 4 4 1
1 21 0 1 0 0 0 3000 3 12 12 4
1 22 0 1 0 0 0 3000 3 7 7 12
1 23 0 0 0 0 1 382 2 4 4 7
1 24 0 1 0 0 0 3000 3 12 12 4
1 25 1 0 0 1 0 3000 1 4 4 12
2 1 0 1 0 0 0 3000 2 10 10 4
2 2 0 1 0 0 0 3000 2 1 1 10
2 3 0 1 0 0 0 3000 3 2 2 1
2 4 0 1 0 0 0 3000 3 6 6 2
2 5 0 1 0 0 0 3000 2 3 3 6
2 6 1 1 1 0 0 436 1 6 6 3
2 7 1 1 1 0 0 448 1 3 3 6
2 8 0 1 0 0 0 3000 3 10 10 3
2 9 0 1 0 0 0 3000 2 14 14 10
2 10 0 1 0 0 0 3000 3 4 4 14
2 11 1 0 0 1 0 3000 1 14 14 4
2 12 1 0 0 1 0 3000 1 4 4 14
2 13 0 1 0 0 0 3000 2 5 5 4
2 14 0 1 0 0 0 3000 2 6 6 5
2 15 0 1 0 0 0 3000 3 10 10 6
2 16 0 1 0 0 0 3000 2 5 5 10
2 17 0 1 0 0 0 3000 2 2 2 5
2 18 0 1 0 0 0 3000 3 3 3 2
2 19 0 1 0 0 0 3000 2 3 3 3
2 20 1 1 1 0 0 361 1 3 3 3
2 21 0 1 0 0 0 3000 2 14 14 3
2 22 1 0 0 1 0 3000 1 3 3 14
2 23 1 1 1 0 0 323 1 14 14 3
2 24 0 1 0 0 0 3000 3 11 11 14
2 25 0 1 0 0 0 3000 3 15 15 11
3 1 0 1 0 0 0 3000 2 8 8 15
3 2 0 1 0 0 0 3000 2 2 2 8
3 3 0 1 0 0 0 3000 2 14 14 2
3 4 1 1 1 0 0 423 1 2 2 14
3 5 1 1 1 0 0 598 1 14 14 2
3 6 0 1 0 0 0 3000 3 8 8 14
3 7 1 0 0 1 0 3000 1 14 14 8
3 8 0 1 0 0 0 3000 3 11 11 14
3 9 0 1 0 0 0 3000 2 4 4 11
3 10 0 1 0 0 0 3000 3 4 4 4
3 11 0 0 0 0 1 439 3 6 6 4
3 12 1 0 0 1 0 3000 1 4 4 6
3 13 0 1 0 0 0 3000 2 10 10 4
3 14 0 1 0 0 0 3000 3 14 14 10
3 15 1 1 1 0 0 352 1 10 10 14
3 16 0 1 0 0 0 3000 3 5 5 10
3 17 1 1 1 0 0 560 1 10 10 5
3 18 0 1 0 0 0 3000 3 4 4 10
3 19 0 0 0 0 1 326 2 5 5 4
3 20 1 1 1 0 0 809 1 4 4 5
3 21 0 1 0 0 0 3000 3 15 15 4
3 22 0 1 0 0 0 3000 2 6 6 15
3 23 0 1 0 0 0 3000 3 5 5 6
3 24 0 1 0 0 0 3000 3 15 15 5
3 25 1 1 1 0 0 343 1 5 5 15
