1 1 0 1 0 0 0 3000 1 4 4 0
1 2 0 1 0 0 0 3000 2 6 6 4
1 3 1 1 1 0 0 428 1 4 4 6
1 4 0 1 0 0 0 3000 2 13 13 4
1 5 0 1 0 0 0 3000 3 5 5 13
1 6 0 1 0 0 0 3000 3 15 15 5
1 7 0 1 0 0 0 3000 3 4 4 15
1 8 0 1 0 0 0 3000 2 6 6 4
1 9 0 1 0 0 0 3000 2 12 12 6
1 10 0 1 0 0 0 3000 2 8 8 12
1 11 1 0 0 1 0 3000 1 12 12 8
1 12 0 1 0 0 0 3000 2 13 13 12
1 13 0 1 0 0 0 3000 2 10 10 13
1 14 0 1 0 0 0 3000 2 12 12 10
1 15 0 1 0 0 0 3000 3 8 8 12
1 16 0 1 0 0 0 3000 3 10 10 8
1 17 1 1 1 0 0 378 1 8 8 10
1 18 1 1 1 0 0 1001 1 10 10 8
1 19 1 1 1 0 0 893 1 8 8 10
1 20 1 1 1 0 0 507 1 10 10 8
1 21 1 1 1 0 0 546 1 8 8 10
1 22 0 1 0 0 0 3000 3 2 2 8
1 23 1 1 1 0 0 341 1 8 8 2
1 24 0 1 0 0 0 3000 2 4 4 8
1 25 1 1 1 0 0 485 1 8 8 4
2 1 0 1 0 0 0 3000 3 11 11 8
2 2 0 1 0 0 0 3000 1 12 12 11
2 3 1 1 1 0 0 403 1 11 11 12
2 4 1 0 0 1 0 3000 1 12 12 11
2 5 0 1 0 0 0 3000 2 10 10 12
2 6 1 1 1 0 0 530 1 12 12 10
2 7 1 1 1 0 0 492 1 10 10 12
2 8 1 1 1 0 0 378 1 12 12 10
2 9 1 1 1 0 0 563 1 10 10 12
2 10 0 1 0 0 0 3000 3 6 6 10
2 11 0 1 0 0 0 3000 2 9 9 6
2 12 0 1 0 0 0 3000 3 10 10 9
2 13 1 1 1 0 0 731 1 9 9 10
2 14 0 1 0 0 0 3000 2 11 11 9
2 15 0 1 0 0 0 3000 3 5 5 11
2 16 0 1 0 0 0 3000 2 13 13 5
2 17 0 1 0 0 0 3000 3 8 8 13
2 18 0 1 0 0 0 3000 2 11 11 8
2 19 0 1 0 0 0 3000 2 3 3 11
2 20 1 1 1 0 0 389 1 11 11 3
2 21 1 1 1 0 0 685 1 3 3 11
2 22 1 1 1 0 0 524 1 11 11 3
2 23 0 1 0 0 0 3000 3 1 1 11
2 24 0 1 0 0 0 3000 3 9 9 1
2 25 1 1 1 0 0 751 1 1 1 9
3 1 0 1 0 0 0 3000 2 10 10 1
3 2 0 1 0 0 0 3000 2 15 15 10
3 3 0 1 0 0 0 3000 2 13 13 15
3 4 1 1 1 0 0 506 1 15 15 13
3 5 0 1 0 0 0 3000 2 4 4 15
3 6 0 1 0 0 0 3000 2 5 5 4
3 7 1 1 1 0 0 353 1 4 4 5
3 8 0 1 0 0 0 3000 3 3 3 4
3 9 0 1 0 0 0 3000 3 14 14 3
3 10 1 1 1 0 0 445 1 3 3 14
3 11 1 1 1 0 0 745 1 14 14 3
3 12 0 1 0 0 0 3000 3 4 4 14
3 13 0 1 0 0 0 3000 3 10 10 4
3 14 1 1 1 0 0 691 1 4 4 10
3 15 1 1 1 0 0 702 1 10 10 4
3 16 0 1 0 0 0 3000 2 10 10 10
3 17 1 1 1 0 0 410 1 10 10 10
3 18 0 1 0 0 0 3000 2 12 12 10
3 19 0 1 0 0 0 3000 2 3 3 12
3 20 0 1 0 0 0 3000 3 13 13 3
3 21 0 1 0 0 0 3000 3 2 2 13
3 22 1 1 1 0 0 1764 1 13 13 2
3 23 0 1 0 0 0 3000 2 14 14 13
3 24 0 1 0 0 0 3000 3 6 6 14
3 25 0 1 0 0 0 3000 3 11 11 6
