1 1 0 1 0 0 0 3000 2 7 7 0
1 2 0 1 0 0 0 3000 2 8 8 7
1 3 0 0 0 0 1 611 2 2 2 8
1 4 1 0 0 1 0 3000 1 8 8 2
1 5 0 1 0 0 0 3000 3 13 13 8
1 6 0 1 0 0 0 3000 3 3 3 13
1 7 0 1 0 0 0 3000 3 12 12 3
1 8 1 1 1 0 0 616 1 3 3 12
1 9 0 1 0 0 0 3000 3 4 4 3
1 10 1 1 1 0 0 587 1 3 3 4
1 11 0 1 0 0 0 3000 3 3 3 3
1 12 1 1 1 0 0 410 1 3 3 3
1 13 0 1 0 0 0 3000 2 10 10 3
1 14 0 1 0 0 0 3000 3 11 11 10
1 15 0 1 0 0 0 3000 2 3 3 11
1 16 1 1 1 0 0 1213 1 11 11 3
1 17 1 0 0 1 0 3000 1 3 3 11
1 18 0 1 0 0 0 3000 3 5 5 3
1 19 0 0 0 0 1 446 2 7 7 5
1 20 1 1 1 0 0 618 1 5 5 7
1 21 0 1 0 0 0 3000 2 6 6 5
1 22 0 1 0 0 0 3000 2 14 14 6
1 23 1 1 1 0 0 422 1 6 6 14
1 24 0 1 0 0 0 3000 3 3 3 6
1 25 0 1 0 0 0 3000 2 9 9 3
2 1 0 1 0 0 0 3000 2 4 4 9
2 2 0 1 0 0 0 3000 1 10 10 4
2 3 1 1 1 0 0 308 1 4 4 10
2 4 0 1 0 0 0 3000 3 3 3 4
2 5 0 1 0 0 0 3000 2 8 8 3
2 6 1 1 1 0 0 324 1 3 3 8
2 7 1 1 1 0 0 1189 1 8 8 3
2 8 1 1 1 0 0 497 1 3 3 8
2 9 0 1 0 0 0 3000 2 15 15 3
2 10 0 0 0 0 1 439 3 8 8 15
2 11 0 1 0 0 0 3000 3 14 14 8
2 12 0 1 0 0 0 3000 3 12 12 14
2 13 0 1 0 0 0 3000 2 15 15 12
2 14 0 1 0 0 0 3000 3 7 7 15
2 15 0 1 0 0 0 3000 2 4 4 7
2 16 1 1 1 0 0 526 1 7 7 4
2 17 0 1 0 0 0 3000 3 5 5 7
2 18 0 0 0 0 1 596 3 12 12 5
2 19 1 1 1 0 0 571 1 5 5 12
2 20 0 0 0 0 1 688 2 15 15 5
2 21 0 1 0 0 0 3000 3 10 10 15
2 22 0 1 0 0 0 3000 3 9 9 10
2 23 0 1 0 0 0 3000 2 7 7 9
2 24 1 1 1 0 0 385 1 9 9 7
2 25 0 1 0 0 0 3000 2 1 1 9
3 1 0 1 0 0 0 3000 2 7 7 1
3 2 0 1 0 0 0 3000 2 2 2 7
3 3 0 1 0 0 0 3000 3 1 1 2
3 4 0 0 0 0 1 527 2 7 7 1
3 5 0 1 0 0 0 3000 3 12 12 7
3 6 0 1 0 0 0 3000 3 11 11 12
3 7 1 1 1 0 0 400 1 12 12 11
3 8 0 1 0 0 0 3000 3 13 13 12
3 9 1 1 1 0 0 606 1 12 12 13
3 10 0 1 0 0 0 3000 3 10 10 12
3 11 0 1 0 0 0 3000 2 7 7 10
3 12 1 1 1 0 0 368 1 10 10 7
3 13 1 1 1 0 0 1050 1 7 7 10
3 14 0 0 0 0 1 897 2 7 7 7
3 15 1 0 0 1 0 3000 1 7 7 7
3 16 0 1 0 0 0 3000 2 15 15 7
3 17 0 1 0 0 0 3000 2 9 9 15
3 18 0 0 0 0 1 511 3 10 10 9
3 19 0 1 0 0 0 3000 2 13 13 10
3 20 1 1 1 0 0 392 1 10 10 13
3 21 1 1 1 0 0 897 1 13 13 10
3 22 1 1 1 0 0 633 1 10 10 13
3 23 1 1 1 0 0 344 1 13 13 10
3 24 0 1 0 0 0 3000 2 5 5 13
3 25 1 1 1 0 0 405 1 13 13 5
