1 1 0 1 0 0 0 3000 1 9 9 0
1 2 0 1 0 0 0 3000 2 10 10 9
1 3 1 1 1 0 0 677 1 9 9 10
1 4 0 1 0 0 0 3000 3 7 7 9
1 5 1 0 0 1 0 3000 1 9 9 7
1 6 0 1 0 0 0 3000 2 6 6 9
1 7 0 1 0 0 0 3000 3 6 6 6
1 8 0 0 0 0 1 485 2 4 4 6
1 9 0 1 0 0 0 3000 3 15 15 4
1 10 0 1 0 0 0 3000 2 8 8 15
1 11 0 1 0 0 0 3000 2 11 11 8
1 12 0 1 0 0 0 3000 2 14 14 11
1 13 1 1 1 0 0 1447 1 11 11 14
1 14 1 1 1 0 0 1356 1 14 14 11
1 15 0 1 0 0 0 3000 2 12 12 14
1 16 1 1 1 0 0 520 1 14 14 12
1 17 1 1 1 0 0 654 1 12 12 14
1 18 1 1 1 0 0 992 1 14 14 12
1 19 1 1 1 0 0 608 1 12 12 14
1 20 0 1 0 0 0 3000 3 3 3 12
1 21 0 1 0 0 0 3000 2 8 8 3
1 22 0 1 0 0 0 3000 3 2 2 8
1 23 0 1 0 0 0 3000 3 3 3 2
1 24 0 1 0 0 0 3000 3 12 12 3
1 25 0 1 0 0 0 3000 3 6 6 12
2 1 0 1 0 0 0 3000 2 7 7 6
2 2 0 1 0 0 0 3000 2 13 13 7
2 3 0 1 0 0 0 3000 2 10 10 13
2 4 1 1 1 0 0 525 1 13 13 10
2 5 0 1 0 0 0 3000 3 6 6 13
2 6 0 1 0 0 0 3000 3 1 1 6
2 7 1 1 1 0 0 523 1 6 6 1
2 8 0 1 0 0 0 3000 2 5 5 6
2 9 0 1 0 0 0 3000 2 11 11 5
2 10 0 0 0 0 1 647 2 11 11 11
2 11 0 1 0 0 0 3000 2 2 2 11
2 12 0 1 0 0 0 3000 3 4 4 2
2 13 0 1 0 0 0 3000 2 15 15 4
2 14 0 1 0 0 0 3000 3 7 7 15
2 15 0 1 0 0 0 3000 3 6 6 7
2 16 0 1 0 0 0 3000 3 5 5 6
2 17 1 0 0 1 0 3000 1 6 6 5
2 18 1 0 0 1 0 3000 1 5 5 6
2 19 0 1 0 0 0 3000 3 8 8 5
2 20 1 1 1 0 0 554 1 5 5 8
2 21 1 1 1 0 0 838 1 8 8 5
2 22 0 1 0 0 0 3000 3 12 12 8
2 23 1 1 1 0 0 964 1 8 8 12
2 24 1 1 1 0 0 462 1 12 12 8
2 25 0 0 0 0 1 1996 2 6 6 12
3 1 0 1 0 0 0 3000 3 11 11 6
3 2 0 1 0 0 0 3000 3 13 13 11
3 3 0 1 0 0 0 3000 3 6 6 13
3 4 1 1 1 0 0 1139 1 13 13 6
3 5 1 1 1 0 0 611 1 6 6 13
3 6 1 1 1 0 0 554 1 13 13 6
3 7 0 1 0 0 0 3000 3 2 2 13
3 8 1 0 0 1 0 3000 1 13 13 2
3 9 0 1 0 0 0 3000 3 10 10 13
3 10 1 1 1 0 0 467 1 13 13 10
3 11 0 0 0 0 1 1491 3 2 2 13
3 12 0 1 0 0 0 3000 3 2 2 2
3 13 0 1 0 0 0 3000 2 14 14 2
3 14 0 1 0 0 0 3000 2 8 8 14
3 15 0 1 0 0 0 3000 3 15 15 8
3 16 0 1 0 0 0 3000 2 4 4 15
3 17 1 1 1 0 0 566 1 15 15 4
3 18 0 1 0 0 0 3000 2 10 10 15
3 19 1 0 0 1 0 3000 1 15 15 10
3 20 0 1 0 0 0 3000 3 13 13 15
3 21 0 1 0 0 0 3000 3 8 8 13
3 22 0 1 0 0 0 3000 3 2 2 8
3 23 0 1 0 0 0 3000 3 2 2 2
3 24 0 1 0 0 0 3000 2 7 7 2
3 25 0 1 0 0 0 3000 3 11 11 7
