1 1 0 1 0 0 0 3000 2 9 9 0
1 2 0 1 0 0 0 3000 2 2 2 9
1 3 0 1 0 0 0 3000 3 14 14 2
1 4 0 1 0 0 0 3000 2 6 6 14
1 5 0 1 0 0 0 3000 2 1 1 6
1 6 1 1 1 0 0 513 1 6 6 1
1 7 0 1 0 0 0 3000 3 5 5 6
1 8 0 0 0 0 1 372 2 1 1 5
1 9 1 0 0 1 0 3000 1 5 5 1
1 10 0 1 0 0 0 3000 2 2 2 5
1 11 1 1 1 0 0 421 1 5 5 2
1 12 0 1 0 0 0 3000 2 7 7 5
1 13 0 1 0 0 0 3000 3 13 13 7
1 14 1 1 1 0 0 512 1 7 7 13
1 15 0 1 0 0 0 3000 3 10 10 7
1 16 1 1 1 0 0 418 1 7 7 10
1 17 0 1 0 0 0 3000 2 4 4 7
1 18 0 1 0 0 0 3000 3 14 14 4
1 19 0 1 0 0 0 3000 2 10 10 14
1 20 0 1 0 0 0 3000 3 3 3 10
1 21 0 1 0 0 0 3000 3 1 1 3
1 22 1 1 1 0 0 323 1 3 3 1
1 23 0 1 0 0 0 3000 3 15 15 3
1 24 0 1 0 0 0 3000 2 11 11 15
1 25 0 1 0 0 0 3000 2 12 12 11
2 1 0 0 0 0 1 1493 1 3 3 12
2 2 0 1 0 0 0 3000 3 5 5 3
2 3 1 1 1 0 0 328 1 3 3 5
2 4 0 1 0 0 0 3000 3 13 13 3
2 5 0 1 0 0 0 3000 3 10 10 13
2 6 0 1 0 0 0 3000 3 8 8 10
2 7 0 1 0 0 0 3000 3 4 4 8
2 8 0 1 0 0 0 3000 3 7 7 4
2 9 1 1 1 0 0 369 1 4 4 7
2 10 0 1 0 0 0 3000 3 2 2 4
2 11 1 1 1 0 0 381 1 4 4 2
2 12 0 1 0 0 0 3000 3 8 8 4
2 13 0 1 0 0 0 3000 2 5 5 8
2 14 0 1 0 0 0 3000 3 4 4 5
2 15 0 1 0 0 0 3000 3 2 2 4
2 16 1 0 0 1 0 3000 1 4 4 2
2 17 0 1 0 0 0 3000 2 14 14 4
2 18 0 0 0 0 1 334 3 8 8 14
2 19 0 1 0 0 0 3000 3 8 8 8
2 20 1 1 1 0 0 520 1 8 8 8
2 21 0 1 0 0 0 3000 3 1 1 8
2 22 0 1 0 0 0 3000 3 12 12 1
2 23 0 1 0 0 0 3000 2 12 12 12
2 24 1 1 1 0 0 549 1 12 12 12
2 25 0 1 0 0 0 3000 3 11 11 12
3 1 0 1 0 0 0 3000 2 11 11 11
3 2 0 1 0 0 0 3000 1 4 4 11
3 3 0 1 0 0 0 3000 2 2 2 4
3 4 0 1 0 0 0 3000 3 15 15 2
3 5 0 1 0 0 0 3000 2 8 8 15
3 6 1 1 1 0 0 596 1 15 15 8
3 7 0 1 0 0 0 3000 3 13 13 15
3 8 1 1 1 0 0 358 1 15 15 13
3 9 0 1 0 0 0 3000 2 9 9 15
3 10 0 1 0 0 0 3000 2 14 14 9
3 11 1 0 0 1 0 3000 1 9 9 14
3 12 0 1 0 0 0 3000 3 11 11 9
3 13 0 1 0 0 0 3000 3 11 11 11
3 14 1 1 1 0 0 303 1 11 11 11
3 15 0 1 0 0 0 3000 2 14 14 11
3 16 0 1 0 0 0 3000 3 9 9 14
3 17 1 1 1 0 0 390 1 14 14 9
3 18 0 1 0 0 0 3000 3 8 8 14
3 19 0 1 0 0 0 3000 3 12 12 8
3 20 0 1 0 0 0 3000 3 4 4 12
3 21 0 1 0 0 0 3000 2 11 11 4
3 22 0 1 0 0 0 3000 3 13 13 11
3 23 0 1 0 0 0 3000 3 5 5 13
3 24 0 1 0 0 0 3000 2 15 15 5
3 25 1 1 1 0 0 375 1 5 5 15
