1 1 0 1 0 0 0 3000 2 15 15 0
1 2 0 1 0 0 0 3000 2 8 8 15
1 3 1 1 1 0 0 402 1 15 15 8
1 4 0 1 0 0 0 3000 2 5 5 15
1 5 0 1 0 0 0 3000 2 6 6 5
1 6 0 1 0 0 0 3000 2 6 6 6
1 7 0 0 0 0 1 552 2 15 15 6
1 8 1 0 0 1 0 3000 1 6 6 15
1 9 0 1 0 0 0 3000 3 12 12 6
1 10 1 1 1 0 0 859 1 6 6 12
1 11 1 0 0 1 0 3000 1 12 12 6
1 12 1 0 0 1 0 3000 1 6 6 12
1 13 1 1 1 0 0 488 1 12 12 6
1 14 1 0 0 1 0 3000 1 6 6 12
1 15 0 1 0 0 0 3000 3 6 6 6
1 16 0 1 0 0 0 3000 2 14 14 6
1 17 1 1 1 0 0 640 1 6 6 14
1 18 0 1 0 0 0 3000 2 13 13 6
1 19 1 0 0 1 0 3000 1 6 6 13
1 20 0 1 0 0 0 3000 3 5 5 6
1 21 0 1 0 0 0 3000 2 3 3 5
1 22 0 1 0 0 0 3000 3 11 11 3
1 23 0 1 0 0 0 3000 3 8 8 11
1 24 1 1 1 0 0 396 1 11 11 8
1 25 0 1 0 0 0 3000 2 3 3 11
2 1 0 1 0 0 0 3000 1 4 4 3
2 2 0 1 0 0 0 3000 3 11 11 4
2 3 0 1 0 0 0 3000 3 5 5 11
2 4 0 1 0 0 0 3000 2 2 2 5
2 5 0 1 0 0 0 3000 2 11 11 2
2 6 0 1 0 0 0 3000 2 9 9 11
2 7 0 1 0 0 0 3000 3 6 6 9
2 8 0 1 0 0 0 3000 2 7 7 6
2 9 0 1 0 0 0 3000 2 3 3 7
2 10 0 1 0 0 0 3000 3 3 3 3
2 11 1 1 1 0 0 462 1 3 3 3
2 12 0 1 0 0 0 3000 3 6 6 3
2 13 0 1 0 0 0 3000 2 11 11 6
2 14 0 1 0 0 0 3000 2 12 12 11
2 15 0 1 0 0 0 3000 3 4 4 12
2 16 0 1 0 0 0 3000 3 14 14 4
2 17 0 1 0 0 0 3000 3 8 8 14
2 18 0 1 0 0 0 3000 3 10 10 8
2 19 1 1 1 0 0 787 1 8 8 10
2 20 1 0 0 1 0 3000 1 10 10 8
2 21 0 1 0 0 0 3000 3 5 5 10
2 22 0 1 0 0 0 3000 3 11 11 5
2 23 0 1 0 0 0 3000 3 12 12 11
2 24 1 1 1 0 0 455 1 11 11 12
2 25 1 0 0 1 0 3000 1 12 12 11
3 1 0 1 0 0 0 3000 3 6 6 12
3 2 0 1 0 0 0 3000 1 1 1 6
3 3 1 1 1 0 0 1946 1 6 6 1
3 4 0 1 0 0 0 3000 3 10 10 6
3 5 0 1 0 0 0 3000 2 1 1 10
3 6 1 1 1 0 0 492 1 10 10 1
3 7 1 0 0 1 0 3000 1 1 1 10
3 8 1 0 0 1 0 3000 1 10 10 1
3 9 0 1 0 0 0 3000 2 5 5 10
3 10 0 1 0 0 0 3000 2 4 4 5
3 11 1 1 1 0 0 546 1 5 5 4
3 12 0 1 0 0 0 3000 2 8 8 5
3 13 1 0 0 1 0 3000 1 5 5 8
3 14 0 1 0 0 0 3000 2 10 10 5
3 15 1 1 1 0 0 398 1 5 5 10
3 16 1 0 0 1 0 3000 1 10 10 5
3 17 0 1 0 0 0 3000 2 11 11 10
3 18 0 1 0 0 0 3000 2 11 11 11
3 19 0 1 0 0 0 3000 3 5 5 11
3 20 1 1 1 0 0 378 1 11 11 5
3 21 0 1 0 0 0 3000 2 10 10 11
3 22 0 1 0 0 0 3000 3 12 12 10
3 23 1 1 1 0 0 494 1 10 10 12
3 24 1 0 0 1 0 3000 1 12 12 10
3 25 0 1 0 0 0 3000 3 13 13 12
