1 1 0 1 0 0 0 3000 1 1 1 0
1 2 0 1 0 0 0 3000 3 14 14 1
1 3 0 1 0 0 0 3000 2 2 2 14
1 4 0 1 0 0 0 3000 2 6 6 2
1 5 0 1 0 0 0 3000 3 6 6 6
1 6 0 1 0 0 0 3000 2 3 3 6
1 7 1 1 1 0 0 458 1 6 6 3
1 8 0 1 0 0 0 3000 2 10 10 6
1 9 1 1 1 0 0 483 1 6 6 10
1 10 0 1 0 0 0 3000 3 14 14 6
1 11 0 1 0 0 0 3000 3 8 8 14
1 12 1 0 0 1 0 3000 1 14 14 8
1 13 1 1 1 0 0 486 1 8 8 14
1 14 0 1 0 0 0 3000 3 10 10 8
1 15 0 1 0 0 0 3000 3 14 14 10
1 16 0 1 0 0 0 3000 2 3 3 14
1 17 0 1 0 0 0 3000 3 13 13 3
1 18 1 0 0 1 0 3000 1 3 3 13
1 19 0 1 0 0 0 3000 3 9 9 3
1 20 1 0 0 1 0 3000 1 3 3 9
1 21 0 1 0 0 0 3000 2 13 13 3
1 22 1 0 0 1 0 3000 1 3 3 13
1 23 0 1 0 0 0 3000 3 14 14 3
1 24 0 1 0 0 0 3000 2 15 15 14
1 25 1 1 1 0 0 456 1 14 14 15
2 1 0 1 0 0 0 3000 1 4 4 14
2 2 0 1 0 0 0 3000 3 13 13 4
2 3 0 1 0 0 0 3000 3 12 12 13
2 4 0 1 0 0 0 3000 3 4 4 12
2 5 0 1 0 0 0 3000 2 8 8 4
2 6 1 0 0 1 0 3000 1 4 4 8
2 7 0 1 0 0 0 3000 2 5 5 4
2 8 0 1 0 0 0 3000 3 6 6 5
2 9 1 1 1 0 0 423 1 5 5 6
2 10 0 1 0 0 0 3000 3 12 12 5
2 11 1 1 1 0 0 339 1 5 5 12
2 12 1 0 0 1 0 3000 1 12 12 5
2 13 1 1 1 0 0 397 1 5 5 12
2 14 0 1 0 0 0 3000 2 8 8 5
2 15 1 1 1 0 0 452 1 5 5 8
2 16 1 0 0 1 0 3000 1 8 8 5
2 17 1 1 1 0 0 451 1 5 5 8
2 18 0 1 0 0 0 3000 2 13 13 5
2 19 1 1 1 0 0 384 1 5 5 13
2 20 0 1 0 0 0 3000 2 9 9 5
2 21 0 1 0 0 0 3000 2 6 6 9
2 22 0 1 0 0 0 3000 3 7 7 6
2 23 0 1 0 0 0 3000 2 7 7 7
2 24 1 0 0 1 0 3000 1 7 7 7
2 25 0 1 0 0 0 3000 2 14 14 7
3 1 0 1 0 0 0 3000 3 11 11 14
3 2 0 1 0 0 0 3000 2 7 7 11
3 3 1 1 1 0 0 501 1 11 11 7
3 4 0 1 0 0 0 3000 3 4 4 11
3 5 1 1 1 0 0 355 1 11 11 4
3 6 1 0 0 1 0 3000 1 4 4 11
3 7 0 1 0 0 0 3000 3 2 2 4
3 8 0 1 0 0 0 3000 2 8 8 2
3 9 1 1 1 0 0 563 1 2 2 8
3 10 0 1 0 0 0 3000 2 14 14 2
3 11 0 1 0 0 0 3000 3 3 3 14
3 12 1 1 1 0 0 407 1 14 14 3
3 13 0 1 0 0 0 3000 3 9 9 14
3 14 0 1 0 0 0 3000 3 15 15 9
3 15 0 1 0 0 0 3000 2 13 13 15
3 16 0 1 0 0 0 3000 2 14 14 13
3 17 0 1 0 0 0 3000 2 5 5 14
3 18 0 1 0 0 0 3000 2 1 1 5
3 19 0 1 0 0 0 3000 2 11 11 1
3 20 1 1 1 0 0 351 1 1 1 11
3 21 1 0 0 1 0 3000 1 11 11 1
3 22 1 1 1 0 0 536 1 1 1 11
3 23 1 0 0 1 0 3000 1 11 11 1
3 24 1 1 1 0 0 309 1 1 1 11
3 25 1 1 1 0 0 369 1 11 11 1
