1 1 0 1 0 0 0 3000 2 15 15 0
1 2 0 1 0 0 0 3000 2 13 13 15
1 3 0 1 0 0 0 3000 2 8 8 13
1 4 0 1 0 0 0 3000 2 4 4 8
1 5 0 1 0 0 0 3000 3 13 13 4
1 6 0 1 0 0 0 3000 3 9 9 13
1 7 1 0 0 1 0 3000 1 13 13 9
1 8 0 1 0 0 0 3000 2 12 12 13
1 9 0 1 0 0 0 3000 2 14 14 12
1 10 1 1 1 0 0 1326 1 12 12 14
1 11 0 1 0 0 0 3000 3 3 3 12
1 12 0 1 0 0 0 3000 2 13 13 3
1 13 0 1 0 0 0 3000 2 15 15 13
1 14 1 1 1 0 0 373 1 13 13 15
1 15 0 1 0 0 0 3000 2 2 2 13
1 16 0 0 0 0 1 535 2 15 15 2
1 17 0 1 0 0 0 3000 2 3 3 15
1 18 0 1 0 0 0 3000 2 5 5 3
1 19 0 1 0 0 0 3000 3 9 9 5
1 20 0 1 0 0 0 3000 3 15 15 9
1 21 0 1 0 0 0 3000 3 12 12 15
1 22 0 1 0 0 0 3000 2 11 11 12
1 23 0 1 0 0 0 3000 2 5 5 11
1 24 0 1 0 0 0 3000 3 1 1 5
1 25 0 1 0 0 0 3000 3 15 15 1
2 1 0 1 0 0 0 3000 1 6 6 15
2 2 0 1 0 0 0 3000 3 3 3 6
2 3 0 1 0 0 0 3000 2 2 2 3
2 4 1 1 1 0 0 376 1 3 3 2
2 5 1 1 1 0 0 571 1 2 2 3
2 6 0 1 0 0 0 3000 3 11 11 2
2 7 1 0 0 1 0 3000 1 2 2 11
2 8 1 1 1 0 0 455 1 11 11 2
2 9 0 1 0 0 0 3000 3 1 1 11
2 10 0 0 0 0 1 600 2 2 2 1
2 11 0 1 0 0 0 3000 3 14 14 2
2 12 0 0 0 0 1 1143 3 9 9 14
2 13 0 1 0 0 0 3000 2 7 7 9
2 14 0 1 0 0 0 3000 3 4 4 7
2 15 0 1 0 0 0 3000 2 2 2 4
2 16 0 1 0 0 0 3000 2 1 1 2
2 17 0 1 0 0 0 3000 3 8 8 1
2 18 0 1 0 0 0 3000 3 9 9 8
2 19 1 1 1 0 0 616 1 8 8 9
2 20 1 0 0 1 0 3000 1 9 9 8
2 21 1 1 1 0 0 765 1 8 8 9
2 22 0 1 0 0 0 3000 3 13 13 8
2 23 0 1 0 0 0 3000 2 2 2 13
2 24 0 1 0 0 0 3000 3 2 2 2
2 25 0 1 0 0 0 3000 3 15 15 2
3 1 0 1 0 0 0 3000 1 4 4 15
3 2 0 1 0 0 0 3000 2 2 2 4
3 3 1 1 1 0 0 397 1 4 4 2
3 4 1 1 1 0 0 510 1 2 2 4
3 5 1 0 0 1 0 3000 1 4 4 2
3 6 0 1 0 0 0 3000 2 7 7 4
3 7 0 1 0 0 0 3000 2 5 5 7
3 8 0 1 0 0 0 3000 3 6 6 5
3 9 0 1 0 0 0 3000 3 3 3 6
3 10 0 1 0 0 0 3000 2 7 7 3
3 11 1 1 1 0 0 828 1 3 3 7
3 12 0 1 0 0 0 3000 3 2 2 3
3 13 1 1 1 0 0 1481 1 3 3 2
3 14 1 1 1 0 0 726 1 2 2 3
3 15 1 0 0 1 0 3000 1 3 3 2
3 16 0 1 0 0 0 3000 2 10 10 3
3 17 1 1 1 0 0 503 1 3 3 10
3 18 0 1 0 0 0 3000 2 6 6 3
3 19 0 1 0 0 0 3000 3 8 8 6
3 20 1 1 1 0 0 491 1 6 6 8
3 21 0 1 0 0 0 3000 2 2 2 6
3 22 1 0 0 1 0 3000 1 6 6 2
3 23 0 1 0 0 0 3000 2 15 15 6
3 24 1 1 1 0 0 521 1 6 6 15
3 25 1 0 0 1 0 3000 1 15 15 6
