1 1 0 1 0 0 0 3000 1 1 1 0
1 2 0 1 0 0 0 3000 1 7 7 1
1 3 0 1 0 0 0 3000 2 2 2 7
1 4 1 1 1 0 0 1033 1 7 7 2
1 5 1 0 0 1 0 3000 1 2 2 7
1 6 0 1 0 0 0 3000 3 13 13 2
1 7 0 1 0 0 0 3000 2 13 13 13
1 8 0 1 0 0 0 3000 2 5 5 13
1 9 0 1 0 0 0 3000 2 14 14 5
1 10 1 1 1 0 0 356 1 5 5 14
1 11 0 1 0 0 0 3000 3 6 6 5
1 12 1 0 0 1 0 3000 1 5 5 6
1 13 0 1 0 0 0 3000 2 7 7 5
1 14 1 0 0 1 0 3000 1 5 5 7
1 15 0 1 0 0 0 3000 2 14 14 5
1 16 1 1 1 0 0 606 1 5 5 14
1 17 0 1 0 0 0 3000 2 3 3 5
1 18 0 1 0 0 0 3000 2 7 7 3
1 19 1 1 1 0 0 644 1 3 3 7
1 20 0 1 0 0 0 3000 2 8 8 3
1 21 1 0 0 1 0 3000 1 3 3 8
1 22 1 1 1 0 0 407 1 8 8 3
1 23 0 1 0 0 0 3000 3 7 7 8
1 24 0 1 0 0 0 3000 2 14 14 7
1 25 0 1 0 0 0 3000 2 1 1 14
2 1 0 1 0 0 0 3000 3 11 11 1
2 2 0 1 0 0 0 3000 2 7 7 11
2 3 0 1 0 0 0 3000 2 4 4 7
2 4 0 1 0 0 0 3000 2 6 6 4
2 5 1 1 1 0 0 1580 1 4 4 6
2 6 0 1 0 0 0 3000 3 15 15 4
2 7 1 0 0 1 0 3000 1 4 4 15
2 8 0 1 0 0 0 3000 3 3 3 4
2 9 1 1 1 0 0 398 1 4 4 3
2 10 0 1 0 0 0 3000 2 2 2 4
2 11 0 1 0 0 0 3000 2 15 15 2
2 12 0 1 0 0 0 3000 2 14 14 15
2 13 1 1 1 0 0 365 1 15 15 14
2 14 0 1 0 0 0 3000 2 4 4 15
2 15 1 0 0 1 0 3000 1 15 15 4
2 16 0 1 0 0 0 3000 3 5 5 15
2 17 1 1 1 0 0 314 1 15 15 5
2 18 1 0 0 1 0 3000 1 5 5 15
2 19 1 0 0 1 0 3000 1 15 15 5
2 20 0 1 0 0 0 3000 2 6 6 15
2 21 0 1 0 0 0 3000 2 14 14 6
2 22 0 0 0 0 1 593 2 3 3 14
2 23 0 1 0 0 0 3000 3 9 9 3
2 24 1 0 0 1 0 3000 1 3 3 9
2 25 1 1 1 0 0 457 1 9 9 3
3 1 0 1 0 0 0 3000 1 13 13 9
3 2 0 1 0 0 0 3000 3 1 1 13
3 3 1 1 1 0 0 1275 1 13 13 1
3 4 1 0 0 1 0 3000 1 1 1 13
3 5 1 0 0 1 0 3000 1 13 13 1
3 6 0 1 0 0 0 3000 2 6 6 13
3 7 0 1 0 0 0 3000 3 7 7 6
3 8 0 1 0 0 0 3000 3 14 14 7
3 9 0 0 0 0 1 546 3 13 13 14
3 10 1 0 0 1 0 3000 1 14 14 13
3 11 1 0 0 1 0 3000 1 13 13 14
3 12 0 1 0 0 0 3000 2 12 12 13
3 13 0 1 0 0 0 3000 2 11 11 12
3 14 1 1 1 0 0 632 1 12 12 11
3 15 0 1 0 0 0 3000 3 9 9 12
3 16 0 1 0 0 0 3000 2 11 11 9
3 17 0 1 0 0 0 3000 2 4 4 11
3 18 1 1 1 0 0 576 1 11 11 4
3 19 0 1 0 0 0 3000 3 1 1 11
3 20 0 1 0 0 0 3000 2 6 6 1
3 21 0 1 0 0 0 3000 3 10 10 6
3 22 0 1 0 0 0 3000 2 4 4 10
3 23 1 1 1 0 0 350 1 10 10 4
3 24 1 0 0 1 0 3000 1 4 4 10
3 25 1 0 0 1 0 3000 1 10 10 4
