1 1 0 0 0 0 1 2729 1 10 10 0
1 2 0 0 0 0 1 1959 2 12 12 10
1 3 0 1 0 0 0 3000 3 3 3 12
1 4 0 1 0 0 0 3000 2 2 2 3
1 5 1 0 0 1 0 3000 1 3 3 2
1 6 1 0 0 1 0 3000 1 2 2 3
1 7 0 0 0 0 1 294 3 9 9 2
1 8 1 0 0 1 0 3000 1 2 2 9
1 9 0 1 0 0 0 3000 2 11 11 2
1 10 0 1 0 0 0 3000 3 12 12 11
1 11 0 1 0 0 0 3000 3 15 15 12
1 12 1 0 0 1 0 3000 1 12 12 15
1 13 0 0 0 0 1 416 2 2 2 12
1 14 1 1 1 0 0 1101 1 12 12 2
1 15 0 1 0 0 0 3000 2 8 8 12
1 16 0 1 0 0 0 3000 3 14 14 8
1 17 1 1 1 0 0 476 1 8 8 14
1 18 0 1 0 0 0 3000 2 6 6 8
1 19 0 1 0 0 0 3000 2 7 7 6
1 20 0 1 0 0 0 3000 2 11 11 7
1 21 0 1 0 0 0 3000 3 11 11 11
1 22 1 1 1 0 0 906 1 11 11 11
1 23 0 1 0 0 0 3000 3 2 2 11
1 24 0 1 0 0 0 3000 3 5 5 2
1 25 1 1 1 0 0 478 1 2 2 5
2 1 0 1 0 0 0 3000 1 3 3 2
2 2 0 1 0 0 0 3000 3 15 15 3
2 3 1 1 1 0 0 448 1 3 3 15
2 4 1 0 0 1 0 3000 1 15 15 3
2 5 0 1 0 0 0 3000 2 1 1 15
2 6 0 1 0 0 0 3000 3 9 9 1
2 7 0 1 0 0 0 3000 2 14 14 9
2 8 0 1 0 0 0 3000 2 4 4 14
2 9 0 1 0 0 0 3000 3 2 2 4
2 10 0 0 0 0 1 542 2 2 2 2
2 11 0 1 0 0 0 3000 3 6 6 2
2 12 0 1 0 0 0 3000 3 3 3 6
2 13 1 1 1 0 0 468 1 6 6 3
2 14 1 0 0 1 0 3000 1 3 3 6
2 15 0 1 0 0 0 3000 3 11 11 3
2 16 0 1 0 0 0 3000 3 13 13 11
2 17 1 1 1 0 0 481 1 11 11 13
2 18 0 1 0 0 0 3000 3 5 5 11
2 19 1 0 0 1 0 3000 1 11 11 5
2 20 1 1 1 0 0 449 1 5 5 11
2 21 0 1 0 0 0 3000 2 2 2 5
2 22 0 1 0 0 0 3000 3 3 3 2
2 23 0 1 0 0 0 3000 2 10 10 3
2 24 0 1 0 0 0 3000 2 12 12 10
2 25 0 1 0 0 0 3000 2 6 6 12
3 1 0 1 0 0 0 3000 3 10 10 6
3 2 0 1 0 0 0 3000 3 3 3 10
3 3 0 1 0 0 0 3000 3 15 15 3
3 4 0 1 0 0 0 3000 2 2 2 15
3 5 0 1 0 0 0 3000 2 13 13 2
3 6 0 1 0 0 0 3000 3 5 5 13
3 7 0 1 0 0 0 3000 2 6 6 5
3 8 1 1 1 0 0 514 1 5 5 6
3 9 1 0 0 1 0 3000 1 6 6 5
3 10 0 1 0 0 0 3000 3 1 1 6
3 11 1 1 1 0 0 463 1 6 6 1
3 12 1 0 0 1 0 3000 1 1 1 6
3 13 0 1 0 0 0 3000 2 1 1 1
3 14 0 1 0 0 0 3000 2 4 4 1
3 15 0 0 0 0 1 716 2 4 4 4
3 16 0 1 0 0 0 3000 3 11 11 4
3 17 0 1 0 0 0 3000 2 14 14 11
3 18 1 1 1 0 0 624 1 11 11 14
3 19 0 1 0 0 0 3000 2 2 2 11
3 20 0 1 0 0 0 3000 3 5 5 2
3 21 1 0 0 1 0 3000 1 2 2 5
3 22 1 1 1 0 0 441 1 5 5 2
3 23 1 0 0 1 0 3000 1 2 2 5
3 24 1 0 0 1 0 3000 1 5 5 2
3 25 0 1 0 0 0 3000 3 14 14 5
