1 1 0 1 0 0 0 3000 3 11 11 0
1 2 0 1 0 0 0 3000 1 6 6 11
1 3 1 1 1 0 0 606 1 11 11 6
1 4 0 1 0 0 0 3000 3 5 5 11
1 5 0 1 0 0 0 3000 2 9 9 5
1 6 0 1 0 0 0 3000 2 10 10 9
1 7 0 1 0 0 0 3000 3 7 7 10
1 8 1 1 1 0 0 830 1 10 10 7
1 9 0 0 0 0 1 2027 3 10 10 10
1 10 0 1 0 0 0 3000 2 12 12 10
1 11 0 1 0 0 0 3000 3 7 7 12
1 12 0 1 0 0 0 3000 2 14 14 7
1 13 1 1 1 0 0 456 1 7 7 14
1 14 0 1 0 0 0 3000 2 15 15 7
1 15 1 0 0 1 0 3000 1 7 7 15
1 16 1 1 1 0 0 715 1 15 15 7
1 17 0 1 0 0 0 3000 2 11 11 15
1 18 0 1 0 0 0 3000 2 14 14 11
1 19 0 1 0 0 0 3000 3 14 14 14
1 20 0 1 0 0 0 3000 2 1 1 14
1 21 1 1 1 0 0 396 1 14 14 1
1 22 0 1 0 0 0 3000 3 4 4 14
1 23 1 1 1 0 0 677 1 14 14 4
1 24 0 1 0 0 0 3000 2 3 3 14
1 25 0 1 0 0 0 3000 3 1 1 3
2 1 0 1 0 0 0 3000 2 6 6 1
2 2 0 1 0 0 0 3000 3 13 13 6
2 3 0 1 0 0 0 3000 2 10 10 13
2 4 1 1 1 0 0 1169 1 13 13 10
2 5 0 1 0 0 0 3000 2 3 3 13
2 6 1 0 0 1 0 3000 1 13 13 3
2 7 1 1 1 0 0 596 1 3 3 13
2 8 1 0 0 1 0 3000 1 13 13 3
2 9 0 1 0 0 0 3000 2 15 15 13
2 10 1 1 1 0 0 400 1 13 13 15
2 11 1 1 1 0 0 1505 1 15 15 13
2 12 0 1 0 0 0 3000 3 2 2 15
2 13 1 0 0 1 0 3000 1 15 15 2
2 14 0 1 0 0 0 3000 3 9 9 15
2 15 0 1 0 0 0 3000 3 11 11 9
2 16 0 1 0 0 0 3000 2 15 15 11
2 17 1 1 1 0 0 399 1 11 11 15
2 18 0 1 0 0 0 3000 3 3 3 11
2 19 0 1 0 0 0 3000 2 10 10 3
2 20 1 1 1 0 0 601 1 3 3 10
2 21 0 1 0 0 0 3000 3 8 8 3
2 22 0 1 0 0 0 3000 2 8 8 8
2 23 1 1 1 0 0 655 1 8 8 8
2 24 0 1 0 0 0 3000 2 10 10 8
2 25 0 1 0 0 0 3000 2 5 5 10
3 1 0 1 0 0 0 3000 2 2 2 5
3 2 0 1 0 0 0 3000 3 7 7 2
3 3 1 1 1 0 0 480 1 2 2 7
3 4 0 1 0 0 0 3000 3 9 9 2
3 5 1 0 0 1 0 3000 1 2 2 9
3 6 0 1 0 0 0 3000 3 4 4 2
3 7 0 1 0 0 0 3000 2 5 5 4
3 8 1 1 1 0 0 1048 1 4 4 5
3 9 0 1 0 0 0 3000 3 3 3 4
3 10 0 1 0 0 0 3000 2 9 9 3
3 11 0 1 0 0 0 3000 2 4 4 9
3 12 0 1 0 0 0 3000 2 6 6 4
3 13 0 1 0 0 0 3000 2 8 8 6
3 14 0 1 0 0 0 3000 3 11 11 8
3 15 0 1 0 0 0 3000 3 1 1 11
3 16 0 0 0 0 1 644 3 6 6 1
3 17 0 1 0 0 0 3000 2 3 3 6
3 18 1 0 0 1 0 3000 1 6 6 3
3 19 1 1 1 0 0 746 1 3 3 6
3 20 0 1 0 0 0 3000 3 10 10 3
3 21 1 1 1 0 0 1576 1 3 3 10
3 22 0 1 0 0 0 3000 2 6 6 3
3 23 0 1 0 0 0 3000 3 14 14 6
3 24 0 1 0 0 0 3000 3 5 5 14
3 25 1 1 1 0 0 448 1 14 14 5
