1 1 0 1 0 0 0 3000 2 7 7 0
1 2 0 1 0 0 0 3000 3 6 6 7
1 3 1 1 1 0 0 400 1 7 7 6
1 4 0 1 0 0 0 3000 3 13 13 7
1 5 0 1 0 0 0 3000 3 13 13 13
1 6 1 1 1 0 0 379 1 13 13 13
1 7 0 1 0 0 0 3000 3 11 11 13
1 8 0 1 0 0 0 3000 3 6 6 11
1 9 0 1 0 0 0 3000 2 4 4 6
1 10 0 1 0 0 0 3000 3 13 13 4
1 11 1 1 1 0 0 534 1 4 4 13
1 12 1 1 1 0 0 803 1 13 13 4
1 13 1 1 1 0 0 701 1 4 4 13
1 14 0 1 0 0 0 3000 2 2 2 4
1 15 0 1 0 0 0 3000 2 8 8 2
1 16 1 1 1 0 0 376 1 2 2 8
1 17 0 1 0 0 0 3000 2 13 13 2
1 18 1 0 0 1 0 3000 1 2 2 13
1 19 0 1 0 0 0 3000 2 3 3 2
1 20 0 0 0 0 1 351 3 11 11 3
1 21 1 1 1 0 0 520 1 3 3 11
1 22 1 1 1 0 0 399 1 11 11 3
1 23 0 1 0 0 0 3000 3 1 1 11
1 24 0 1 0 0 0 3000 2 12 12 1
1 25 1 1 1 0 0 366 1 1 1 12
2 1 0 1 0 0 0 3000 1 14 14 1
2 2 0 1 0 0 0 3000 3 7 7 14
2 3 0 1 0 0 0 3000 3 2 2 7
2 4 0 1 0 0 0 3000 3 4 4 2
2 5 0 1 0 0 0 3000 3 4 4 4
2 6 0 1 0 0 0 3000 3 7 7 4
2 7 0 1 0 0 0 3000 2 5 5 7
2 8 1 1 1 0 0 410 1 7 7 5
2 9 0 1 0 0 0 3000 3 2 2 7
2 10 0 1 0 0 0 3000 2 13 13 2
2 11 1 1 1 0 0 392 1 2 2 13
2 12 1 1 1 0 0 378 1 13 13 2
2 13 1 1 1 0 0 504 1 2 2 13
2 14 0 1 0 0 0 3000 2 12 12 2
2 15 1 1 1 0 0 370 1 2 2 12
2 16 0 1 0 0 0 3000 3 8 8 2
2 17 0 0 0 0 1 1725 3 8 8 8
2 18 0 1 0 0 0 3000 3 2 2 8
2 19 0 1 0 0 0 3000 2 1 1 2
2 20 0 1 0 0 0 3000 2 1 1 1
2 21 0 1 0 0 0 3000 3 15 15 1
2 22 0 1 0 0 0 3000 2 6 6 15
2 23 0 1 0 0 0 3000 2 4 4 6
2 24 1 1 1 0 0 396 1 6 6 4
2 25 0 1 0 0 0 3000 3 10 10 6
3 1 0 1 0 0 0 3000 3 15 15 10
3 2 0 1 0 0 0 3000 2 13 13 15
3 3 0 1 0 0 0 3000 2 5 5 13
3 4 1 1 1 0 0 571 1 13 13 5
3 5 0 1 0 0 0 3000 2 12 12 13
3 6 0 1 0 0 0 3000 2 4 4 12
3 7 0 1 0 0 0 3000 3 11 11 4
3 8 0 1 0 0 0 3000 3 3 3 11
3 9 1 0 0 1 0 3000 1 11 11 3
3 10 0 1 0 0 0 3000 2 8 8 11
3 11 0 1 0 0 0 3000 3 12 12 8
3 12 0 1 0 0 0 3000 2 10 10 12
3 13 1 1 1 0 0 433 1 12 12 10
3 14 0 1 0 0 0 3000 3 12 12 12
3 15 0 1 0 0 0 3000 2 1 1 12
3 16 0 1 0 0 0 3000 2 7 7 1
3 17 0 1 0 0 0 3000 2 2 2 7
3 18 1 1 1 0 0 434 1 7 7 2
3 19 0 1 0 0 0 3000 2 15 15 7
3 20 0 1 0 0 0 3000 3 4 4 15
3 21 0 1 0 0 0 3000 3 1 1 4
3 22 1 1 1 0 0 364 1 4 4 1
3 23 0 1 0 0 0 3000 2 10 10 4
3 24 0 1 0 0 0 3000 3 14 14 10
3 25 0 1 0 0 0 3000 2 11 11 14
