1 1 0 1 0 0 0 3000 3 9 9 0
1 2 0 1 0 0 0 3000 3 10 10 9
1 3 1 1 1 0 0 433 1 9 9 10
1 4 1 1 1 0 0 521 1 10 10 9
1 5 0 1 0 0 0 3000 2 11 11 10
1 6 0 1 0 0 0 3000 3 12 12 11
1 7 0 1 0 0 0 3000 3 1 1 12
1 8 0 1 0 0 0 3000 2 8 8 1
1 9 0 1 0 0 0 3000 3 10 10 8
1 10 0 1 0 0 0 3000 3 3 3 10
1 11 0 1 0 0 0 3000 3 5 5 3
1 12 1 0 0 1 0 3000 1 3 3 5
1 13 0 1 0 0 0 3000 3 11 11 3
1 14 0 1 0 0 0 3000 3 2 2 11
1 15 1 1 1 0 0 323 1 11 11 2
1 16 0 1 0 0 0 3000 2 9 9 11
1 17 0 1 0 0 0 3000 3 4 4 9
1 18 0 1 0 0 0 3000 3 11 11 4
1 19 0 1 0 0 0 3000 3 14 14 11
1 20 0 1 0 0 0 3000 2 4 4 14
1 21 0 1 0 0 0 3000 3 11 11 4
1 22 1 1 1 0 0 405 1 4 4 11
1 23 0 1 0 0 0 3000 2 12 12 4
1 24 0 1 0 0 0 3000 3 5 5 12
1 25 0 1 0 0 0 3000 2 8 8 5
2 1 0 1 0 0 0 3000 1 11 11 8
2 2 0 1 0 0 0 3000 3 6 6 11
2 3 0 1 0 0 0 3000 3 7 7 6
2 4 0 1 0 0 0 3000 3 13 13 7
2 5 1 0 0 1 0 3000 1 7 7 13
2 6 0 1 0 0 0 3000 2 5 5 7
2 7 0 0 0 0 1 469 2 5 5 5
2 8 0 1 0 0 0 3000 2 2 2 5
2 9 0 1 0 0 0 3000 3 15 15 2
2 10 0 1 0 0 0 3000 2 14 14 15
2 11 0 1 0 0 0 3000 3 12 12 14
2 12 1 1 1 0 0 372 1 14 14 12
2 13 0 1 0 0 0 3000 3 14 14 14
2 14 1 1 1 0 0 479 1 14 14 14
2 15 0 1 0 0 0 3000 3 3 3 14
2 16 0 1 0 0 0 3000 2 8 8 3
2 17 1 1 1 0 0 328 1 3 3 8
2 18 0 1 0 0 0 3000 2 11 11 3
2 19 0 1 0 0 0 3000 3 15 15 11
2 20 0 1 0 0 0 3000 3 3 3 15
2 21 0 1 0 0 0 3000 2 7 7 3
2 22 0 1 0 0 0 3000 2 15 15 7
2 23 0 1 0 0 0 3000 3 2 2 15
2 24 1 1 1 0 0 316 1 15 15 2
2 25 0 1 0 0 0 3000 2 8 8 15
3 1 0 1 0 0 0 3000 2 1 1 8
3 2 0 1 0 0 0 3000 2 5 5 1
3 3 0 1 0 0 0 3000 2 7 7 5
3 4 0 1 0 0 0 3000 3 4 4 7
3 5 0 1 0 0 0 3000 2 10 10 4
3 6 1 1 1 0 0 459 1 4 4 10
3 7 0 1 0 0 0 3000 2 9 9 4
3 8 0 1 0 0 0 3000 3 2 2 9
3 9 1 1 1 0 0 368 1 9 9 2
3 10 0 1 0 0 0 3000 2 1 1 9
3 11 0 1 0 0 0 3000 2 1 1 1
3 12 1 1 1 0 0 308 1 1 1 1
3 13 0 1 0 0 0 3000 3 5 5 1
3 14 0 1 0 0 0 3000 2 4 4 5
3 15 0 1 0 0 0 3000 3 4 4 4
3 16 1 1 1 0 0 322 1 4 4 4
3 17 0 1 0 0 0 3000 3 12 12 4
3 18 0 1 0 0 0 3000 3 11 11 12
3 19 0 1 0 0 0 3000 3 4 4 11
3 20 1 1 1 0 0 463 1 11 11 4
3 21 0 1 0 0 0 3000 2 10 10 11
3 22 0 1 0 0 0 3000 2 8 8 10
3 23 0 1 0 0 0 3000 2 2 2 8
3 24 0 1 0 0 0 3000 3 12 12 2
3 25 1 1 1 0 0 399 1 2 2 12
