1 1 0 1 0 0 0 3000 2 12 12 0
1 2 0 1 0 0 0 3000 2 11 11 12
1 3 1 1 1 0 0 686 1 12 12 11
1 4 0 1 0 0 0 3000 2 12 12 12
1 5 1 0 0 1 0 3000 1 12 12 12
1 6 1 1 1 0 0 580 1 12 12 12
1 7 1 0 0 1 0 3000 1 12 12 12
1 8 0 1 0 0 0 3000 2 2 2 12
1 9 0 1 0 0 0 3000 3 11 11 2
1 10 1 0 0 1 0 3000 1 2 2 11
1 11 1 0 0 1 0 3000 1 11 11 2
1 12 0 1 0 0 0 3000 3 12 12 11
1 13 1 0 0 1 0 3000 1 11 11 12
1 14 1 0 0 1 0 3000 1 12 12 11
1 15 1 1 1 0 0 465 1 11 11 12
1 16 0 1 0 0 0 3000 2 2 2 11
1 17 1 0 0 1 0 3000 1 11 11 2
1 18 0 1 0 0 0 3000 3 13 13 11
1 19 1 0 0 1 0 3000 1 11 11 13
1 20 1 0 0 1 0 3000 1 13 13 11
1 21 1 1 1 0 0 456 1 11 11 13
1 22 0 1 0 0 0 3000 3 5 5 11
1 23 0 1 0 0 0 3000 3 1 1 5
1 24 0 1 0 0 0 3000 3 8 8 1
1 25 0 1 0 0 0 3000 2 9 9 8
2 1 0 1 0 0 0 3000 1 5 5 9
2 2 0 1 0 0 0 3000 1 10 10 5
2 3 0 1 0 0 0 3000 3 12 12 10
2 4 0 1 0 0 0 3000 3 13 13 12
2 5 0 1 0 0 0 3000 2 11 11 13
2 6 0 1 0 0 0 3000 2 12 12 11
2 7 0 1 0 0 0 3000 2 14 14 12
2 8 1 0 0 1 0 3000 1 12 12 14
2 9 0 1 0 0 0 3000 2 4 4 12
2 10 0 1 0 0 0 3000 2 5 5 4
2 11 1 0 0 1 0 3000 1 4 4 5
2 12 0 1 0 0 0 3000 3 10 10 4
2 13 0 1 0 0 0 3000 3 11 11 10
2 14 0 1 0 0 0 3000 2 15 15 11
2 15 1 1 1 0 0 390 1 11 11 15
2 16 0 1 0 0 0 3000 2 7 7 11
2 17 1 0 0 1 0 3000 1 11 11 7
2 18 0 1 0 0 0 3000 2 1 1 11
2 19 0 1 0 0 0 3000 2 14 14 1
2 20 0 1 0 0 0 3000 3 6 6 14
2 21 1 1 1 0 0 424 1 14 14 6
2 22 0 1 0 0 0 3000 2 14 14 14
2 23 1 0 0 1 0 3000 1 14 14 14
2 24 0 1 0 0 0 3000 2 7 7 14
2 25 1 0 0 1 0 3000 1 14 14 7
3 1 0 1 0 0 0 3000 2 12 12 14
3 2 0 1 0 0 0 3000 3 12 12 12
3 3 0 1 0 0 0 3000 2 7 7 12
3 4 0 1 0 0 0 3000 3 5 5 7
3 5 0 1 0 0 0 3000 3 4 4 5
3 6 0 1 0 0 0 3000 3 7 7 4
3 7 0 1 0 0 0 3000 2 1 1 7
3 8 0 1 0 0 0 3000 2 10 10 1
3 9 0 1 0 0 0 3000 2 9 9 10
3 10 1 0 0 1 0 3000 1 10 10 9
3 11 0 1 0 0 0 3000 2 3 3 10
3 12 1 1 1 0 0 447 1 10 10 3
3 13 1 0 0 1 0 3000 1 3 3 10
3 14 0 1 0 0 0 3000 2 4 4 3
3 15 0 1 0 0 0 3000 2 14 14 4
3 16 0 1 0 0 0 3000 2 12 12 14
3 17 0 1 0 0 0 3000 3 1 1 12
3 18 1 1 1 0 0 622 1 12 12 1
3 19 0 1 0 0 0 3000 3 6 6 12
3 20 0 1 0 0 0 3000 3 10 10 6
3 21 0 1 0 0 0 3000 2 2 2 10
3 22 1 1 1 0 0 411 1 10 10 2
3 23 0 1 0 0 0 3000 3 4 4 10
3 24 1 0 0 1 0 3000 1 10 10 4
3 25 1 1 1 0 0 511 1 4 4 10
