1 1 0 1 0 0 0 3000 1 14 14 0
1 2 0 1 0 0 0 3000 1 11 11 14
1 3 0 1 0 0 0 3000 2 8 8 11
1 4 0 1 0 0 0 3000 3 3 3 8
1 5 0 1 0 0 0 3000 2 2 2 3
1 6 0 1 0 0 0 3000 3 15 15 2
1 7 0 1 0 0 0 3000 2 1 1 15
1 8 0 1 0 0 0 3000 2 10 10 1
1 9 0 1 0 0 0 3000 2 12 12 10
1 10 0 1 0 0 0 3000 3 14 14 12
1 11 0 1 0 0 0 3000 3 8 8 14
1 12 0 1 0 0 0 3000 2 15 15 8
1 13 0 1 0 0 0 3000 2 14 14 15
1 14 0 1 0 0 0 3000 2 13 13 14
1 15 0 1 0 0 0 3000 2 8 8 13
1 16 1 1 1 0 0 1779 1 13 13 8
1 17 0 1 0 0 0 3000 2 13 13 13
1 18 1 1 1 0 0 1581 1 13 13 13
1 19 0 1 0 0 0 3000 3 14 14 13
1 20 1 1 1 0 0 1022 1 13 13 14
1 21 1 1 1 0 0 1531 1 14 14 13
1 22 0 1 0 0 0 3000 2 3 3 14
1 23 1 1 1 0 0 720 1 14 14 3
1 24 1 1 1 0 0 919 1 3 3 14
1 25 1 1 1 0 0 954 1 14 14 3
2 1 0 1 0 0 0 3000 1 4 4 14
2 2 0 1 0 0 0 3000 2 5 5 4
2 3 0 1 0 0 0 3000 3 14 14 5
2 4 0 1 0 0 0 3000 2 2 2 14
2 5 1 1 1 0 0 1401 1 14 14 2
2 6 0 1 0 0 0 3000 3 8 8 14
2 7 0 1 0 0 0 3000 2 1 1 8
2 8 0 1 0 0 0 3000 3 9 9 1
2 9 0 1 0 0 0 3000 2 7 7 9
2 10 1 1 1 0 0 1571 1 9 9 7
2 11 0 1 0 0 0 3000 3 11 11 9
2 12 0 1 0 0 0 3000 3 10 10 11
2 13 0 1 0 0 0 3000 3 4 4 10
2 14 0 1 0 0 0 3000 3 11 11 4
2 15 1 1 1 0 0 2040 1 4 4 11
2 16 1 1 1 0 0 851 1 11 11 4
2 17 0 1 0 0 0 3000 3 5 5 11
2 18 0 1 0 0 0 3000 2 7 7 5
2 19 1 1 1 0 0 964 1 5 5 7
2 20 0 1 0 0 0 3000 3 5 5 5
2 21 0 1 0 0 0 3000 2 13 13 5
2 22 0 1 0 0 0 3000 3 9 9 13
2 23 0 1 0 0 0 3000 2 14 14 9
2 24 0 1 0 0 0 3000 3 11 11 14
2 25 0 1 0 0 0 3000 2 9 9 11
3 1 0 1 0 0 0 3000 2 14 14 9
3 2 0 1 0 0 0 3000 3 12 12 14
3 3 0 1 0 0 0 3000 2 1 1 12
3 4 1 1 1 0 0 568 1 12 12 1
3 5 1 1 1 0 0 807 1 1 1 12
3 6 0 1 0 0 0 3000 3 8 8 1
3 7 0 1 0 0 0 3000 3 15 15 8
3 8 0 1 0 0 0 3000 3 7 7 15
3 9 1 1 1 0 0 2148 1 15 15 7
3 10 1 1 1 0 0 1319 1 7 7 15
3 11 0 1 0 0 0 3000 2 9 9 7
3 12 1 0 0 1 0 3000 1 7 7 9
3 13 0 1 0 0 0 3000 3 5 5 7
3 14 0 1 0 0 0 3000 2 12 12 5
3 15 0 1 0 0 0 3000 3 15 15 12
3 16 0 1 0 0 0 3000 3 2 2 15
3 17 0 1 0 0 0 3000 2 8 8 2
3 18 1 1 1 0 0 1485 1 2 2 8
3 19 0 1 0 0 0 3000 3 9 9 2
3 20 0 1 0 0 0 3000 2 6 6 9
3 21 0 1 0 0 0 3000 3 5 5 6
3 22 1 1 1 0 0 1914 1 6 6 5
3 23 1 1 1 0 0 2264 1 5 5 6
3 24 0 1 0 0 0 3000 2 11 11 5
3 25 0 1 0 0 0 3000 3 11 11 11
