1 1 0 1 0 0 0 3000 2 5 5 0
1 2 0 1 0 0 0 3000 3 13 13 5
1 3 1 1 1 0 0 544 1 5 5 13
1 4 0 1 0 0 0 3000 3 1 1 5
1 5 0 1 0 0 0 3000 2 2 2 1
1 6 1 1 1 0 0 447 1 1 1 2
1 7 0 1 0 0 0 3000 3 1 1 1
1 8 0 1 0 0 0 3000 2 13 13 1
1 9 1 1 1 0 0 371 1 1 1 13
1 10 0 1 0 0 0 3000 2 1 1 1
1 11 0 1 0 0 0 3000 2 3 3 1
1 12 0 1 0 0 0 3000 2 13 13 3
1 13 0 1 0 0 0 3000 2 5 5 13
1 14 1 1 1 0 0 534 1 13 13 5
1 15 0 1 0 0 0 3000 2 2 2 13
1 16 0 1 0 0 0 3000 3 12 12 2
1 17 0 1 0 0 0 3000 2 8 8 12
1 18 0 1 0 0 0 3000 3 7 7 8
1 19 1 1 1 0 0 323 1 8 8 7
1 20 0 1 0 0 0 3000 3 10 10 8
1 21 1 0 0 1 0 3000 1 8 8 10
1 22 1 1 1 0 0 398 1 10 10 8
1 23 0 1 0 0 0 3000 3 5 5 10
1 24 1 0 0 1 0 3000 1 10 10 5
1 25 0 1 0 0 0 3000 3 9 9 10
2 1 0 1 0 0 0 3000 3 9 9 9
2 2 0 1 0 0 0 3000 2 13 13 9
2 3 0 1 0 0 0 3000 2 5 5 13
2 4 0 1 0 0 0 3000 2 12 12 5
2 5 0 1 0 0 0 3000 2 7 7 12
2 6 0 1 0 0 0 3000 3 3 3 7
2 7 0 1 0 0 0 3000 3 2 2 3
2 8 1 1 1 0 0 486 1 3 3 2
2 9 1 1 1 0 0 1109 1 2 2 3
2 10 0 1 0 0 0 3000 3 13 13 2
2 11 0 1 0 0 0 3000 2 6 6 13
2 12 0 1 0 0 0 3000 2 9 9 6
2 13 0 1 0 0 0 3000 2 11 11 9
2 14 0 1 0 0 0 3000 2 4 4 11
2 15 1 1 1 0 0 323 1 11 11 4
2 16 1 1 1 0 0 584 1 4 4 11
2 17 0 1 0 0 0 3000 3 4 4 4
2 18 0 1 0 0 0 3000 3 5 5 4
2 19 0 1 0 0 0 3000 3 8 8 5
2 20 1 1 1 0 0 396 1 5 5 8
2 21 0 1 0 0 0 3000 3 9 9 5
2 22 0 1 0 0 0 3000 2 7 7 9
2 23 1 1 1 0 0 704 1 9 9 7
2 24 1 1 1 0 0 731 1 7 7 9
2 25 0 1 0 0 0 3000 2 12 12 7
3 1 0 1 0 0 0 3000 1 10 10 12
3 2 0 1 0 0 0 3000 2 10 10 10
3 3 0 1 0 0 0 3000 3 11 11 10
3 4 0 1 0 0 0 3000 3 15 15 11
3 5 1 1 1 0 0 372 1 11 11 15
3 6 0 1 0 0 0 3000 3 4 4 11
3 7 1 0 0 1 0 3000 1 11 11 4
3 8 0 1 0 0 0 3000 2 13 13 11
3 9 1 1 1 0 0 375 1 11 11 13
3 10 0 1 0 0 0 3000 2 5 5 11
3 11 1 0 0 1 0 3000 1 11 11 5
3 12 1 1 1 0 0 369 1 5 5 11
3 13 1 1 1 0 0 1704 1 11 11 5
3 14 0 1 0 0 0 3000 2 8 8 11
3 15 0 1 0 0 0 3000 3 5 5 8
3 16 0 1 0 0 0 3000 2 15 15 5
3 17 1 1 1 0 0 800 1 5 5 15
3 18 0 1 0 0 0 3000 3 2 2 5
3 19 1 0 0 1 0 3000 1 5 5 2
3 20 0 1 0 0 0 3000 3 1 1 5
3 21 1 1 1 0 0 555 1 5 5 1
3 22 0 1 0 0 0 3000 3 14 14 5
3 23 0 1 0 0 0 3000 2 12 12 14
3 24 0 1 0 0 0 3000 2 3 3 12
3 25 0 0 0 0 1 826 2 3 3 3
