1 1 0 1 0 0 0 3000 3 1 1 0
1 2 0 1 0 0 0 3000 2 11 11 1
1 3 0 1 0 0 0 3000 3 15 15 11
1 4 1 0 0 1 0 3000 1 11 11 15
1 5 0 1 0 0 0 3000 2 4 4 11
1 6 1 1 1 0 0 391 1 11 11 4
1 7 1 1 1 0 0 389 1 4 4 11
1 8 1 1 1 0 0 589 1 11 11 4
1 9 0 1 0 0 0 3000 3 9 9 11
1 10 1 0 0 1 0 3000 1 11 11 9
1 11 0 1 0 0 0 3000 3 8 8 11
1 12 1 0 0 1 0 3000 1 11 11 8
1 13 0 1 0 0 0 3000 2 11 11 11
1 14 0 1 0 0 0 3000 3 5 5 11
1 15 0 1 0 0 0 3000 3 14 14 5
1 16 1 1 1 0 0 394 1 5 5 14
1 17 0 1 0 0 0 3000 2 2 2 5
1 18 1 0 0 1 0 3000 1 5 5 2
1 19 0 1 0 0 0 3000 2 13 13 5
1 20 1 1 1 0 0 340 1 5 5 13
1 21 1 0 0 1 0 3000 1 13 13 5
1 22 1 0 0 1 0 3000 1 5 5 13
1 23 1 1 1 0 0 418 1 13 13 5
1 24 0 1 0 0 0 3000 2 14 14 13
1 25 1 0 0 1 0 3000 1 13 13 14
2 1 0 1 0 0 0 3000 3 10 10 13
2 2 0 1 0 0 0 3000 1 8 8 10
2 3 1 0 0 1 0 3000 1 10 10 8
2 4 0 1 0 0 0 3000 3 6 6 10
2 5 1 1 1 0 0 357 1 10 10 6
2 6 0 1 0 0 0 3000 2 8 8 10
2 7 0 1 0 0 0 3000 3 7 7 8
2 8 1 1 1 0 0 358 1 8 8 7
2 9 1 1 1 0 0 729 1 7 7 8
2 10 0 1 0 0 0 3000 3 15 15 7
2 11 0 1 0 0 0 3000 2 8 8 15
2 12 0 1 0 0 0 3000 3 12 12 8
2 13 0 1 0 0 0 3000 2 4 4 12
2 14 0 1 0 0 0 3000 2 2 2 4
2 15 0 1 0 0 0 3000 2 15 15 2
2 16 0 1 0 0 0 3000 3 6 6 15
2 17 0 1 0 0 0 3000 2 1 1 6
2 18 0 1 0 0 0 3000 3 13 13 1
2 19 0 1 0 0 0 3000 3 7 7 13
2 20 0 1 0 0 0 3000 2 3 3 7
2 21 1 1 1 0 0 876 1 7 7 3
2 22 0 1 0 0 0 3000 3 2 2 7
2 23 1 0 0 1 0 3000 1 7 7 2
2 24 1 0 0 1 0 3000 1 2 2 7
2 25 0 1 0 0 0 3000 3 9 9 2
3 1 0 1 0 0 0 3000 2 8 8 9
3 2 0 1 0 0 0 3000 3 4 4 8
3 3 0 1 0 0 0 3000 3 15 15 4
3 4 0 1 0 0 0 3000 2 11 11 15
3 5 1 0 0 1 0 3000 1 15 15 11
3 6 0 1 0 0 0 3000 2 10 10 15
3 7 1 0 0 1 0 3000 1 15 15 10
3 8 0 1 0 0 0 3000 2 1 1 15
3 9 0 1 0 0 0 3000 3 8 8 1
3 10 0 1 0 0 0 3000 2 2 2 8
3 11 0 1 0 0 0 3000 2 11 11 2
3 12 0 1 0 0 0 3000 2 8 8 11
3 13 0 1 0 0 0 3000 3 1 1 8
3 14 1 1 1 0 0 440 1 8 8 1
3 15 0 1 0 0 0 3000 2 2 2 8
3 16 1 0 0 1 0 3000 1 8 8 2
3 17 0 1 0 0 0 3000 3 8 8 8
3 18 0 1 0 0 0 3000 2 12 12 8
3 19 1 1 1 0 0 318 1 8 8 12
3 20 0 1 0 0 0 3000 2 11 11 8
3 21 0 1 0 0 0 3000 2 2 2 11
3 22 1 1 1 0 0 558 1 11 11 2
3 23 1 1 1 0 0 689 1 2 2 11
3 24 0 1 0 0 0 3000 2 13 13 2
3 25 1 0 0 1 0 3000 1 2 2 13
