1 1 0 1 0 0 0 3000 3 5 5 0
1 2 0 1 0 0 0 3000 1 12 12 5
1 3 0 1 0 0 0 3000 2 13 13 12
1 4 1 0 0 1 0 3000 1 12 12 13
1 5 0 0 0 0 1 738 3 5 5 12
1 6 1 0 0 1 0 3000 1 12 12 5
1 7 0 1 0 0 0 3000 2 6 6 12
1 8 0 1 0 0 0 3000 3 14 14 6
1 9 1 1 1 0 0 474 1 6 6 14
1 10 1 0 0 1 0 3000 1 14 14 6
1 11 0 1 0 0 0 3000 3 8 8 14
1 12 0 1 0 0 0 3000 3 4 4 8
1 13 0 1 0 0 0 3000 2 9 9 4
1 14 0 1 0 0 0 3000 3 8 8 9
1 15 0 1 0 0 0 3000 3 8 8 8
1 16 0 1 0 0 0 3000 2 15 15 8
1 17 0 1 0 0 0 3000 3 3 3 15
1 18 0 1 0 0 0 3000 2 13 13 3
1 19 1 1 1 0 0 400 1 3 3 13
1 20 0 1 0 0 0 3000 2 2 2 3
1 21 1 0 0 1 0 3000 1 3 3 2
1 22 0 1 0 0 0 3000 2 5 5 3
1 23 0 1 0 0 0 3000 3 2 2 5
1 24 0 1 0 0 0 3000 3 12 12 2
1 25 0 1 0 0 0 3000 3 8 8 12
2 1 0 1 0 0 0 3000 3 15 15 8
2 2 0 1 0 0 0 3000 3 10 10 15
2 3 0 1 0 0 0 3000 2 11 11 10
2 4 1 1 1 0 0 547 1 10 10 11
2 5 1 0 0 1 0 3000 1 11 11 10
2 6 1 0 0 1 0 3000 1 10 10 11
2 7 0 1 0 0 0 3000 3 15 15 10
2 8 0 1 0 0 0 3000 3 5 5 15
2 9 1 1 1 0 0 429 1 15 15 5
2 10 1 0 0 1 0 3000 1 5 5 15
2 11 0 1 0 0 0 3000 3 2 2 5
2 12 0 1 0 0 0 3000 2 3 3 2
2 13 1 1 1 0 0 408 1 2 2 3
2 14 1 0 0 1 0 3000 1 3 3 2
2 15 1 0 0 1 0 3000 1 2 2 3
2 16 0 1 0 0 0 3000 2 12 12 2
2 17 0 1 0 0 0 3000 2 9 9 12
2 18 1 1 1 0 0 444 1 12 12 9
2 19 0 1 0 0 0 3000 2 13 13 12
2 20 0 1 0 0 0 3000 2 3 3 13
2 21 1 1 1 0 0 424 1 13 13 3
2 22 0 1 0 0 0 3000 3 11 11 13
2 23 1 0 0 1 0 3000 1 13 13 11
2 24 1 1 1 0 0 365 1 11 11 13
2 25 0 1 0 0 0 3000 2 7 7 11
3 1 0 1 0 0 0 3000 3 7 7 7
3 2 0 1 0 0 0 3000 2 11 11 7
3 3 0 1 0 0 0 3000 3 6 6 11
3 4 0 1 0 0 0 3000 2 13 13 6
3 5 0 1 0 0 0 3000 3 14 14 13
3 6 0 1 0 0 0 3000 2 1 1 14
3 7 1 1 1 0 0 417 1 14 14 1
3 8 1 0 0 1 0 3000 1 1 1 14
3 9 0 1 0 0 0 3000 2 10 10 1
3 10 1 1 1 0 0 359 1 1 1 10
3 11 1 0 0 1 0 3000 1 10 10 1
3 12 0 1 0 0 0 3000 3 15 15 10
3 13 1 1 1 0 0 374 1 10 10 15
3 14 1 0 0 1 0 3000 1 15 15 10
3 15 0 1 0 0 0 3000 2 12 12 15
3 16 0 1 0 0 0 3000 3 2 2 12
3 17 0 1 0 0 0 3000 2 7 7 2
3 18 0 1 0 0 0 3000 2 8 8 7
3 19 0 1 0 0 0 3000 3 9 9 8
3 20 1 1 1 0 0 410 1 8 8 9
3 21 0 1 0 0 0 3000 2 5 5 8
3 22 0 1 0 0 0 3000 3 9 9 5
3 23 0 1 0 0 0 3000 3 10 10 9
3 24 1 1 1 0 0 399 1 9 9 10
3 25 0 1 0 0 0 3000 3 13 13 9
