1 1 0 1 0 0 0 3000 2 10 10 0
1 2 0 1 0 0 0 3000 2 12 12 10
1 3 0 1 0 0 0 3000 2 3 3 12
1 4 1 1 1 0 0 598 1 12 12 3
1 5 0 1 0 0 0 3000 2 4 4 12
1 6 0 1 0 0 0 3000 2 5 5 4
1 7 0 1 0 0 0 3000 2 15 15 5
1 8 0 1 0 0 0 3000 3 14 14 15
1 9 0 1 0 0 0 3000 2 9 9 14
1 10 0 1 0 0 0 3000 3 8 8 9
1 11 0 1 0 0 0 3000 2 11 11 8
1 12 0 1 0 0 0 3000 3 14 14 11
1 13 1 1 1 0 0 447 1 11 11 14
1 14 0 1 0 0 0 3000 3 5 5 11
1 15 1 1 1 0 0 394 1 11 11 5
1 16 1 1 1 0 0 409 1 5 5 11
1 17 1 1 1 0 0 496 1 11 11 5
1 18 0 1 0 0 0 3000 3 4 4 11
1 19 0 1 0 0 0 3000 3 14 14 4
1 20 0 1 0 0 0 3000 2 6 6 14
1 21 1 0 0 1 0 3000 1 14 14 6
1 22 0 1 0 0 0 3000 3 5 5 14
1 23 1 1 1 0 0 1242 1 14 14 5
1 24 0 0 0 0 1 690 2 11 11 14
1 25 1 1 1 0 0 889 1 14 14 11
2 1 0 1 0 0 0 3000 3 5 5 14
2 2 0 1 0 0 0 3000 3 4 4 5
2 3 1 1 1 0 0 441 1 5 5 4
2 4 0 1 0 0 0 3000 2 12 12 5
2 5 0 1 0 0 0 3000 2 4 4 12
2 6 1 1 1 0 0 416 1 12 12 4
2 7 0 1 0 0 0 3000 2 1 1 12
2 8 0 1 0 0 0 3000 2 6 6 1
2 9 0 1 0 0 0 3000 2 9 9 6
2 10 0 1 0 0 0 3000 3 5 5 9
2 11 0 1 0 0 0 3000 3 1 1 5
2 12 1 1 1 0 0 409 1 5 5 1
2 13 0 1 0 0 0 3000 3 4 4 5
2 14 0 1 0 0 0 3000 2 15 15 4
2 15 0 1 0 0 0 3000 2 15 15 15
2 16 0 1 0 0 0 3000 2 11 11 15
2 17 0 1 0 0 0 3000 3 4 4 11
2 18 0 1 0 0 0 3000 3 12 12 4
2 19 1 1 1 0 0 388 1 4 4 12
2 20 0 1 0 0 0 3000 2 6 6 4
2 21 0 1 0 0 0 3000 2 7 7 6
2 22 1 1 1 0 0 459 1 6 6 7
2 23 1 1 1 0 0 431 1 7 7 6
2 24 0 1 0 0 0 3000 2 15 15 7
2 25 0 1 0 0 0 3000 2 13 13 15
3 1 0 1 0 0 0 3000 3 7 7 13
3 2 0 1 0 0 0 3000 3 1 1 7
3 3 0 1 0 0 0 3000 2 13 13 1
3 4 0 1 0 0 0 3000 3 5 5 13
3 5 0 1 0 0 0 3000 2 1 1 5
3 6 0 1 0 0 0 3000 2 3 3 1
3 7 0 1 0 0 0 3000 2 14 14 3
3 8 1 1 1 0 0 491 1 3 3 14
3 9 0 1 0 0 0 3000 3 8 8 3
3 10 0 1 0 0 0 3000 2 13 13 8
3 11 1 1 1 0 0 386 1 8 8 13
3 12 0 1 0 0 0 3000 2 10 10 8
3 13 0 1 0 0 0 3000 3 10 10 10
3 14 0 1 0 0 0 3000 3 8 8 10
3 15 1 1 1 0 0 512 1 10 10 8
3 16 0 1 0 0 0 3000 2 4 4 10
3 17 1 1 1 0 0 447 1 10 10 4
3 18 0 1 0 0 0 3000 3 9 9 10
3 19 1 1 1 0 0 397 1 10 10 9
3 20 1 1 1 0 0 372 1 9 9 10
3 21 0 1 0 0 0 3000 3 14 14 9
3 22 1 1 1 0 0 362 1 9 9 14
3 23 1 1 1 0 0 458 1 14 14 9
3 24 0 1 0 0 0 3000 3 6 6 14
3 25 1 1 1 0 0 384 1 14 14 6
