1 1 0 1 0 0 0 3000 1 4 4 0
1 2 0 1 0 0 0 3000 3 4 4 4
1 3 0 1 0 0 0 3000 3 14 14 4
1 4 0 1 0 0 0 3000 2 2 2 14
1 5 0 1 0 0 0 3000 3 10 10 2
1 6 0 1 0 0 0 3000 3 4 4 10
1 7 0 1 0 0 0 3000 3 2 2 4
1 8 0 1 0 0 0 3000 3 12 12 2
1 9 0 1 0 0 0 3000 2 13 13 12
1 10 1 1 1 0 0 652 1 12 12 13
1 11 0 0 0 0 1 1225 3 3 3 12
1 12 0 1 0 0 0 3000 3 4 4 3
1 13 0 1 0 0 0 3000 3 15 15 4
1 14 0 1 0 0 0 3000 2 8 8 15
1 15 0 1 0 0 0 3000 3 6 6 8
1 16 1 1 1 0 0 930 1 8 8 6
1 17 0 1 0 0 0 3000 3 1 1 8
1 18 1 1 1 0 0 480 1 8 8 1
1 19 0 1 0 0 0 3000 3 11 11 8
1 20 0 1 0 0 0 3000 2 13 13 11
1 21 0 0 0 0 1 657 3 3 3 13
1 22 1 1 1 0 0 615 1 13 13 3
1 23 0 1 0 0 0 3000 2 15 15 13
1 24 0 0 0 0 1 684 3 8 8 15
1 25 0 0 0 0 1 857 2 13 13 8
2 1 0 1 0 0 0 3000 1 12 12 13
2 2 0 1 0 0 0 3000 2 10 10 12
2 3 1 1 1 0 0 490 1 12 12 10
2 4 0 1 0 0 0 3000 2 13 13 12
2 5 0 1 0 0 0 3000 2 13 13 13
2 6 0 1 0 0 0 3000 3 6 6 13
2 7 0 1 0 0 0 3000 3 15 15 6
2 8 0 1 0 0 0 3000 2 9 9 15
2 9 1 1 1 0 0 892 1 15 15 9
2 10 0 1 0 0 0 3000 2 5 5 15
2 11 0 1 0 0 0 3000 3 2 2 5
2 12 0 1 0 0 0 3000 2 4 4 2
2 13 0 1 0 0 0 3000 3 10 10 4
2 14 1 1 1 0 0 665 1 4 4 10
2 15 0 1 0 0 0 3000 3 2 2 4
2 16 0 0 0 0 1 862 3 5 5 2
2 17 1 1 1 0 0 994 1 2 2 5
2 18 0 1 0 0 0 3000 2 7 7 2
2 19 0 1 0 0 0 3000 2 8 8 7
2 20 0 1 0 0 0 3000 2 13 13 8
2 21 0 1 0 0 0 3000 3 12 12 13
2 22 0 1 0 0 0 3000 3 11 11 12
2 23 0 1 0 0 0 3000 3 2 2 11
2 24 0 1 0 0 0 3000 2 14 14 2
2 25 0 1 0 0 0 3000 3 12 12 14
3 1 0 1 0 0 0 3000 2 6 6 12
3 2 0 1 0 0 0 3000 1 3 3 6
3 3 0 1 0 0 0 3000 2 11 11 3
3 4 0 1 0 0 0 3000 2 10 10 11
3 5 1 1 1 0 0 561 1 11 11 10
3 6 0 1 0 0 0 3000 2 11 11 11
3 7 1 1 1 0 0 788 1 11 11 11
3 8 0 1 0 0 0 3000 3 4 4 11
3 9 0 1 0 0 0 3000 3 4 4 4
3 10 1 1 1 0 0 1620 1 4 4 4
3 11 0 0 0 0 1 1116 3 15 15 4
3 12 1 1 1 0 0 733 1 4 4 15
3 13 0 1 0 0 0 3000 2 7 7 4
3 14 0 1 0 0 0 3000 3 2 2 7
3 15 0 1 0 0 0 3000 2 13 13 2
3 16 1 1 1 0 0 454 1 2 2 13
3 17 1 1 1 0 0 1124 1 13 13 2
3 18 1 1 1 0 0 706 1 2 2 13
3 19 1 1 1 0 0 538 1 13 13 2
3 20 0 1 0 0 0 3000 2 12 12 13
3 21 0 1 0 0 0 3000 2 4 4 12
3 22 0 1 0 0 0 3000 2 15 15 4
3 23 1 1 1 0 0 1290 1 4 4 15
3 24 0 1 0 0 0 3000 2 6 6 4
3 25 1 1 1 0 0 790 1 4 4 6
