1 1 0 1 0 0 0 3000 3 12 12 0
1 2 0 1 0 0 0 3000 3 11 11 12
1 3 0 1 0 0 0 3000 2 3 3 11
1 4 0 1 0 0 0 3000 3 4 4 3
1 5 0 1 0 0 0 3000 3 2 2 4
1 6 1 1 1 0 0 744 1 4 4 2
1 7 1 0 0 1 0 3000 1 2 2 4
1 8 0 1 0 0 0 3000 2 2 2 2
1 9 0 1 0 0 0 3000 3 6 6 2
1 10 1 1 1 0 0 491 1 2 2 6
1 11 0 1 0 0 0 3000 2 15 15 2
1 12 1 1 1 0 0 551 1 2 2 15
1 13 1 1 1 0 0 531 1 15 15 2
1 14 0 1 0 0 0 3000 3 3 3 15
1 15 0 0 0 0 1 487 3 4 4 3
1 16 0 1 0 0 0 3000 2 9 9 4
1 17 0 1 0 0 0 3000 3 11 11 9
1 18 0 1 0 0 0 3000 3 12 12 11
1 19 0 0 0 0 1 573 2 6 6 12
1 20 0 0 0 0 1 697 3 15 15 6
1 21 1 1 1 0 0 578 1 6 6 15
1 22 1 1 1 0 0 343 1 15 15 6
1 23 1 1 1 0 0 490 1 6 6 15
1 24 0 1 0 0 0 3000 2 10 10 6
1 25 0 1 0 0 0 3000 2 3 3 10
2 1 0 1 0 0 0 3000 3 15 15 3
2 2 0 1 0 0 0 3000 2 2 2 15
2 3 0 1 0 0 0 3000 2 12 12 2
2 4 1 1 1 0 0 554 1 2 2 12
2 5 1 1 1 0 0 470 1 12 12 2
2 6 0 1 0 0 0 3000 2 8 8 12
2 7 1 1 1 0 0 333 1 12 12 8
2 8 0 1 0 0 0 3000 3 5 5 12
2 9 0 0 0 0 1 1216 2 8 8 5
2 10 0 1 0 0 0 3000 2 15 15 8
2 11 0 1 0 0 0 3000 3 4 4 15
2 12 0 1 0 0 0 3000 3 9 9 4
2 13 0 1 0 0 0 3000 2 1 1 9
2 14 0 1 0 0 0 3000 3 8 8 1
2 15 0 0 0 0 1 508 3 5 5 8
2 16 0 0 0 0 1 515 3 15 15 5
2 17 1 1 1 0 0 1207 1 5 5 15
2 18 1 1 1 0 0 400 1 15 15 5
2 19 1 1 1 0 0 524 1 5 5 15
2 20 0 1 0 0 0 3000 3 3 3 5
2 21 1 0 0 1 0 3000 1 5 5 3
2 22 1 1 1 0 0 286 1 3 3 5
2 23 1 1 1 0 0 324 1 5 5 3
2 24 0 1 0 0 0 3000 3 5 5 5
2 25 1 1 1 0 0 516 1 5 5 5
3 1 0 1 0 0 0 3000 2 9 9 5
3 2 0 1 0 0 0 3000 1 14 14 9
3 3 0 1 0 0 0 3000 3 6 6 14
3 4 0 1 0 0 0 3000 3 12 12 6
3 5 0 1 0 0 0 3000 2 13 13 12
3 6 0 1 0 0 0 3000 2 2 2 13
3 7 1 1 1 0 0 671 1 13 13 2
3 8 0 1 0 0 0 3000 3 15 15 13
3 9 1 1 1 0 0 384 1 13 13 15
3 10 0 1 0 0 0 3000 3 8 8 13
3 11 0 1 0 0 0 3000 3 15 15 8
3 12 0 1 0 0 0 3000 3 13 13 15
3 13 0 1 0 0 0 3000 2 3 3 13
3 14 0 1 0 0 0 3000 3 5 5 3
3 15 1 1 1 0 0 513 1 3 3 5
3 16 0 0 0 0 1 1110 2 3 3 3
3 17 0 1 0 0 0 3000 2 15 15 3
3 18 1 1 1 0 0 321 1 3 3 15
3 19 0 1 0 0 0 3000 2 7 7 3
3 20 0 1 0 0 0 3000 3 5 5 7
3 21 1 1 1 0 0 338 1 7 7 5
3 22 0 1 0 0 0 3000 3 8 8 7
3 23 0 1 0 0 0 3000 3 11 11 8
3 24 0 1 0 0 0 3000 2 3 3 11
3 25 1 1 1 0 0 645 1 11 11 3
