1 1 0 1 0 0 0 3000 2 10 10 0
1 2 0 1 0 0 0 3000 2 6 6 10
1 3 0 0 0 0 1 1568 3 15 15 6
1 4 1 0 0 1 0 3000 1 6 6 15
1 5 0 1 0 0 0 3000 3 5 5 6
1 6 1 1 1 0 0 445 1 6 6 5
1 7 1 0 0 1 0 3000 1 5 5 6
1 8 0 1 0 0 0 3000 3 7 7 5
1 9 1 1 1 0 0 496 1 5 5 7
1 10 0 1 0 0 0 3000 3 11 11 5
1 11 0 1 0 0 0 3000 3 14 14 11
1 12 1 1 1 0 0 482 1 11 11 14
1 13 0 1 0 0 0 3000 3 6 6 11
1 14 0 1 0 0 0 3000 2 8 8 6
1 15 0 1 0 0 0 3000 2 7 7 8
1 16 0 1 0 0 0 3000 3 3 3 7
1 17 1 0 0 1 0 3000 1 7 7 3
1 18 0 1 0 0 0 3000 2 5 5 7
1 19 0 1 0 0 0 3000 3 6 6 5
1 20 0 1 0 0 0 3000 3 4 4 6
1 21 1 1 1 0 0 528 1 6 6 4
1 22 0 1 0 0 0 3000 2 7 7 6
1 23 1 0 0 1 0 3000 1 6 6 7
1 24 0 1 0 0 0 3000 2 3 3 6
1 25 0 1 0 0 0 3000 2 14 14 3
2 1 0 1 0 0 0 3000 1 1 1 14
2 2 0 1 0 0 0 3000 2 12 12 1
2 3 0 1 0 0 0 3000 2 12 12 12
2 4 0 1 0 0 0 3000 2 7 7 12
2 5 1 0 0 1 0 3000 1 12 12 7
2 6 1 0 0 1 0 3000 1 7 7 12
2 7 0 1 0 0 0 3000 2 13 13 7
2 8 0 1 0 0 0 3000 3 1 1 13
2 9 0 1 0 0 0 3000 3 1 1 1
2 10 0 1 0 0 0 3000 2 14 14 1
2 11 0 1 0 0 0 3000 3 6 6 14
2 12 1 1 1 0 0 462 1 14 14 6
2 13 0 1 0 0 0 3000 2 13 13 14
2 14 0 1 0 0 0 3000 2 5 5 13
2 15 1 1 1 0 0 945 1 13 13 5
2 16 0 1 0 0 0 3000 2 2 2 13
2 17 0 1 0 0 0 3000 2 3 3 2
2 18 1 1 1 0 0 580 1 2 2 3
2 19 1 0 0 1 0 3000 1 3 3 2
2 20 1 0 0 1 0 3000 1 2 2 3
2 21 0 1 0 0 0 3000 3 7 7 2
2 22 1 0 0 1 0 3000 1 2 2 7
2 23 0 1 0 0 0 3000 3 10 10 2
2 24 0 1 0 0 0 3000 2 14 14 10
2 25 1 0 0 1 0 3000 1 10 10 14
3 1 0 1 0 0 0 3000 1 12 12 10
3 2 0 1 0 0 0 3000 2 4 4 12
3 3 0 1 0 0 0 3000 3 3 3 4
3 4 0 1 0 0 0 3000 2 3 3 3
3 5 0 1 0 0 0 3000 2 2 2 3
3 6 0 1 0 0 0 3000 3 2 2 2
3 7 0 1 0 0 0 3000 2 4 4 2
3 8 0 1 0 0 0 3000 2 15 15 4
3 9 1 1 1 0 0 2087 1 4 4 15
3 10 0 1 0 0 0 3000 3 6 6 4
3 11 1 0 0 1 0 3000 1 4 4 6
3 12 1 1 1 0 0 589 1 6 6 4
3 13 1 0 0 1 0 3000 1 4 4 6
3 14 1 0 0 1 0 3000 1 6 6 4
3 15 0 1 0 0 0 3000 3 15 15 6
3 16 0 1 0 0 0 3000 3 8 8 15
3 17 0 1 0 0 0 3000 3 10 10 8
3 18 0 1 0 0 0 3000 2 4 4 10
3 19 1 0 0 1 0 3000 1 10 10 4
3 20 0 1 0 0 0 3000 3 6 6 10
3 21 0 1 0 0 0 3000 3 2 2 6
3 22 1 0 0 1 0 3000 1 6 6 2
3 23 1 0 0 1 0 3000 1 2 2 6
3 24 0 1 0 0 0 3000 3 15 15 2
3 25 1 0 0 1 0 3000 1 2 2 15
