1 1 0 1 0 0 0 3000 1 15 15 0
1 2 0 1 0 0 0 3000 3 4 4 15
1 3 0 1 0 0 0 3000 2 11 11 4
1 4 1 1 1 0 0 666 1 4 4 11
1 5 1 1 1 0 0 926 1 11 11 4
1 6 0 1 0 0 0 3000 3 14 14 11
1 7 1 1 1 0 0 495 1 11 11 14
1 8 1 1 1 0 0 1040 1 14 14 11
1 9 0 1 0 0 0 3000 2 12 12 14
1 10 0 1 0 0 0 3000 2 15 15 12
1 11 0 1 0 0 0 3000 3 13 13 15
1 12 0 1 0 0 0 3000 2 7 7 13
1 13 1 1 1 0 0 571 1 13 13 7
1 14 0 1 0 0 0 3000 3 6 6 13
1 15 1 1 1 0 0 586 1 13 13 6
1 16 0 1 0 0 0 3000 2 13 13 13
1 17 0 1 0 0 0 3000 2 4 4 13
1 18 1 1 1 0 0 685 1 13 13 4
1 19 1 1 1 0 0 652 1 4 4 13
1 20 0 1 0 0 0 3000 3 11 11 4
1 21 1 1 1 0 0 664 1 4 4 11
1 22 0 1 0 0 0 3000 3 10 10 4
1 23 0 1 0 0 0 3000 2 8 8 10
1 24 1 0 0 1 0 3000 1 10 10 8
1 25 0 1 0 0 0 3000 2 10 10 10
2 1 0 1 0 0 0 3000 1 9 9 10
2 2 0 1 0 0 0 3000 2 5 5 9
2 3 0 1 0 0 0 3000 2 15 15 5
2 4 0 1 0 0 0 3000 2 2 2 15
2 5 0 1 0 0 0 3000 2 10 10 2
2 6 0 1 0 0 0 3000 2 3 3 10
2 7 1 1 1 0 0 453 1 10 10 3
2 8 0 1 0 0 0 3000 3 1 1 10
2 9 0 1 0 0 0 3000 2 12 12 1
2 10 0 1 0 0 0 3000 3 10 10 12
2 11 0 1 0 0 0 3000 2 9 9 10
2 12 0 1 0 0 0 3000 3 3 3 9
2 13 1 1 1 0 0 499 1 9 9 3
2 14 1 1 1 0 0 787 1 3 3 9
2 15 1 1 1 0 0 687 1 9 9 3
2 16 1 1 1 0 0 536 1 3 3 9
2 17 0 1 0 0 0 3000 3 3 3 3
2 18 0 1 0 0 0 3000 2 7 7 3
2 19 1 1 1 0 0 1197 1 3 3 7
2 20 0 1 0 0 0 3000 2 3 3 3
2 21 0 1 0 0 0 3000 2 9 9 3
2 22 1 1 1 0 0 848 1 3 3 9
2 23 1 1 1 0 0 486 1 9 9 3
2 24 0 1 0 0 0 3000 3 5 5 9
2 25 1 0 0 1 0 3000 1 9 9 5
3 1 0 1 0 0 0 3000 1 14 14 9
3 2 0 1 0 0 0 3000 2 2 2 14
3 3 0 1 0 0 0 3000 3 8 8 2
3 4 0 1 0 0 0 3000 3 10 10 8
3 5 0 1 0 0 0 3000 3 1 1 10
3 6 0 1 0 0 0 3000 2 3 3 1
3 7 0 1 0 0 0 3000 2 14 14 3
3 8 1 1 1 0 0 790 1 3 3 14
3 9 1 1 1 0 0 1100 1 14 14 3
3 10 0 1 0 0 0 3000 2 11 11 14
3 11 0 1 0 0 0 3000 3 8 8 11
3 12 0 1 0 0 0 3000 3 10 10 8
3 13 0 1 0 0 0 3000 2 14 14 10
3 14 1 1 1 0 0 414 1 10 10 14
3 15 0 1 0 0 0 3000 2 7 7 10
3 16 0 1 0 0 0 3000 3 4 4 7
3 17 1 1 1 0 0 468 1 7 7 4
3 18 1 1 1 0 0 406 1 4 4 7
3 19 1 1 1 0 0 1253 1 7 7 4
3 20 0 1 0 0 0 3000 2 6 6 7
3 21 0 0 0 0 1 2926 3 2 2 6
3 22 1 0 0 1 0 3000 1 6 6 2
3 23 1 1 1 0 0 975 1 2 2 6
3 24 0 1 0 0 0 3000 3 1 1 2
3 25 1 0 0 1 0 3000 1 2 2 1
