1 1 0 1 0 0 0 3000 1 3 3 0
1 2 0 1 0 0 0 3000 2 2 2 3
1 3 0 1 0 0 0 3000 3 4 4 2
1 4 1 1 1 0 0 551 1 2 2 4
1 5 0 1 0 0 0 3000 3 5 5 2
1 6 1 1 1 0 0 748 1 2 2 5
1 7 1 1 1 0 0 858 1 5 5 2
1 8 1 1 1 0 0 738 1 2 2 5
1 9 1 1 1 0 0 1030 1 5 5 2
1 10 0 1 0 0 0 3000 3 15 15 5
1 11 1 1 1 0 0 580 1 5 5 15
1 12 0 1 0 0 0 3000 3 7 7 5
1 13 0 0 0 0 1 1292 3 7 7 7
1 14 0 1 0 0 0 3000 3 14 14 7
1 15 0 1 0 0 0 3000 3 13 13 14
1 16 0 1 0 0 0 3000 3 7 7 13
1 17 0 1 0 0 0 3000 3 14 14 7
1 18 1 1 1 0 0 1114 1 7 7 14
1 19 0 1 0 0 0 3000 3 4 4 7
1 20 0 1 0 0 0 3000 3 13 13 4
1 21 0 1 0 0 0 3000 2 3 3 13
1 22 1 0 0 1 0 3000 1 13 13 3
1 23 0 1 0 0 0 3000 2 11 11 13
1 24 0 1 0 0 0 3000 2 6 6 11
1 25 1 1 1 0 0 1225 1 11 11 6
2 1 0 1 0 0 0 3000 1 3 3 11
2 2 0 1 0 0 0 3000 3 5 5 3
2 3 0 1 0 0 0 3000 2 12 12 5
2 4 0 1 0 0 0 3000 2 15 15 12
2 5 0 1 0 0 0 3000 2 4 4 15
2 6 0 1 0 0 0 3000 2 7 7 4
2 7 0 1 0 0 0 3000 3 12 12 7
2 8 0 0 0 0 1 1714 3 4 4 12
2 9 0 1 0 0 0 3000 3 14 14 4
2 10 1 1 1 0 0 752 1 4 4 14
2 11 1 1 1 0 0 600 1 14 14 4
2 12 0 1 0 0 0 3000 3 9 9 14
2 13 1 1 1 0 0 806 1 14 14 9
2 14 1 1 1 0 0 1060 1 9 9 14
2 15 0 1 0 0 0 3000 2 11 11 9
2 16 1 1 1 0 0 810 1 9 9 11
2 17 0 1 0 0 0 3000 2 3 3 9
2 18 0 1 0 0 0 3000 2 1 1 3
2 19 0 1 0 0 0 3000 3 10 10 1
2 20 0 1 0 0 0 3000 2 7 7 10
2 21 0 1 0 0 0 3000 2 2 2 7
2 22 0 1 0 0 0 3000 3 14 14 2
2 23 0 1 0 0 0 3000 2 15 15 14
2 24 0 1 0 0 0 3000 2 5 5 15
2 25 1 1 1 0 0 435 1 15 15 5
3 1 0 1 0 0 0 3000 2 7 7 15
3 2 0 1 0 0 0 3000 3 6 6 7
3 3 1 1 1 0 0 714 1 7 7 6
3 4 0 1 0 0 0 3000 3 14 14 7
3 5 0 1 0 0 0 3000 3 14 14 14
3 6 0 1 0 0 0 3000 3 3 3 14
3 7 0 1 0 0 0 3000 3 3 3 3
3 8 0 1 0 0 0 3000 3 10 10 3
3 9 1 1 1 0 0 414 1 3 3 10
3 10 0 1 0 0 0 3000 2 14 14 3
3 11 1 1 1 0 0 1358 1 3 3 14
3 12 1 1 1 0 0 614 1 14 14 3
3 13 0 1 0 0 0 3000 2 10 10 14
3 14 0 1 0 0 0 3000 2 10 10 10
3 15 0 1 0 0 0 3000 3 14 14 10
3 16 1 1 1 0 0 511 1 10 10 14
3 17 0 1 0 0 0 3000 2 11 11 10
3 18 0 1 0 0 0 3000 2 13 13 11
3 19 0 1 0 0 0 3000 3 7 7 13
3 20 1 1 1 0 0 445 1 13 13 7
3 21 1 1 1 0 0 1987 1 7 7 13
3 22 0 1 0 0 0 3000 2 9 9 7
3 23 0 1 0 0 0 3000 2 3 3 9
3 24 1 1 1 0 0 1194 1 9 9 3
3 25 0 1 0 0 0 3000 3 9 9 9
