1 1 0 1 0 0 0 3000 3 12 12 0
1 2 0 1 0 0 0 3000 3 4 4 12
1 3 1 1 1 0 0 458 1 12 12 4
1 4 0 1 0 0 0 3000 2 1 1 12
1 5 0 1 0 0 0 3000 3 3 3 1
1 6 0 1 0 0 0 3000 3 9 9 3
1 7 1 0 0 1 0 3000 1 3 3 9
1 8 0 1 0 0 0 3000 3 10 10 3
1 9 0 1 0 0 0 3000 3 2 2 10
1 10 0 1 0 0 0 3000 2 4 4 2
1 11 1 0 0 1 0 3000 1 2 2 4
1 12 0 0 0 0 1 379 3 15 15 2
1 13 1 0 0 1 0 3000 1 2 2 15
1 14 0 1 0 0 0 3000 3 12 12 2
1 15 0 1 0 0 0 3000 3 8 8 12
1 16 0 1 0 0 0 3000 2 4 4 8
1 17 1 0 0 1 0 3000 1 8 8 4
1 18 0 0 0 0 1 584 3 2 2 8
1 19 0 1 0 0 0 3000 3 7 7 2
1 20 0 1 0 0 0 3000 3 6 6 7
1 21 0 1 0 0 0 3000 2 11 11 6
1 22 1 0 0 1 0 3000 1 6 6 11
1 23 0 1 0 0 0 3000 2 1 1 6
1 24 0 1 0 0 0 3000 2 14 14 1
1 25 0 1 0 0 0 3000 3 6 6 14
2 1 0 1 0 0 0 3000 1 3 3 6
2 2 0 1 0 0 0 3000 1 15 15 3
2 3 0 1 0 0 0 3000 3 4 4 15
2 4 0 1 0 0 0 3000 3 13 13 4
2 5 1 0 0 1 0 3000 1 4 4 13
2 6 0 1 0 0 0 3000 3 2 2 4
2 7 1 0 0 1 0 3000 1 4 4 2
2 8 0 1 0 0 0 3000 3 6 6 4
2 9 0 1 0 0 0 3000 3 10 10 6
2 10 0 0 0 0 1 774 3 7 7 10
2 11 0 1 0 0 0 3000 2 8 8 7
2 12 0 0 0 0 1 619 2 6 6 8
2 13 0 1 0 0 0 3000 3 11 11 6
2 14 0 1 0 0 0 3000 2 5 5 11
2 15 0 0 0 0 1 1142 3 3 3 5
2 16 0 1 0 0 0 3000 3 10 10 3
2 17 0 1 0 0 0 3000 3 13 13 10
2 18 0 1 0 0 0 3000 2 12 12 13
2 19 1 0 0 1 0 3000 1 13 13 12
2 20 0 1 0 0 0 3000 3 15 15 13
2 21 0 1 0 0 0 3000 3 12 12 15
2 22 1 0 0 1 0 3000 1 15 15 12
2 23 0 0 0 0 1 437 2 10 10 15
2 24 0 1 0 0 0 3000 2 5 5 10
2 25 1 1 1 0 0 638 1 10 10 5
3 1 0 1 0 0 0 3000 2 15 15 10
3 2 0 1 0 0 0 3000 1 12 12 15
3 3 0 1 0 0 0 3000 3 13 13 12
3 4 1 1 1 0 0 441 1 12 12 13
3 5 0 1 0 0 0 3000 2 2 2 12
3 6 0 1 0 0 0 3000 2 1 1 2
3 7 0 1 0 0 0 3000 2 8 8 1
3 8 0 0 0 0 1 509 2 2 2 8
3 9 1 1 1 0 0 1178 1 8 8 2
3 10 0 1 0 0 0 3000 3 4 4 8
3 11 0 1 0 0 0 3000 3 1 1 4
3 12 1 1 1 0 0 392 1 4 4 1
3 13 0 1 0 0 0 3000 3 15 15 4
3 14 0 1 0 0 0 3000 3 13 13 15
3 15 0 1 0 0 0 3000 2 14 14 13
3 16 0 1 0 0 0 3000 2 8 8 14
3 17 1 0 0 1 0 3000 1 14 14 8
3 18 0 0 0 0 1 1226 2 2 2 14
3 19 1 0 0 1 0 3000 1 14 14 2
3 20 0 0 0 0 1 852 3 14 14 14
3 21 0 1 0 0 0 3000 3 12 12 14
3 22 1 1 1 0 0 379 1 14 14 12
3 23 0 1 0 0 0 3000 3 2 2 14
3 24 0 1 0 0 0 3000 3 15 15 2
3 25 0 1 0 0 0 3000 2 9 9 15
