1 1 0 1 0 0 0 3000 2 2 2 0
1 2 0 1 0 0 0 3000 2 10 10 2
1 3 0 1 0 0 0 3000 3 7 7 10
1 4 0 1 0 0 0 3000 2 5 5 7
1 5 0 1 0 0 0 3000 3 4 4 5
1 6 0 1 0 0 0 3000 2 14 14 4
1 7 0 1 0 0 0 3000 3 3 3 14
1 8 1 1 1 0 0 933 1 14 14 3
1 9 1 0 0 1 0 3000 1 3 3 14
1 10 0 1 0 0 0 3000 2 10 10 3
1 11 1 1 1 0 0 851 1 3 3 10
1 12 1 0 0 1 0 3000 1 10 10 3
1 13 0 1 0 0 0 3000 2 11 11 10
1 14 1 1 1 0 0 1514 1 10 10 11
1 15 0 1 0 0 0 3000 3 9 9 10
1 16 0 1 0 0 0 3000 2 4 4 9
1 17 0 1 0 0 0 3000 3 7 7 4
1 18 0 1 0 0 0 3000 3 8 8 7
1 19 0 1 0 0 0 3000 3 13 13 8
1 20 0 1 0 0 0 3000 2 12 12 13
1 21 1 1 1 0 0 482 1 13 13 12
1 22 1 1 1 0 0 1183 1 12 12 13
1 23 0 1 0 0 0 3000 3 11 11 12
1 24 0 1 0 0 0 3000 2 15 15 11
1 25 0 1 0 0 0 3000 2 5 5 15
2 1 0 1 0 0 0 3000 1 9 9 5
2 2 0 1 0 0 0 3000 3 8 8 9
2 3 0 1 0 0 0 3000 3 3 3 8
2 4 1 1 1 0 0 360 1 8 8 3
2 5 0 1 0 0 0 3000 2 12 12 8
2 6 1 1 1 0 0 1348 1 8 8 12
2 7 0 1 0 0 0 3000 2 7 7 8
2 8 1 1 1 0 0 511 1 8 8 7
2 9 0 1 0 0 0 3000 3 4 4 8
2 10 1 1 1 0 0 456 1 8 8 4
2 11 1 1 1 0 0 918 1 4 4 8
2 12 1 1 1 0 0 1151 1 8 8 4
2 13 0 1 0 0 0 3000 2 6 6 8
2 14 1 1 1 0 0 523 1 8 8 6
2 15 0 1 0 0 0 3000 2 7 7 8
2 16 0 1 0 0 0 3000 3 13 13 7
2 17 0 0 0 0 1 447 2 8 8 13
2 18 0 1 0 0 0 3000 3 11 11 8
2 19 0 1 0 0 0 3000 2 2 2 11
2 20 1 1 1 0 0 610 1 11 11 2
2 21 0 1 0 0 0 3000 3 14 14 11
2 22 1 1 1 0 0 484 1 11 11 14
2 23 0 1 0 0 0 3000 3 9 9 11
2 24 1 1 1 0 0 505 1 11 11 9
2 25 0 0 0 0 1 1490 2 13 13 11
3 1 0 1 0 0 0 3000 1 5 5 13
3 2 0 1 0 0 0 3000 1 10 10 5
3 3 0 1 0 0 0 3000 3 6 6 10
3 4 0 0 0 0 1 1663 2 5 5 6
3 5 0 1 0 0 0 3000 3 8 8 5
3 6 1 1 1 0 0 632 1 5 5 8
3 7 0 1 0 0 0 3000 3 14 14 5
3 8 0 1 0 0 0 3000 3 7 7 14
3 9 1 1 1 0 0 436 1 14 14 7
3 10 0 1 0 0 0 3000 3 8 8 14
3 11 0 0 0 0 1 1065 2 5 5 8
3 12 0 0 0 0 1 438 3 14 14 5
3 13 1 1 1 0 0 597 1 5 5 14
3 14 0 1 0 0 0 3000 2 5 5 5
3 15 0 1 0 0 0 3000 2 12 12 5
3 16 0 1 0 0 0 3000 2 6 6 12
3 17 1 1 1 0 0 561 1 12 12 6
3 18 1 1 1 0 0 1634 1 6 6 12
3 19 0 1 0 0 0 3000 3 3 3 6
3 20 0 0 0 0 1 572 3 5 5 3
3 21 0 1 0 0 0 3000 2 11 11 5
3 22 0 1 0 0 0 3000 3 7 7 11
3 23 1 1 1 0 0 428 1 11 11 7
3 24 0 1 0 0 0 3000 3 13 13 11
3 25 0 0 0 0 1 474 2 4 4 13
