1 1 0 1 0 0 0 3000 1 4 4 0
1 2 0 1 0 0 0 3000 1 15 15 4
1 3 0 1 0 0 0 3000 3 5 5 15
1 4 1 0 0 1 0 3000 1 15 15 5
1 5 0 1 0 0 0 3000 2 12 12 15
1 6 1 1 1 0 0 712 1 15 15 12
1 7 0 0 0 0 1 951 3 15 15 15
1 8 0 1 0 0 0 3000 3 2 2 15
1 9 0 1 0 0 0 3000 2 7 7 2
1 10 0 0 0 0 1 403 2 3 3 7
1 11 1 1 1 0 0 737 1 7 7 3
1 12 0 1 0 0 0 3000 3 10 10 7
1 13 0 1 0 0 0 3000 2 13 13 10
1 14 1 1 1 0 0 1035 1 10 10 13
1 15 1 1 1 0 0 873 1 13 13 10
1 16 1 1 1 0 0 694 1 10 10 13
1 17 0 1 0 0 0 3000 2 1 1 10
1 18 1 1 1 0 0 535 1 10 10 1
1 19 0 1 0 0 0 3000 2 11 11 10
1 20 0 0 0 0 1 691 3 1 1 11
1 21 0 1 0 0 0 3000 3 8 8 1
1 22 0 1 0 0 0 3000 3 12 12 8
1 23 0 1 0 0 0 3000 3 5 5 12
1 24 1 1 1 0 0 539 1 12 12 5
1 25 0 1 0 0 0 3000 3 13 13 12
2 1 0 1 0 0 0 3000 1 11 11 13
2 2 0 1 0 0 0 3000 1 8 8 11
2 3 0 1 0 0 0 3000 3 6 6 8
2 4 0 1 0 0 0 3000 2 9 9 6
2 5 0 1 0 0 0 3000 3 12 12 9
2 6 0 1 0 0 0 3000 3 4 4 12
2 7 1 1 1 0 0 619 1 12 12 4
2 8 0 1 0 0 0 3000 3 7 7 12
2 9 0 1 0 0 0 3000 2 14 14 7
2 10 0 1 0 0 0 3000 2 2 2 14
2 11 0 1 0 0 0 3000 2 9 9 2
2 12 0 1 0 0 0 3000 2 12 12 9
2 13 1 1 1 0 0 360 1 9 9 12
2 14 0 1 0 0 0 3000 3 1 1 9
2 15 0 1 0 0 0 3000 3 15 15 1
2 16 1 1 1 0 0 456 1 1 1 15
2 17 0 1 0 0 0 3000 2 14 14 1
2 18 1 1 1 0 0 784 1 1 1 14
2 19 0 1 0 0 0 3000 2 13 13 1
2 20 0 1 0 0 0 3000 3 5 5 13
2 21 0 1 0 0 0 3000 3 6 6 5
2 22 1 1 1 0 0 380 1 5 5 6
2 23 0 1 0 0 0 3000 3 8 8 5
2 24 1 1 1 0 0 567 1 5 5 8
2 25 1 1 1 0 0 1776 1 8 8 5
3 1 0 1 0 0 0 3000 3 15 15 8
3 2 0 1 0 0 0 3000 1 2 2 15
3 3 1 1 1 0 0 1093 1 15 15 2
3 4 0 1 0 0 0 3000 3 6 6 15
3 5 0 0 0 0 1 536 2 14 14 6
3 6 1 1 1 0 0 576 1 6 6 14
3 7 1 1 1 0 0 1065 1 14 14 6
3 8 0 1 0 0 0 3000 3 10 10 14
3 9 0 1 0 0 0 3000 3 6 6 10
3 10 0 1 0 0 0 3000 2 9 9 6
3 11 0 1 0 0 0 3000 3 3 3 9
3 12 0 1 0 0 0 3000 2 14 14 3
3 13 1 1 1 0 0 520 1 3 3 14
3 14 1 1 1 0 0 689 1 14 14 3
3 15 0 1 0 0 0 3000 3 9 9 14
3 16 1 1 1 0 0 1130 1 14 14 9
3 17 0 0 0 0 1 734 2 14 14 14
3 18 0 1 0 0 0 3000 3 1 1 14
3 19 1 1 1 0 0 479 1 14 14 1
3 20 0 1 0 0 0 3000 2 5 5 14
3 21 1 1 1 0 0 430 1 14 14 5
3 22 0 1 0 0 0 3000 2 3 3 14
3 23 0 1 0 0 0 3000 2 2 2 3
3 24 1 1 1 0 0 386 1 3 3 2
3 25 0 1 0 0 0 3000 2 1 1 3
