1 1 0 1 0 0 0 3000 3 2 2 0
1 2 0 1 0 0 0 3000 3 9 9 2
1 3 1 1 1 0 0 910 1 2 2 9
1 4 1 0 0 1 0 3000 1 9 9 2
1 5 0 1 0 0 0 3000 2 9 9 9
1 6 0 0 0 0 1 379 2 1 1 9
1 7 1 0 0 1 0 3000 1 9 9 1
1 8 0 1 0 0 0 3000 3 7 7 9
1 9 1 1 1 0 0 321 1 9 9 7
1 10 0 1 0 0 0 3000 3 8 8 9
1 11 0 1 0 0 0 3000 2 6 6 8
1 12 0 1 0 0 0 3000 3 13 13 6
1 13 0 1 0 0 0 3000 3 12 12 13
1 14 1 0 0 1 0 3000 1 13 13 12
1 15 0 0 0 0 1 331 3 15 15 13
1 16 1 0 0 1 0 3000 1 13 13 15
1 17 0 1 0 0 0 3000 3 10 10 13
1 18 0 1 0 0 0 3000 3 8 8 10
1 19 1 0 0 1 0 3000 1 10 10 8
1 20 1 1 1 0 0 1298 1 8 8 10
1 21 0 1 0 0 0 3000 3 2 2 8
1 22 0 1 0 0 0 3000 2 4 4 2
1 23 0 1 0 0 0 3000 3 4 4 4
1 24 0 1 0 0 0 3000 3 1 1 4
1 25 0 1 0 0 0 3000 2 1 1 1
2 1 0 1 0 0 0 3000 3 4 4 1
2 2 0 1 0 0 0 3000 1 3 3 4
2 3 1 1 1 0 0 329 1 4 4 3
2 4 0 1 0 0 0 3000 3 4 4 4
2 5 0 1 0 0 0 3000 2 14 14 4
2 6 0 1 0 0 0 3000 2 11 11 14
2 7 1 0 0 1 0 3000 1 14 14 11
2 8 0 1 0 0 0 3000 2 9 9 14
2 9 0 1 0 0 0 3000 2 4 4 9
2 10 0 1 0 0 0 3000 3 4 4 4
2 11 1 0 0 1 0 3000 1 4 4 4
2 12 0 1 0 0 0 3000 3 1 1 4
2 13 0 1 0 0 0 3000 3 15 15 1
2 14 0 1 0 0 0 3000 2 13 13 15
2 15 1 1 1 0 0 330 1 15 15 13
2 16 0 1 0 0 0 3000 2 9 9 15
2 17 0 1 0 0 0 3000 2 1 1 9
2 18 0 1 0 0 0 3000 3 11 11 1
2 19 0 1 0 0 0 3000 2 10 10 11
2 20 0 1 0 0 0 3000 3 12 12 10
2 21 0 0 0 0 1 512 2 13 13 12
2 22 1 0 0 1 0 3000 1 12 12 13
2 23 0 1 0 0 0 3000 3 3 3 12
2 24 0 1 0 0 0 3000 2 6 6 3
2 25 1 1 1 0 0 693 1 3 3 6
3 1 0 1 0 0 0 3000 3 4 4 3
3 2 0 1 0 0 0 3000 3 8 8 4
3 3 0 0 0 0 1 710 2 15 15 8
3 4 0 1 0 0 0 3000 2 1 1 15
3 5 0 1 0 0 0 3000 3 9 9 1
3 6 0 1 0 0 0 3000 2 11 11 9
3 7 0 1 0 0 0 3000 2 11 11 11
3 8 1 1 1 0 0 1009 1 11 11 11
3 9 0 1 0 0 0 3000 3 14 14 11
3 10 0 1 0 0 0 3000 2 5 5 14
3 11 0 1 0 0 0 3000 3 6 6 5
3 12 0 1 0 0 0 3000 2 9 9 6
3 13 0 0 0 0 1 692 3 5 5 9
3 14 0 0 0 0 1 609 2 5 5 5
3 15 1 0 0 1 0 3000 1 5 5 5
3 16 1 0 0 1 0 3000 1 5 5 5
3 17 0 1 0 0 0 3000 3 15 15 5
3 18 1 1 1 0 0 839 1 5 5 15
3 19 0 1 0 0 0 3000 3 12 12 5
3 20 0 0 0 0 1 1301 3 12 12 12
3 21 0 1 0 0 0 3000 3 9 9 12
3 22 0 1 0 0 0 3000 2 10 10 9
3 23 0 1 0 0 0 3000 2 2 2 10
3 24 0 1 0 0 0 3000 2 5 5 2
3 25 0 0 0 0 1 511 2 9 9 5
