1 1 0 1 0 0 0 3000 3 9 9 0
1 2 0 1 0 0 0 3000 3 14 14 9
1 3 0 1 0 0 0 3000 3 3 3 14
1 4 0 1 0 0 0 3000 2 12 12 3
1 5 0 1 0 0 0 3000 2 7 7 12
1 6 1 1 1 0 0 919 1 12 12 7
1 7 0 1 0 0 0 3000 2 13 13 12
1 8 0 1 0 0 0 3000 2 11 11 13
1 9 0 0 0 0 1 819 3 14 14 11
1 10 0 1 0 0 0 3000 2 12 12 14
1 11 1 0 0 1 0 3000 1 14 14 12
1 12 0 1 0 0 0 3000 3 6 6 14
1 13 0 1 0 0 0 3000 2 1 1 6
1 14 0 1 0 0 0 3000 3 2 2 1
1 15 1 1 1 0 0 974 1 1 1 2
1 16 0 0 0 0 1 754 3 14 14 1
1 17 1 0 0 1 0 3000 1 1 1 14
1 18 1 0 0 1 0 3000 1 14 14 1
1 19 0 1 0 0 0 3000 3 2 2 14
1 20 1 1 1 0 0 521 1 14 14 2
1 21 0 1 0 0 0 3000 3 11 11 14
1 22 1 0 0 1 0 3000 1 14 14 11
1 23 1 1 1 0 0 1059 1 11 11 14
1 24 1 0 0 1 0 3000 1 14 14 11
1 25 0 1 0 0 0 3000 2 3 3 14
2 1 0 1 0 0 0 3000 1 13 13 3
2 2 0 0 0 0 1 697 1 13 13 13
2 3 0 1 0 0 0 3000 3 1 1 13
2 4 0 1 0 0 0 3000 3 10 10 1
2 5 0 1 0 0 0 3000 2 2 2 10
2 6 0 1 0 0 0 3000 3 4 4 2
2 7 0 0 0 0 1 914 2 10 10 4
2 8 0 1 0 0 0 3000 3 9 9 10
2 9 0 1 0 0 0 3000 2 3 3 9
2 10 0 1 0 0 0 3000 3 1 1 3
2 11 0 1 0 0 0 3000 2 2 2 1
2 12 0 1 0 0 0 3000 3 13 13 2
2 13 0 1 0 0 0 3000 2 12 12 13
2 14 1 1 1 0 0 360 1 13 13 12
2 15 1 0 0 1 0 3000 1 12 12 13
2 16 1 0 0 1 0 3000 1 13 13 12
2 17 0 1 0 0 0 3000 2 9 9 13
2 18 0 1 0 0 0 3000 2 10 10 9
2 19 0 1 0 0 0 3000 2 8 8 10
2 20 0 0 0 0 1 929 3 8 8 8
2 21 1 0 0 1 0 3000 1 8 8 8
2 22 1 0 0 1 0 3000 1 8 8 8
2 23 0 1 0 0 0 3000 2 7 7 8
2 24 1 1 1 0 0 448 1 8 8 7
2 25 0 1 0 0 0 3000 3 3 3 8
3 1 0 1 0 0 0 3000 3 15 15 3
3 2 0 1 0 0 0 3000 1 2 2 15
3 3 0 1 0 0 0 3000 3 8 8 2
3 4 0 1 0 0 0 3000 3 3 3 8
3 5 1 1 1 0 0 840 1 8 8 3
3 6 0 1 0 0 0 3000 3 14 14 8
3 7 1 0 0 1 0 3000 1 8 8 14
3 8 1 1 1 0 0 455 1 14 14 8
3 9 0 1 0 0 0 3000 3 12 12 14
3 10 1 0 0 1 0 3000 1 14 14 12
3 11 1 1 1 0 0 575 1 12 12 14
3 12 0 1 0 0 0 3000 3 15 15 12
3 13 0 1 0 0 0 3000 2 11 11 15
3 14 0 1 0 0 0 3000 3 13 13 11
3 15 0 1 0 0 0 3000 3 12 12 13
3 16 0 1 0 0 0 3000 3 3 3 12
3 17 0 1 0 0 0 3000 3 7 7 3
3 18 1 0 0 1 0 3000 1 3 3 7
3 19 0 1 0 0 0 3000 2 5 5 3
3 20 0 0 0 0 1 834 2 12 12 5
3 21 1 0 0 1 0 3000 1 5 5 12
3 22 1 0 0 1 0 3000 1 12 12 5
3 23 1 1 1 0 0 344 1 5 5 12
3 24 0 1 0 0 0 3000 2 10 10 5
3 25 1 0 0 1 0 3000 1 5 5 10
