1 1 0 1 0 0 0 3000 2 2 2 0
1 2 0 1 0 0 0 3000 2 14 14 2
1 3 0 1 0 0 0 3000 3 10 10 14
1 4 0 0 0 0 1 1163 3 2 2 10
1 5 1 0 0 1 0 3000 1 10 10 2
1 6 0 1 0 0 0 3000 2 5 5 10
1 7 0 1 0 0 0 3000 3 7 7 5
1 8 0 1 0 0 0 3000 3 9 9 7
1 9 0 1 0 0 0 3000 3 13 13 9
1 10 1 1 1 0 0 742 1 9 9 13
1 11 1 0 0 1 0 3000 1 13 13 9
1 12 0 0 0 0 1 885 2 7 7 13
1 13 1 1 1 0 0 791 1 13 13 7
1 14 1 1 1 0 0 1804 1 7 7 13
1 15 0 1 0 0 0 3000 2 2 2 7
1 16 0 1 0 0 0 3000 3 4 4 2
1 17 0 0 0 0 1 587 2 5 5 4
1 18 1 1 1 0 0 1149 1 4 4 5
1 19 0 1 0 0 0 3000 2 9 9 4
1 20 0 1 0 0 0 3000 2 14 14 9
1 21 0 1 0 0 0 3000 2 10 10 14
1 22 0 0 0 0 1 538 3 9 9 10
1 23 0 1 0 0 0 3000 2 12 12 9
1 24 0 0 0 0 1 1102 3 12 12 12
1 25 0 1 0 0 0 3000 3 15 15 12
2 1 0 1 0 0 0 3000 3 3 3 15
2 2 0 1 0 0 0 3000 3 6 6 3
2 3 0 1 0 0 0 3000 2 8 8 6
2 4 0 1 0 0 0 3000 2 7 7 8
2 5 1 1 1 0 0 648 1 8 8 7
2 6 1 1 1 0 0 2719 1 7 7 8
2 7 0 1 0 0 0 3000 3 4 4 7
2 8 0 0 0 0 1 1450 3 6 6 4
2 9 0 1 0 0 0 3000 3 14 14 6
2 10 0 1 0 0 0 3000 2 2 2 14
2 11 0 1 0 0 0 3000 3 15 15 2
2 12 0 0 0 0 1 684 2 14 14 15
2 13 1 1 1 0 0 872 1 15 15 14
2 14 0 1 0 0 0 3000 2 11 11 15
2 15 0 1 0 0 0 3000 3 14 14 11
2 16 0 1 0 0 0 3000 2 5 5 14
2 17 1 1 1 0 0 630 1 14 14 5
2 18 1 1 1 0 0 724 1 5 5 14
2 19 1 1 1 0 0 929 1 14 14 5
2 20 1 0 0 1 0 3000 1 5 5 14
2 21 0 0 0 0 1 1032 2 4 4 5
2 22 0 1 0 0 0 3000 3 8 8 4
2 23 0 1 0 0 0 3000 3 7 7 8
2 24 0 0 0 0 1 671 2 14 14 7
2 25 1 1 1 0 0 1197 1 7 7 14
3 1 0 1 0 0 0 3000 3 1 1 7
3 2 0 1 0 0 0 3000 2 8 8 1
3 3 1 0 0 1 0 3000 1 1 1 8
3 4 1 1 1 0 0 937 1 8 8 1
3 5 1 1 1 0 0 465 1 1 1 8
3 6 0 1 0 0 0 3000 2 4 4 1
3 7 0 1 0 0 0 3000 3 3 3 4
3 8 1 1 1 0 0 602 1 4 4 3
3 9 0 1 0 0 0 3000 3 2 2 4
3 10 0 1 0 0 0 3000 2 11 11 2
3 11 0 1 0 0 0 3000 2 13 13 11
3 12 0 1 0 0 0 3000 3 6 6 13
3 13 0 1 0 0 0 3000 2 10 10 6
3 14 0 0 0 0 1 593 3 9 9 10
3 15 1 1 1 0 0 723 1 10 10 9
3 16 0 1 0 0 0 3000 2 10 10 10
3 17 0 0 0 0 1 623 3 6 6 10
3 18 0 0 0 0 1 979 2 13 13 6
3 19 0 1 0 0 0 3000 2 5 5 13
3 20 0 0 0 0 1 1191 2 11 11 5
3 21 0 1 0 0 0 3000 3 4 4 11
3 22 1 1 1 0 0 1195 1 11 11 4
3 23 0 0 0 0 1 1351 3 10 10 11
3 24 0 0 0 0 1 958 3 13 13 10
3 25 0 1 0 0 0 3000 3 14 14 13
