1 1 0 1 0 0 0 3000 1 2 2 0
1 2 0 1 0 0 0 3000 2 15 15 2
1 3 0 1 0 0 0 3000 2 11 11 15
1 4 0 1 0 0 0 3000 2 7 7 11
1 5 0 1 0 0 0 3000 3 9 9 7
1 6 0 1 0 0 0 3000 3 13 13 9
1 7 1 1 1 0 0 339 1 9 9 13
1 8 0 1 0 0 0 3000 2 14 14 9
1 9 0 1 0 0 0 3000 2 14 14 14
1 10 0 1 0 0 0 3000 3 11 11 14
1 11 0 0 0 0 1 433 2 12 12 11
1 12 0 1 0 0 0 3000 2 9 9 12
1 13 0 1 0 0 0 3000 2 4 4 9
1 14 0 1 0 0 0 3000 3 5 5 4
1 15 1 1 1 0 0 385 1 4 4 5
1 16 0 1 0 0 0 3000 2 11 11 4
1 17 1 0 0 1 0 3000 1 4 4 11
1 18 0 1 0 0 0 3000 2 12 12 4
1 19 1 1 1 0 0 444 1 4 4 12
1 20 1 0 0 1 0 3000 1 12 12 4
1 21 0 1 0 0 0 3000 2 15 15 12
1 22 1 1 1 0 0 384 1 12 12 15
1 23 0 1 0 0 0 3000 3 12 12 12
1 24 1 0 0 1 0 3000 1 12 12 12
1 25 0 1 0 0 0 3000 2 9 9 12
2 1 0 1 0 0 0 3000 2 4 4 9
2 2 0 1 0 0 0 3000 3 1 1 4
2 3 1 1 1 0 0 421 1 4 4 1
2 4 0 1 0 0 0 3000 3 12 12 4
2 5 0 1 0 0 0 3000 3 6 6 12
2 6 1 1 1 0 0 607 1 12 12 6
2 7 0 1 0 0 0 3000 2 2 2 12
2 8 0 1 0 0 0 3000 2 11 11 2
2 9 0 1 0 0 0 3000 2 4 4 11
2 10 1 1 1 0 0 384 1 11 11 4
2 11 1 0 0 1 0 3000 1 4 4 11
2 12 1 0 0 1 0 3000 1 11 11 4
2 13 1 1 1 0 0 404 1 4 4 11
2 14 0 1 0 0 0 3000 3 3 3 4
2 15 0 1 0 0 0 3000 2 1 1 3
2 16 0 1 0 0 0 3000 3 10 10 1
2 17 1 1 1 0 0 341 1 1 1 10
2 18 0 1 0 0 0 3000 3 3 3 1
2 19 0 1 0 0 0 3000 3 6 6 3
2 20 1 1 1 0 0 495 1 3 3 6
2 21 0 1 0 0 0 3000 3 3 3 3
2 22 0 1 0 0 0 3000 2 14 14 3
2 23 0 1 0 0 0 3000 3 9 9 14
2 24 0 1 0 0 0 3000 3 10 10 9
2 25 0 1 0 0 0 3000 3 4 4 10
3 1 0 1 0 0 0 3000 3 15 15 4
3 2 0 1 0 0 0 3000 1 8 8 15
3 3 1 1 1 0 0 350 1 15 15 8
3 4 0 1 0 0 0 3000 2 2 2 15
3 5 0 1 0 0 0 3000 3 7 7 2
3 6 0 1 0 0 0 3000 2 6 6 7
3 7 1 1 1 0 0 359 1 7 7 6
3 8 1 0 0 1 0 3000 1 6 6 7
3 9 0 1 0 0 0 3000 3 3 3 6
3 10 0 1 0 0 0 3000 3 9 9 3
3 11 0 1 0 0 0 3000 2 2 2 9
3 12 0 1 0 0 0 3000 3 13 13 2
3 13 0 1 0 0 0 3000 3 5 5 13
3 14 1 1 1 0 0 407 1 13 13 5
3 15 0 1 0 0 0 3000 2 11 11 13
3 16 1 0 0 1 0 3000 1 13 13 11
3 17 0 1 0 0 0 3000 2 12 12 13
3 18 0 1 0 0 0 3000 3 2 2 12
3 19 0 0 0 0 1 438 3 13 13 2
3 20 0 1 0 0 0 3000 3 6 6 13
3 21 0 1 0 0 0 3000 3 12 12 6
3 22 1 1 1 0 0 390 1 6 6 12
3 23 0 1 0 0 0 3000 2 7 7 6
3 24 1 0 0 1 0 3000 1 6 6 7
3 25 0 1 0 0 0 3000 2 10 10 6
