1 1 0 1 0 0 0 3000 2 11 11 0
1 2 0 1 0 0 0 3000 1 2 2 11
1 3 1 1 1 0 0 728 1 11 11 2
1 4 1 1 1 0 0 997 1 2 2 11
1 5 0 1 0 0 0 3000 3 1 1 2
1 6 1 0 0 1 0 3000 1 2 2 1
1 7 0 0 0 0 1 385 3 14 14 2
1 8 0 1 0 0 0 3000 3 6 6 14
1 9 1 1 1 0 0 347 1 14 14 6
1 10 1 1 1 0 0 709 1 6 6 14
1 11 0 1 0 0 0 3000 2 2 2 6
1 12 0 1 0 0 0 3000 3 8 8 2
1 13 1 0 0 1 0 3000 1 2 2 8
1 14 0 0 0 0 1 117 3 5 5 2
1 15 0 1 0 0 0 3000 2 9 9 5
1 16 0 1 0 0 0 3000 2 11 11 9
1 17 0 1 0 0 0 3000 2 15 15 11
1 18 0 1 0 0 0 3000 3 8 8 15
1 19 0 1 0 0 0 3000 2 14 14 8
1 20 0 0 0 0 1 864 3 2 2 14
1 21 1 0 0 1 0 3000 1 14 14 2
1 22 1 1 1 0 0 667 1 2 2 14
1 23 0 1 0 0 0 3000 3 15 15 2
1 24 1 1 1 0 0 574 1 2 2 15
1 25 0 1 0 0 0 3000 3 13 13 2
2 1 0 1 0 0 0 3000 3 8 8 13
2 2 0 1 0 0 0 3000 2 7 7 8
2 3 0 1 0 0 0 3000 2 11 11 7
2 4 0 1 0 0 0 3000 3 13 13 11
2 5 0 1 0 0 0 3000 3 5 5 13
2 6 1 1 1 0 0 670 1 13 13 5
2 7 1 1 1 0 0 1138 1 5 5 13
2 8 0 1 0 0 0 3000 3 7 7 5
2 9 0 1 0 0 0 3000 3 12 12 7
2 10 1 1 1 0 0 1120 1 7 7 12
2 11 0 1 0 0 0 3000 2 10 10 7
2 12 0 0 0 0 1 1740 2 8 8 10
2 13 0 0 0 0 1 1372 3 2 2 8
2 14 0 1 0 0 0 3000 3 2 2 2
2 15 0 0 0 0 1 526 3 7 7 2
2 16 0 1 0 0 0 3000 3 11 11 7
2 17 0 0 0 0 1 415 3 10 10 11
2 18 0 1 0 0 0 3000 3 1 1 10
2 19 0 1 0 0 0 3000 2 3 3 1
2 20 0 1 0 0 0 3000 3 14 14 3
2 21 0 1 0 0 0 3000 3 5 5 14
2 22 0 1 0 0 0 3000 2 1 1 5
2 23 0 1 0 0 0 3000 2 11 11 1
2 24 0 1 0 0 0 3000 2 15 15 11
2 25 0 1 0 0 0 3000 3 2 2 15
3 1 0 1 0 0 0 3000 1 2 2 2
3 2 0 1 0 0 0 3000 1 3 3 2
3 3 0 1 0 0 0 3000 2 9 9 3
3 4 1 1 1 0 0 1113 1 3 3 9
3 5 1 1 1 0 0 671 1 9 9 3
3 6 0 1 0 0 0 3000 3 11 11 9
3 7 1 1 1 0 0 383 1 9 9 11
3 8 0 1 0 0 0 3000 3 5 5 9
3 9 0 0 0 0 1 502 3 2 2 5
3 10 1 1 1 0 0 697 1 5 5 2
3 11 1 1 1 0 0 1388 1 2 2 5
3 12 1 1 1 0 0 681 1 5 5 2
3 13 0 1 0 0 0 3000 2 6 6 5
3 14 0 1 0 0 0 3000 3 3 3 6
3 15 0 1 0 0 0 3000 2 5 5 3
3 16 0 1 0 0 0 3000 2 15 15 5
3 17 0 1 0 0 0 3000 3 13 13 15
3 18 0 1 0 0 0 3000 2 12 12 13
3 19 0 1 0 0 0 3000 3 3 3 12
3 20 0 1 0 0 0 3000 3 15 15 3
3 21 0 0 0 0 1 564 2 15 15 15
3 22 1 1 1 0 0 419 1 15 15 15
3 23 0 1 0 0 0 3000 3 2 2 15
3 24 0 0 0 0 1 1185 3 2 2 2
3 25 1 1 1 0 0 858 1 2 2 2
