1 1 0 1 0 0 0 3000 3 15 15 0
1 2 0 1 0 0 0 3000 3 4 4 15
1 3 0 1 0 0 0 3000 2 7 7 4
1 4 0 1 0 0 0 3000 2 2 2 7
1 5 1 0 0 1 0 3000 1 7 7 2
1 6 1 0 0 1 0 3000 1 2 2 7
1 7 1 1 1 0 0 431 1 7 7 2
1 8 0 1 0 0 0 3000 2 9 9 7
1 9 0 1 0 0 0 3000 2 13 13 9
1 10 0 1 0 0 0 3000 3 3 3 13
1 11 0 1 0 0 0 3000 2 14 14 3
1 12 1 0 0 1 0 3000 1 3 3 14
1 13 0 0 0 0 1 458 3 3 3 3
1 14 1 1 1 0 0 574 1 3 3 3
1 15 0 1 0 0 0 3000 2 1 1 3
1 16 0 1 0 0 0 3000 3 4 4 1
1 17 1 1 1 0 0 414 1 1 1 4
1 18 0 1 0 0 0 3000 2 13 13 1
1 19 0 1 0 0 0 3000 3 11 11 13
1 20 1 1 1 0 0 355 1 13 13 11
1 21 1 0 0 1 0 3000 1 11 11 13
1 22 1 1 1 0 0 297 1 13 13 11
1 23 0 1 0 0 0 3000 2 6 6 13
1 24 0 0 0 0 1 656 2 6 6 6
1 25 1 1 1 0 0 409 1 6 6 6
2 1 0 1 0 0 0 3000 1 1 1 6
2 2 0 1 0 0 0 3000 1 14 14 1
2 3 0 0 0 0 1 226 3 10 10 14
2 4 0 1 0 0 0 3000 3 11 11 10
2 5 0 1 0 0 0 3000 3 15 15 11
2 6 0 1 0 0 0 3000 2 9 9 15
2 7 0 1 0 0 0 3000 2 10 10 9
2 8 0 0 0 0 1 668 3 13 13 10
2 9 0 1 0 0 0 3000 3 14 14 13
2 10 0 1 0 0 0 3000 2 2 2 14
2 11 0 1 0 0 0 3000 2 5 5 2
2 12 0 1 0 0 0 3000 2 9 9 5
2 13 0 1 0 0 0 3000 2 13 13 9
2 14 1 1 1 0 0 388 1 9 9 13
2 15 0 1 0 0 0 3000 3 15 15 9
2 16 0 1 0 0 0 3000 3 1 1 15
2 17 0 0 0 0 1 494 2 9 9 1
2 18 1 1 1 0 0 797 1 1 1 9
2 19 0 1 0 0 0 3000 3 11 11 1
2 20 1 1 1 0 0 487 1 1 1 11
2 21 1 1 1 0 0 449 1 11 11 1
2 22 0 0 0 0 1 516 2 11 11 11
2 23 1 1 1 0 0 412 1 11 11 11
2 24 0 1 0 0 0 3000 2 8 8 11
2 25 0 1 0 0 0 3000 2 2 2 8
3 1 0 1 0 0 0 3000 2 15 15 2
3 2 0 0 0 0 1 378 2 15 15 15
3 3 0 1 0 0 0 3000 3 2 2 15
3 4 0 0 0 0 1 434 2 9 9 2
3 5 1 0 0 1 0 3000 1 2 2 9
3 6 0 1 0 0 0 3000 3 5 5 2
3 7 1 1 1 0 0 372 1 2 2 5
3 8 1 1 1 0 0 457 1 5 5 2
3 9 1 1 1 0 0 715 1 2 2 5
3 10 1 1 1 0 0 533 1 5 5 2
3 11 1 1 1 0 0 418 1 2 2 5
3 12 1 1 1 0 0 348 1 5 5 2
3 13 0 1 0 0 0 3000 3 10 10 5
3 14 0 1 0 0 0 3000 2 13 13 10
3 15 1 1 1 0 0 304 1 10 10 13
3 16 0 1 0 0 0 3000 3 7 7 10
3 17 1 1 1 0 0 440 1 10 10 7
3 18 1 1 1 0 0 419 1 7 7 10
3 19 1 1 1 0 0 436 1 10 10 7
3 20 0 0 0 0 1 512 2 2 2 10
3 21 1 1 1 0 0 470 1 10 10 2
3 22 1 1 1 0 0 373 1 2 2 10
3 23 1 1 1 0 0 431 1 10 10 2
3 24 0 0 0 0 1 339 2 12 12 10
3 25 0 1 0 0 0 3000 2 14 14 12
