1 1 0 1 0 0 0 3000 2 15 15 0
1 2 0 1 0 0 0 3000 2 8 8 15
1 3 0 1 0 0 0 3000 3 6 6 8
1 4 0 0 0 0 1 954 2 9 9 6
1 5 0 1 0 0 0 3000 2 5 5 9
1 6 0 1 0 0 0 3000 2 7 7 5
1 7 0 1 0 0 0 3000 2 14 14 7
1 8 0 1 0 0 0 3000 3 1 1 14
1 9 0 1 0 0 0 3000 3 9 9 1
1 10 0 1 0 0 0 3000 2 3 3 9
1 11 0 1 0 0 0 3000 2 10 10 3
1 12 0 1 0 0 0 3000 2 6 6 10
1 13 0 1 0 0 0 3000 3 12 12 6
1 14 0 1 0 0 0 3000 2 8 8 12
1 15 0 1 0 0 0 3000 2 2 2 8
1 16 1 1 1 0 0 803 1 8 8 2
1 17 0 1 0 0 0 3000 3 11 11 8
1 18 1 1 1 0 0 1097 1 8 8 11
1 19 0 1 0 0 0 3000 3 9 9 8
1 20 0 0 0 0 1 729 2 11 11 9
1 21 0 1 0 0 0 3000 2 1 1 11
1 22 0 1 0 0 0 3000 2 4 4 1
1 23 0 1 0 0 0 3000 3 5 5 4
1 24 0 0 0 0 1 596 2 1 1 5
1 25 0 1 0 0 0 3000 3 2 2 1
2 1 0 1 0 0 0 3000 3 10 10 2
2 2 0 1 0 0 0 3000 1 4 4 10
2 3 0 1 0 0 0 3000 3 3 3 4
2 4 0 1 0 0 0 3000 2 8 8 3
2 5 1 1 1 0 0 459 1 3 3 8
2 6 0 1 0 0 0 3000 2 9 9 3
2 7 0 1 0 0 0 3000 3 2 2 9
2 8 1 0 0 1 0 3000 1 9 9 2
2 9 0 1 0 0 0 3000 3 13 13 9
2 10 0 1 0 0 0 3000 3 3 3 13
2 11 0 1 0 0 0 3000 2 6 6 3
2 12 0 1 0 0 0 3000 2 11 11 6
2 13 0 1 0 0 0 3000 2 2 2 11
2 14 1 1 1 0 0 436 1 11 11 2
2 15 1 1 1 0 0 530 1 2 2 11
2 16 0 1 0 0 0 3000 3 2 2 2
2 17 0 1 0 0 0 3000 2 7 7 2
2 18 0 1 0 0 0 3000 3 1 1 7
2 19 0 1 0 0 0 3000 3 4 4 1
2 20 0 1 0 0 0 3000 3 13 13 4
2 21 0 1 0 0 0 3000 3 3 3 13
2 22 0 1 0 0 0 3000 3 8 8 3
2 23 1 0 0 1 0 3000 1 3 3 8
2 24 0 1 0 0 0 3000 2 15 15 3
2 25 0 1 0 0 0 3000 2 8 8 15
3 1 0 0 0 0 1 2224 2 11 11 8
3 2 0 1 0 0 0 3000 1 4 4 11
3 3 0 1 0 0 0 3000 3 10 10 4
3 4 0 1 0 0 0 3000 3 12 12 10
3 5 0 1 0 0 0 3000 2 9 9 12
3 6 1 1 1 0 0 438 1 12 12 9
3 7 0 0 0 0 1 1010 2 11 11 12
3 8 0 1 0 0 0 3000 3 11 11 11
3 9 1 1 1 0 0 769 1 11 11 11
3 10 0 1 0 0 0 3000 2 5 5 11
3 11 0 1 0 0 0 3000 2 15 15 5
3 12 1 1 1 0 0 405 1 5 5 15
3 13 0 1 0 0 0 3000 2 4 4 5
3 14 1 1 1 0 0 717 1 5 5 4
3 15 0 1 0 0 0 3000 2 13 13 5
3 16 0 1 0 0 0 3000 2 12 12 13
3 17 1 1 1 0 0 372 1 13 13 12
3 18 0 1 0 0 0 3000 3 13 13 13
3 19 0 1 0 0 0 3000 3 7 7 13
3 20 0 1 0 0 0 3000 2 15 15 7
3 21 0 1 0 0 0 3000 2 11 11 15
3 22 0 1 0 0 0 3000 2 6 6 11
3 23 0 1 0 0 0 3000 3 9 9 6
3 24 0 1 0 0 0 3000 3 4 4 9
3 25 1 1 1 0 0 477 1 9 9 4
