1 1 0 1 0 0 0 3000 3 15 15 0
1 2 0 1 0 0 0 3000 3 6 6 15
1 3 0 1 0 0 0 3000 2 2 2 6
1 4 1 1 1 0 0 406 1 6 6 2
1 5 0 1 0 0 0 3000 3 6 6 6
1 6 0 1 0 0 0 3000 3 5 5 6
1 7 0 1 0 0 0 3000 2 12 12 5
1 8 1 0 0 1 0 3000 1 5 5 12
1 9 0 1 0 0 0 3000 3 13 13 5
1 10 0 1 0 0 0 3000 2 14 14 13
1 11 1 0 0 1 0 3000 1 13 13 14
1 12 0 1 0 0 0 3000 3 15 15 13
1 13 0 1 0 0 0 3000 2 7 7 15
1 14 0 1 0 0 0 3000 3 10 10 7
1 15 1 1 1 0 0 340 1 7 7 10
1 16 0 1 0 0 0 3000 2 9 9 7
1 17 0 1 0 0 0 3000 2 15 15 9
1 18 0 1 0 0 0 3000 3 14 14 15
1 19 0 1 0 0 0 3000 2 9 9 14
1 20 0 1 0 0 0 3000 2 6 6 9
1 21 0 1 0 0 0 3000 2 4 4 6
1 22 1 0 0 1 0 3000 1 6 6 4
1 23 0 1 0 0 0 3000 2 3 3 6
1 24 0 1 0 0 0 3000 2 2 2 3
1 25 0 1 0 0 0 3000 2 5 5 2
2 1 0 1 0 0 0 3000 3 5 5 5
2 2 0 1 0 0 0 3000 1 4 4 5
2 3 0 1 0 0 0 3000 3 6 6 4
2 4 0 1 0 0 0 3000 3 7 7 6
2 5 0 1 0 0 0 3000 3 1 1 7
2 6 0 1 0 0 0 3000 2 10 10 1
2 7 0 1 0 0 0 3000 2 7 7 10
2 8 0 1 0 0 0 3000 2 15 15 7
2 9 0 1 0 0 0 3000 2 8 8 15
2 10 0 1 0 0 0 3000 2 11 11 8
2 11 1 0 0 1 0 3000 1 8 8 11
2 12 0 1 0 0 0 3000 3 1 1 8
2 13 0 1 0 0 0 3000 2 5 5 1
2 14 0 1 0 0 0 3000 2 4 4 5
2 15 0 1 0 0 0 3000 2 13 13 4
2 16 0 1 0 0 0 3000 3 2 2 13
2 17 1 0 0 1 0 3000 1 13 13 2
2 18 1 1 1 0 0 449 1 2 2 13
2 19 1 0 0 1 0 3000 1 13 13 2
2 20 0 1 0 0 0 3000 3 7 7 13
2 21 1 1 1 0 0 484 1 13 13 7
2 22 0 1 0 0 0 3000 3 2 2 13
2 23 1 0 0 1 0 3000 1 13 13 2
2 24 1 1 1 0 0 431 1 2 2 13
2 25 0 1 0 0 0 3000 2 12 12 2
3 1 0 1 0 0 0 3000 3 14 14 12
3 2 0 1 0 0 0 3000 3 9 9 14
3 3 0 1 0 0 0 3000 2 2 2 9
3 4 0 1 0 0 0 3000 3 14 14 2
3 5 0 1 0 0 0 3000 2 11 11 14
3 6 0 1 0 0 0 3000 3 8 8 11
3 7 0 1 0 0 0 3000 3 6 6 8
3 8 1 0 0 1 0 3000 1 8 8 6
3 9 0 1 0 0 0 3000 3 11 11 8
3 10 0 1 0 0 0 3000 3 6 6 11
3 11 0 1 0 0 0 3000 3 12 12 6
3 12 1 1 1 0 0 434 1 6 6 12
3 13 0 1 0 0 0 3000 3 4 4 6
3 14 0 1 0 0 0 3000 3 10 10 4
3 15 0 1 0 0 0 3000 3 6 6 10
3 16 0 1 0 0 0 3000 2 2 2 6
3 17 0 1 0 0 0 3000 2 3 3 2
3 18 0 1 0 0 0 3000 3 15 15 3
3 19 0 1 0 0 0 3000 2 2 2 15
3 20 1 0 0 1 0 3000 1 15 15 2
3 21 0 1 0 0 0 3000 3 3 3 15
3 22 0 1 0 0 0 3000 3 13 13 3
3 23 0 1 0 0 0 3000 3 6 6 13
3 24 0 1 0 0 0 3000 2 8 8 6
3 25 0 1 0 0 0 3000 3 7 7 8
