1 1 0 1 0 0 0 3000 3 10 10 0
1 2 0 1 0 0 0 3000 1 14 14 10
1 3 1 1 1 0 0 552 1 10 10 14
1 4 1 0 0 1 0 3000 1 14 14 10
1 5 0 1 0 0 0 3000 3 11 11 14
1 6 1 1 1 0 0 389 1 14 14 11
1 7 1 0 0 1 0 3000 1 11 11 14
1 8 1 0 0 1 0 3000 1 14 14 11
1 9 1 1 1 0 0 565 1 11 11 14
1 10 0 1 0 0 0 3000 2 4 4 11
1 11 1 0 0 1 0 3000 1 11 11 4
1 12 1 0 0 1 0 3000 1 4 4 11
1 13 0 1 0 0 0 3000 2 9 9 4
1 14 0 1 0 0 0 3000 3 3 3 9
1 15 1 0 0 1 0 3000 1 9 9 3
1 16 1 1 1 0 0 403 1 3 3 9
1 17 0 1 0 0 0 3000 3 3 3 3
1 18 1 0 0 1 0 3000 1 3 3 3
1 19 0 1 0 0 0 3000 3 12 12 3
1 20 0 1 0 0 0 3000 2 9 9 12
1 21 0 1 0 0 0 3000 2 14 14 9
1 22 0 1 0 0 0 3000 2 4 4 14
1 23 0 1 0 0 0 3000 3 11 11 4
1 24 0 1 0 0 0 3000 2 6 6 11
1 25 0 1 0 0 0 3000 3 12 12 6
2 1 0 1 0 0 0 3000 3 12 12 12
2 2 0 1 0 0 0 3000 2 15 15 12
2 3 0 1 0 0 0 3000 3 5 5 15
2 4 0 1 0 0 0 3000 2 12 12 5
2 5 1 0 0 1 0 3000 1 5 5 12
2 6 0 1 0 0 0 3000 2 13 13 5
2 7 0 1 0 0 0 3000 2 1 1 13
2 8 0 1 0 0 0 3000 3 4 4 1
2 9 1 1 1 0 0 401 1 1 1 4
2 10 1 0 0 1 0 3000 1 4 4 1
2 11 0 1 0 0 0 3000 3 11 11 4
2 12 0 1 0 0 0 3000 2 3 3 11
2 13 0 1 0 0 0 3000 3 14 14 3
2 14 0 1 0 0 0 3000 2 14 14 14
2 15 0 1 0 0 0 3000 3 5 5 14
2 16 1 0 0 1 0 3000 1 14 14 5
2 17 0 1 0 0 0 3000 3 3 3 14
2 18 1 1 1 0 0 590 1 14 14 3
2 19 1 0 0 1 0 3000 1 3 3 14
2 20 1 0 0 1 0 3000 1 14 14 3
2 21 0 0 0 0 1 430 2 14 14 14
2 22 1 0 0 1 0 3000 1 14 14 14
2 23 0 1 0 0 0 3000 3 13 13 14
2 24 0 1 0 0 0 3000 3 12 12 13
2 25 0 1 0 0 0 3000 2 5 5 12
3 1 0 1 0 0 0 3000 1 4 4 5
3 2 0 1 0 0 0 3000 1 13 13 4
3 3 0 1 0 0 0 3000 3 14 14 13
3 4 0 1 0 0 0 3000 2 7 7 14
3 5 1 0 0 1 0 3000 1 14 14 7
3 6 0 1 0 0 0 3000 3 4 4 14
3 7 0 1 0 0 0 3000 2 11 11 4
3 8 0 1 0 0 0 3000 3 15 15 11
3 9 0 1 0 0 0 3000 3 9 9 15
3 10 0 1 0 0 0 3000 2 6 6 9
3 11 0 1 0 0 0 3000 3 8 8 6
3 12 1 1 1 0 0 383 1 6 6 8
3 13 1 0 0 1 0 3000 1 8 8 6
3 14 0 1 0 0 0 3000 3 8 8 8
3 15 0 1 0 0 0 3000 3 2 2 8
3 16 0 1 0 0 0 3000 2 1 1 2
3 17 0 1 0 0 0 3000 2 3 3 1
3 18 0 1 0 0 0 3000 2 12 12 3
3 19 0 1 0 0 0 3000 3 15 15 12
3 20 1 0 0 1 0 3000 1 12 12 15
3 21 0 1 0 0 0 3000 2 6 6 12
3 22 1 0 0 1 0 3000 1 12 12 6
3 23 0 1 0 0 0 3000 2 9 9 12
3 24 1 1 1 0 0 699 1 12 12 9
3 25 1 0 0 1 0 3000 1 9 9 12
