1 1 0 1 0 0 0 3000 1 10 10 0
1 2 0 1 0 0 0 3000 2 2 2 10
1 3 0 1 0 0 0 3000 3 1 1 2
1 4 0 1 0 0 0 3000 2 5 5 1
1 5 1 1 1 0 0 2401 1 1 1 5
1 6 0 1 0 0 0 3000 3 8 8 1
1 7 1 0 0 1 0 3000 1 1 1 8
1 8 0 1 0 0 0 3000 2 15 15 1
1 9 0 1 0 0 0 3000 3 4 4 15
1 10 0 1 0 0 0 3000 2 2 2 4
1 11 0 1 0 0 0 3000 3 13 13 2
1 12 0 1 0 0 0 3000 2 7 7 13
1 13 0 1 0 0 0 3000 3 11 11 7
1 14 0 1 0 0 0 3000 2 9 9 11
1 15 0 1 0 0 0 3000 2 4 4 9
1 16 0 1 0 0 0 3000 2 12 12 4
1 17 0 0 0 0 1 753 3 13 13 12
1 18 0 1 0 0 0 3000 2 11 11 13
1 19 0 0 0 0 1 1310 3 9 9 11
1 20 0 1 0 0 0 3000 2 3 3 9
1 21 0 1 0 0 0 3000 3 8 8 3
1 22 1 0 0 1 0 3000 1 3 3 8
1 23 1 1 1 0 0 685 1 8 8 3
1 24 0 1 0 0 0 3000 2 1 1 8
1 25 0 1 0 0 0 3000 2 11 11 1
2 1 0 1 0 0 0 3000 2 7 7 11
2 2 0 1 0 0 0 3000 2 6 6 7
2 3 1 0 0 1 0 3000 1 7 7 6
2 4 1 1 1 0 0 1159 1 6 6 7
2 5 1 1 1 0 0 1540 1 7 7 6
2 6 1 1 1 0 0 915 1 6 6 7
2 7 0 1 0 0 0 3000 3 9 9 6
2 8 0 1 0 0 0 3000 3 7 7 9
2 9 0 1 0 0 0 3000 3 7 7 7
2 10 0 1 0 0 0 3000 2 5 5 7
2 11 0 1 0 0 0 3000 2 14 14 5
2 12 0 1 0 0 0 3000 3 11 11 14
2 13 0 1 0 0 0 3000 2 10 10 11
2 14 1 1 1 0 0 1392 1 11 11 10
2 15 1 1 1 0 0 902 1 10 10 11
2 16 1 1 1 0 0 1631 1 11 11 10
2 17 1 1 1 0 0 1639 1 10 10 11
2 18 0 1 0 0 0 3000 3 7 7 10
2 19 1 1 1 0 0 2989 1 10 10 7
2 20 0 1 0 0 0 3000 3 6 6 10
2 21 0 1 0 0 0 3000 3 2 2 6
2 22 0 1 0 0 0 3000 3 8 8 2
2 23 1 1 1 0 0 991 1 2 2 8
2 24 0 1 0 0 0 3000 2 2 2 2
2 25 1 1 1 0 0 867 1 2 2 2
3 1 0 1 0 0 0 3000 3 5 5 2
3 2 0 1 0 0 0 3000 3 8 8 5
3 3 0 1 0 0 0 3000 3 15 15 8
3 4 0 1 0 0 0 3000 2 9 9 15
3 5 0 0 0 0 1 2371 3 8 8 9
3 6 0 1 0 0 0 3000 3 13 13 8
3 7 0 1 0 0 0 3000 2 4 4 13
3 8 0 1 0 0 0 3000 3 10 10 4
3 9 0 1 0 0 0 3000 2 3 3 10
3 10 0 1 0 0 0 3000 2 13 13 3
3 11 1 1 1 0 0 1737 1 3 3 13
3 12 0 1 0 0 0 3000 3 4 4 3
3 13 0 1 0 0 0 3000 2 1 1 4
3 14 0 1 0 0 0 3000 3 3 3 1
3 15 1 1 1 0 0 1319 1 1 1 3
3 16 0 0 0 0 1 778 3 1 1 1
3 17 0 1 0 0 0 3000 3 4 4 1
3 18 0 1 0 0 0 3000 3 3 3 4
3 19 0 1 0 0 0 3000 3 2 2 3
3 20 0 1 0 0 0 3000 2 11 11 2
3 21 1 1 1 0 0 541 1 2 2 11
3 22 1 1 1 0 0 1113 1 11 11 2
3 23 1 1 1 0 0 689 1 2 2 11
3 24 0 1 0 0 0 3000 3 7 7 2
3 25 0 1 0 0 0 3000 2 14 14 7
