1 1 0 1 0 0 0 3000 1 10 10 0
1 2 0 1 0 0 0 3000 3 15 15 10
1 3 0 1 0 0 0 3000 3 8 8 15
1 4 0 1 0 0 0 3000 2 1 1 8
1 5 1 1 1 0 0 505 1 8 8 1
1 6 0 1 0 0 0 3000 2 5 5 8
1 7 1 1 1 0 0 417 1 8 8 5
1 8 1 0 0 1 0 3000 1 5 5 8
1 9 0 1 0 0 0 3000 2 2 2 5
1 10 0 1 0 0 0 3000 2 7 7 2
1 11 0 1 0 0 0 3000 2 4 4 7
1 12 0 1 0 0 0 3000 2 11 11 4
1 13 0 1 0 0 0 3000 2 10 10 11
1 14 0 1 0 0 0 3000 2 5 5 10
1 15 1 0 0 1 0 3000 1 10 10 5
1 16 1 0 0 1 0 3000 1 5 5 10
1 17 1 0 0 1 0 3000 1 10 10 5
1 18 0 1 0 0 0 3000 3 6 6 10
1 19 1 1 1 0 0 512 1 10 10 6
1 20 0 1 0 0 0 3000 3 14 14 10
1 21 0 1 0 0 0 3000 2 1 1 14
1 22 1 1 1 0 0 342 1 14 14 1
1 23 0 1 0 0 0 3000 3 8 8 14
1 24 0 1 0 0 0 3000 3 3 3 8
1 25 0 1 0 0 0 3000 3 4 4 3
2 1 0 1 0 0 0 3000 2 1 1 4
2 2 0 1 0 0 0 3000 3 11 11 1
2 3 0 1 0 0 0 3000 2 11 11 11
2 4 0 1 0 0 0 3000 2 9 9 11
2 5 1 1 1 0 0 330 1 11 11 9
2 6 0 1 0 0 0 3000 3 12 12 11
2 7 1 0 0 1 0 3000 1 11 11 12
2 8 0 1 0 0 0 3000 3 2 2 11
2 9 0 1 0 0 0 3000 2 7 7 2
2 10 0 1 0 0 0 3000 2 9 9 7
2 11 0 1 0 0 0 3000 3 4 4 9
2 12 0 1 0 0 0 3000 3 12 12 4
2 13 1 1 1 0 0 307 1 4 4 12
2 14 1 1 1 0 0 395 1 12 12 4
2 15 1 1 1 0 0 337 1 4 4 12
2 16 1 1 1 0 0 355 1 12 12 4
2 17 0 1 0 0 0 3000 3 8 8 12
2 18 0 1 0 0 0 3000 3 9 9 8
2 19 1 1 1 0 0 366 1 8 8 9
2 20 0 1 0 0 0 3000 2 15 15 8
2 21 1 1 1 0 0 270 1 8 8 15
2 22 0 1 0 0 0 3000 3 10 10 8
2 23 1 1 1 0 0 286 1 8 8 10
2 24 0 1 0 0 0 3000 2 11 11 8
2 25 0 1 0 0 0 3000 3 12 12 11
3 1 0 1 0 0 0 3000 3 8 8 12
3 2 0 1 0 0 0 3000 1 15 15 8
3 3 0 1 0 0 0 3000 3 1 1 15
3 4 0 1 0 0 0 3000 2 14 14 1
3 5 1 1 1 0 0 425 1 1 1 14
3 6 1 1 1 0 0 496 1 14 14 1
3 7 1 1 1 0 0 306 1 1 1 14
3 8 1 1 1 0 0 333 1 14 14 1
3 9 0 1 0 0 0 3000 3 7 7 14
3 10 0 1 0 0 0 3000 3 5 5 7
3 11 0 1 0 0 0 3000 2 6 6 5
3 12 1 1 1 0 0 298 1 5 5 6
3 13 0 1 0 0 0 3000 2 11 11 5
3 14 0 1 0 0 0 3000 2 3 3 11
3 15 0 1 0 0 0 3000 2 8 8 3
3 16 0 1 0 0 0 3000 3 6 6 8
3 17 1 1 1 0 0 296 1 8 8 6
3 18 0 1 0 0 0 3000 2 4 4 8
3 19 1 0 0 1 0 3000 1 8 8 4
3 20 1 1 1 0 0 382 1 4 4 8
3 21 0 1 0 0 0 3000 3 5 5 4
3 22 1 0 0 1 0 3000 1 4 4 5
3 23 1 1 1 0 0 370 1 5 5 4
3 24 0 1 0 0 0 3000 3 2 2 5
3 25 0 1 0 0 0 3000 2 6 6 2
