1 1 0 1 0 0 0 3000 1 3 3 0
1 2 0 1 0 0 0 3000 1 14 14 3
1 3 0 1 0 0 0 3000 2 14 14 14
1 4 0 1 0 0 0 3000 3 10 10 14
1 5 1 1 1 0 0 1206 1 14 14 10
1 6 1 1 1 0 0 541 1 10 10 14
1 7 0 0 0 0 1 683 2 4 4 10
1 8 0 1 0 0 0 3000 2 11 11 4
1 9 0 1 0 0 0 3000 2 15 15 11
1 10 0 1 0 0 0 3000 3 7 7 15
1 11 1 1 1 0 0 777 1 15 15 7
1 12 0 1 0 0 0 3000 2 8 8 15
1 13 1 1 1 0 0 829 1 15 15 8
1 14 1 1 1 0 0 1006 1 8 8 15
1 15 1 1 1 0 0 624 1 15 15 8
1 16 0 0 0 0 1 1079 3 11 11 15
1 17 1 1 1 0 0 608 1 15 15 11
1 18 1 0 0 1 0 3000 1 11 11 15
1 19 0 1 0 0 0 3000 3 5 5 11
1 20 1 1 1 0 0 444 1 11 11 5
1 21 0 1 0 0 0 3000 3 12 12 11
1 22 0 0 0 0 1 842 3 2 2 12
1 23 0 1 0 0 0 3000 2 3 3 2
1 24 0 0 0 0 1 685 3 5 5 3
1 25 0 1 0 0 0 3000 3 15 15 5
2 1 0 1 0 0 0 3000 1 7 7 15
2 2 0 1 0 0 0 3000 3 3 3 7
2 3 0 1 0 0 0 3000 3 6 6 3
2 4 0 1 0 0 0 3000 3 11 11 6
2 5 0 1 0 0 0 3000 3 9 9 11
2 6 0 0 0 0 1 749 3 3 3 9
2 7 0 0 0 0 1 688 3 3 3 3
2 8 0 1 0 0 0 3000 2 1 1 3
2 9 0 1 0 0 0 3000 2 7 7 1
2 10 1 1 1 0 0 394 1 1 1 7
2 11 0 1 0 0 0 3000 2 15 15 1
2 12 1 1 1 0 0 537 1 1 1 15
2 13 0 1 0 0 0 3000 2 13 13 1
2 14 0 0 0 0 1 677 2 6 6 13
2 15 0 1 0 0 0 3000 3 3 3 6
2 16 1 1 1 0 0 413 1 6 6 3
2 17 1 1 1 0 0 835 1 3 3 6
2 18 1 0 0 1 0 3000 1 6 6 3
2 19 1 1 1 0 0 576 1 3 3 6
2 20 0 1 0 0 0 3000 3 5 5 3
2 21 0 0 0 0 1 901 3 6 6 5
2 22 0 1 0 0 0 3000 2 3 3 6
2 23 0 0 0 0 1 576 3 10 10 3
2 24 1 1 1 0 0 432 1 3 3 10
2 25 0 1 0 0 0 3000 2 12 12 3
3 1 0 1 0 0 0 3000 1 12 12 12
3 2 0 1 0 0 0 3000 1 10 10 12
3 3 0 1 0 0 0 3000 2 5 5 10
3 4 1 1 1 0 0 332 1 10 10 5
3 5 1 1 1 0 0 508 1 5 5 10
3 6 0 1 0 0 0 3000 2 7 7 5
3 7 1 1 1 0 0 586 1 5 5 7
3 8 1 1 1 0 0 593 1 7 7 5
3 9 1 1 1 0 0 502 1 5 5 7
3 10 1 1 1 0 0 430 1 7 7 5
3 11 0 1 0 0 0 3000 3 13 13 7
3 12 1 0 0 1 0 3000 1 7 7 13
3 13 0 0 0 0 1 708 3 12 12 7
3 14 1 0 0 1 0 3000 1 7 7 12
3 15 1 1 1 0 0 656 1 12 12 7
3 16 0 1 0 0 0 3000 2 3 3 12
3 17 0 1 0 0 0 3000 3 8 8 3
3 18 0 1 0 0 0 3000 3 15 15 8
3 19 0 1 0 0 0 3000 3 15 15 15
3 20 1 1 1 0 0 525 1 15 15 15
3 21 0 1 0 0 0 3000 3 14 14 15
3 22 0 1 0 0 0 3000 3 6 6 14
3 23 0 1 0 0 0 3000 3 4 4 6
3 24 0 0 0 0 1 1478 2 7 7 4
3 25 1 1 1 0 0 722 1 4 4 7
