1 1 0 1 0 0 0 3000 3 1 1 0
1 2 0 1 0 0 0 3000 3 11 11 1
1 3 0 1 0 0 0 3000 2 2 2 11
1 4 0 1 0 0 0 3000 2 15 15 2
1 5 0 1 0 0 0 3000 2 14 14 15
1 6 0 1 0 0 0 3000 3 10 10 14
1 7 0 1 0 0 0 3000 2 5 5 10
1 8 0 1 0 0 0 3000 2 12 12 5
1 9 0 0 0 0 1 709 2 2 2 12
1 10 0 1 0 0 0 3000 2 3 3 2
1 11 0 1 0 0 0 3000 2 10 10 3
1 12 1 1 1 0 0 898 1 3 3 10
1 13 0 0 0 0 1 930 2 12 12 3
1 14 0 1 0 0 0 3000 3 9 9 12
1 15 1 1 1 0 0 655 1 12 12 9
1 16 1 1 1 0 0 673 1 9 9 12
1 17 0 0 0 0 1 503 2 3 3 9
1 18 0 1 0 0 0 3000 3 8 8 3
1 19 0 1 0 0 0 3000 3 13 13 8
1 20 0 1 0 0 0 3000 3 12 12 13
1 21 0 1 0 0 0 3000 2 10 10 12
1 22 0 1 0 0 0 3000 3 13 13 10
1 23 1 0 0 1 0 3000 1 10 10 13
1 24 1 1 1 0 0 645 1 13 13 10
1 25 0 1 0 0 0 3000 3 13 13 13
2 1 0 1 0 0 0 3000 3 12 12 13
2 2 0 1 0 0 0 3000 2 9 9 12
2 3 1 1 1 0 0 443 1 12 12 9
2 4 0 1 0 0 0 3000 3 10 10 12
2 5 1 1 1 0 0 543 1 12 12 10
2 6 0 1 0 0 0 3000 3 2 2 12
2 7 0 1 0 0 0 3000 2 5 5 2
2 8 1 1 1 0 0 418 1 2 2 5
2 9 0 1 0 0 0 3000 2 6 6 2
2 10 0 1 0 0 0 3000 3 1 1 6
2 11 0 1 0 0 0 3000 2 4 4 1
2 12 1 1 1 0 0 413 1 1 1 4
2 13 1 1 1 0 0 537 1 4 4 1
2 14 0 1 0 0 0 3000 2 4 4 4
2 15 0 1 0 0 0 3000 3 5 5 4
2 16 1 1 1 0 0 454 1 4 4 5
2 17 1 1 1 0 0 503 1 5 5 4
2 18 1 1 1 0 0 1488 1 4 4 5
2 19 1 1 1 0 0 1054 1 5 5 4
2 20 0 1 0 0 0 3000 3 11 11 5
2 21 0 1 0 0 0 3000 3 14 14 11
2 22 1 1 1 0 0 376 1 11 11 14
2 23 1 1 1 0 0 1241 1 14 14 11
2 24 1 1 1 0 0 596 1 11 11 14
2 25 0 1 0 0 0 3000 3 1 1 11
3 1 0 1 0 0 0 3000 2 14 14 1
3 2 0 1 0 0 0 3000 1 9 9 14
3 3 0 1 0 0 0 3000 2 15 15 9
3 4 0 1 0 0 0 3000 2 4 4 15
3 5 0 1 0 0 0 3000 3 14 14 4
3 6 0 1 0 0 0 3000 3 14 14 14
3 7 0 1 0 0 0 3000 2 3 3 14
3 8 0 1 0 0 0 3000 2 1 1 3
3 9 0 1 0 0 0 3000 2 4 4 1
3 10 0 1 0 0 0 3000 3 14 14 4
3 11 0 1 0 0 0 3000 3 14 14 14
3 12 1 1 1 0 0 434 1 14 14 14
3 13 0 1 0 0 0 3000 2 13 13 14
3 14 0 1 0 0 0 3000 2 15 15 13
3 15 0 1 0 0 0 3000 3 8 8 15
3 16 1 1 1 0 0 451 1 15 15 8
3 17 1 1 1 0 0 1153 1 8 8 15
3 18 1 1 1 0 0 604 1 15 15 8
3 19 0 1 0 0 0 3000 3 1 1 15
3 20 0 1 0 0 0 3000 3 3 3 1
3 21 0 1 0 0 0 3000 3 4 4 3
3 22 0 1 0 0 0 3000 3 11 11 4
3 23 0 1 0 0 0 3000 3 15 15 11
3 24 0 1 0 0 0 3000 2 5 5 15
3 25 1 1 1 0 0 434 1 15 15 5
