1 1 0 1 0 0 0 3000 3 4 4 0
1 2 0 1 0 0 0 3000 1 7 7 4
1 3 0 1 0 0 0 3000 3 5 5 7
1 4 1 1 1 0 0 796 1 7 7 5
1 5 0 1 0 0 0 3000 3 15 15 7
1 6 1 1 1 0 0 1624 1 7 7 15
1 7 0 0 0 0 1 897 3 5 5 7
1 8 1 0 0 1 0 3000 1 7 7 5
1 9 0 1 0 0 0 3000 2 7 7 7
1 10 0 1 0 0 0 3000 3 3 3 7
1 11 1 1 1 0 0 646 1 7 7 3
1 12 1 1 1 0 0 818 1 3 3 7
1 13 0 1 0 0 0 3000 3 15 15 3
1 14 1 1 1 0 0 539 1 3 3 15
1 15 1 1 1 0 0 498 1 15 15 3
1 16 0 1 0 0 0 3000 3 1 1 15
1 17 1 1 1 0 0 502 1 15 15 1
1 18 0 1 0 0 0 3000 3 11 11 15
1 19 0 1 0 0 0 3000 3 12 12 11
1 20 0 1 0 0 0 3000 3 14 14 12
1 21 0 1 0 0 0 3000 2 9 9 14
1 22 1 1 1 0 0 519 1 14 14 9
1 23 0 1 0 0 0 3000 3 3 3 14
1 24 1 1 1 0 0 679 1 14 14 3
1 25 0 1 0 0 0 3000 3 4 4 14
2 1 0 1 0 0 0 3000 2 8 8 4
2 2 0 1 0 0 0 3000 3 5 5 8
2 3 0 1 0 0 0 3000 3 2 2 5
2 4 1 1 1 0 0 756 1 5 5 2
2 5 1 1 1 0 0 1001 1 2 2 5
2 6 0 0 0 0 1 533 3 8 8 2
2 7 1 1 1 0 0 1042 1 2 2 8
2 8 1 1 1 0 0 1098 1 8 8 2
2 9 0 0 0 0 1 945 2 5 5 8
2 10 1 1 1 0 0 608 1 8 8 5
2 11 0 1 0 0 0 3000 3 13 13 8
2 12 1 1 1 0 0 842 1 8 8 13
2 13 1 1 1 0 0 998 1 13 13 8
2 14 0 1 0 0 0 3000 2 1 1 13
2 15 1 1 1 0 0 474 1 13 13 1
2 16 1 1 1 0 0 906 1 1 1 13
2 17 0 0 0 0 1 1236 3 8 8 1
2 18 1 1 1 0 0 860 1 1 1 8
2 19 1 0 0 1 0 3000 1 8 8 1
2 20 0 1 0 0 0 3000 3 2 2 8
2 21 0 0 0 0 1 626 2 2 2 2
2 22 0 1 0 0 0 3000 3 14 14 2
2 23 0 1 0 0 0 3000 3 8 8 14
2 24 0 1 0 0 0 3000 3 6 6 8
2 25 1 1 1 0 0 353 1 8 8 6
3 1 0 1 0 0 0 3000 3 9 9 8
3 2 0 1 0 0 0 3000 1 7 7 9
3 3 0 1 0 0 0 3000 3 4 4 7
3 4 0 1 0 0 0 3000 3 8 8 4
3 5 0 1 0 0 0 3000 3 10 10 8
3 6 1 1 1 0 0 420 1 8 8 10
3 7 0 1 0 0 0 3000 2 2 2 8
3 8 0 1 0 0 0 3000 3 3 3 2
3 9 1 1 1 0 0 876 1 2 2 3
3 10 1 1 1 0 0 980 1 3 3 2
3 11 0 1 0 0 0 3000 3 4 4 3
3 12 0 1 0 0 0 3000 2 8 8 4
3 13 1 1 1 0 0 373 1 4 4 8
3 14 0 1 0 0 0 3000 2 15 15 4
3 15 1 1 1 0 0 551 1 4 4 15
3 16 1 1 1 0 0 562 1 15 15 4
3 17 0 1 0 0 0 3000 2 14 14 15
3 18 0 1 0 0 0 3000 3 13 13 14
3 19 1 1 1 0 0 332 1 14 14 13
3 20 0 1 0 0 0 3000 2 11 11 14
3 21 0 1 0 0 0 3000 2 11 11 11
3 22 1 1 1 0 0 414 1 11 11 11
3 23 0 1 0 0 0 3000 3 5 5 11
3 24 1 1 1 0 0 334 1 11 11 5
3 25 0 1 0 0 0 3000 2 8 8 11
