1 1 0 1 0 0 0 3000 2 7 7 0
1 2 0 1 0 0 0 3000 1 11 11 7
1 3 1 1 1 0 0 429 1 7 7 11
1 4 0 1 0 0 0 3000 3 7 7 7
1 5 0 1 0 0 0 3000 2 14 14 7
1 6 0 1 0 0 0 3000 3 2 2 14
1 7 0 1 0 0 0 3000 2 9 9 2
1 8 1 1 1 0 0 892 1 2 2 9
1 9 0 1 0 0 0 3000 3 15 15 2
1 10 1 1 1 0 0 431 1 2 2 15
1 11 0 1 0 0 0 3000 3 12 12 2
1 12 0 1 0 0 0 3000 2 1 1 12
1 13 1 1 1 0 0 483 1 12 12 1
1 14 1 1 1 0 0 633 1 1 1 12
1 15 1 1 1 0 0 631 1 12 12 1
1 16 0 1 0 0 0 3000 3 4 4 12
1 17 0 1 0 0 0 3000 3 15 15 4
1 18 0 0 0 0 1 376 2 1 1 15
1 19 0 1 0 0 0 3000 2 7 7 1
1 20 1 1 1 0 0 1023 1 1 1 7
1 21 0 1 0 0 0 3000 3 5 5 1
1 22 1 1 1 0 0 440 1 1 1 5
1 23 0 1 0 0 0 3000 2 13 13 1
1 24 0 1 0 0 0 3000 3 11 11 13
1 25 0 1 0 0 0 3000 3 3 3 11
2 1 0 1 0 0 0 3000 2 1 1 3
2 2 0 1 0 0 0 3000 2 9 9 1
2 3 0 1 0 0 0 3000 2 4 4 9
2 4 1 1 1 0 0 549 1 9 9 4
2 5 0 1 0 0 0 3000 2 11 11 9
2 6 0 1 0 0 0 3000 3 15 15 11
2 7 0 1 0 0 0 3000 2 1 1 15
2 8 1 1 1 0 0 401 1 15 15 1
2 9 1 1 1 0 0 532 1 1 1 15
2 10 0 1 0 0 0 3000 3 3 3 1
2 11 1 0 0 1 0 3000 1 1 1 3
2 12 0 1 0 0 0 3000 2 10 10 1
2 13 0 1 0 0 0 3000 3 15 15 10
2 14 0 1 0 0 0 3000 2 9 9 15
2 15 0 1 0 0 0 3000 2 12 12 9
2 16 1 1 1 0 0 511 1 9 9 12
2 17 0 1 0 0 0 3000 3 5 5 9
2 18 1 1 1 0 0 519 1 9 9 5
2 19 0 1 0 0 0 3000 2 14 14 9
2 20 1 1 1 0 0 490 1 9 9 14
2 21 1 1 1 0 0 600 1 14 14 9
2 22 1 1 1 0 0 508 1 9 9 14
2 23 1 1 1 0 0 500 1 14 14 9
2 24 0 1 0 0 0 3000 2 2 2 14
2 25 0 1 0 0 0 3000 3 11 11 2
3 1 0 1 0 0 0 3000 3 13 13 11
3 2 0 1 0 0 0 3000 3 1 1 13
3 3 0 1 0 0 0 3000 3 4 4 1
3 4 1 1 1 0 0 699 1 1 1 4
3 5 0 1 0 0 0 3000 2 14 14 1
3 6 1 1 1 0 0 464 1 1 1 14
3 7 0 1 0 0 0 3000 3 6 6 1
3 8 0 1 0 0 0 3000 3 14 14 6
3 9 0 1 0 0 0 3000 3 9 9 14
3 10 0 1 0 0 0 3000 3 1 1 9
3 11 0 1 0 0 0 3000 3 3 3 1
3 12 0 1 0 0 0 3000 3 10 10 3
3 13 1 1 1 0 0 1506 1 3 3 10
3 14 1 1 1 0 0 678 1 10 10 3
3 15 1 1 1 0 0 499 1 3 3 10
3 16 0 1 0 0 0 3000 3 14 14 3
3 17 1 1 1 0 0 933 1 3 3 14
3 18 0 1 0 0 0 3000 3 12 12 3
3 19 0 1 0 0 0 3000 3 5 5 12
3 20 0 1 0 0 0 3000 3 5 5 5
3 21 0 1 0 0 0 3000 2 13 13 5
3 22 0 1 0 0 0 3000 3 3 3 13
3 23 0 1 0 0 0 3000 3 6 6 3
3 24 1 1 1 0 0 470 1 3 3 6
3 25 0 1 0 0 0 3000 2 1 1 3
