1 1 0 1 0 0 0 3000 1 1 1 0
1 2 0 1 0 0 0 3000 2 10 10 1
1 3 1 1 1 0 0 408 1 1 1 10
1 4 1 0 0 1 0 3000 1 10 10 1
1 5 1 1 1 0 0 1106 1 1 1 10
1 6 0 1 0 0 0 3000 3 2 2 1
1 7 1 1 1 0 0 2201 1 1 1 2
1 8 1 0 0 1 0 3000 1 2 2 1
1 9 1 0 0 1 0 3000 1 1 1 2
1 10 1 0 0 1 0 3000 1 2 2 1
1 11 1 1 1 0 0 385 1 1 1 2
1 12 1 0 0 1 0 3000 1 2 2 1
1 13 0 0 0 0 1 797 2 7 7 2
1 14 1 0 0 1 0 3000 1 2 2 7
1 15 0 1 0 0 0 3000 2 5 5 2
1 16 0 1 0 0 0 3000 3 14 14 5
1 17 1 1 1 0 0 509 1 5 5 14
1 18 0 1 0 0 0 3000 3 2 2 5
1 19 0 0 0 0 1 658 2 11 11 2
1 20 0 1 0 0 0 3000 3 1 1 11
1 21 0 1 0 0 0 3000 2 3 3 1
1 22 1 0 0 1 0 3000 1 1 1 3
1 23 0 1 0 0 0 3000 2 8 8 1
1 24 1 1 1 0 0 393 1 1 1 8
1 25 1 0 0 1 0 3000 1 8 8 1
2 1 0 1 0 0 0 3000 1 4 4 8
2 2 0 1 0 0 0 3000 3 1 1 4
2 3 1 1 1 0 0 376 1 4 4 1
2 4 1 1 1 0 0 544 1 1 1 4
2 5 0 1 0 0 0 3000 2 2 2 1
2 6 0 1 0 0 0 3000 3 14 14 2
2 7 1 1 1 0 0 401 1 2 2 14
2 8 0 1 0 0 0 3000 3 3 3 2
2 9 0 1 0 0 0 3000 3 9 9 3
2 10 1 1 1 0 0 346 1 3 3 9
2 11 1 0 0 1 0 3000 1 9 9 3
2 12 0 1 0 0 0 3000 2 7 7 9
2 13 0 1 0 0 0 3000 3 13 13 7
2 14 1 1 1 0 0 627 1 7 7 13
2 15 1 1 1 0 0 577 1 13 13 7
2 16 0 1 0 0 0 3000 2 2 2 13
2 17 0 1 0 0 0 3000 3 15 15 2
2 18 0 1 0 0 0 3000 3 7 7 15
2 19 1 1 1 0 0 334 1 15 15 7
2 20 1 1 1 0 0 520 1 7 7 15
2 21 0 1 0 0 0 3000 2 6 6 7
2 22 1 1 1 0 0 496 1 7 7 6
2 23 1 1 1 0 0 431 1 6 6 7
2 24 0 1 0 0 0 3000 3 12 12 6
2 25 0 1 0 0 0 3000 3 7 7 12
3 1 0 1 0 0 0 3000 3 4 4 7
3 2 0 1 0 0 0 3000 3 3 3 4
3 3 0 1 0 0 0 3000 2 1 1 3
3 4 0 1 0 0 0 3000 3 4 4 1
3 5 0 1 0 0 0 3000 3 3 3 4
3 6 0 1 0 0 0 3000 2 7 7 3
3 7 0 1 0 0 0 3000 2 14 14 7
3 8 0 1 0 0 0 3000 2 15 15 14
3 9 0 1 0 0 0 3000 2 15 15 15
3 10 0 1 0 0 0 3000 3 6 6 15
3 11 0 1 0 0 0 3000 3 13 13 6
3 12 0 1 0 0 0 3000 2 14 14 13
3 13 0 0 0 0 1 598 2 3 3 14
3 14 0 1 0 0 0 3000 3 15 15 3
3 15 0 1 0 0 0 3000 2 1 1 15
3 16 1 0 0 1 0 3000 1 15 15 1
3 17 0 1 0 0 0 3000 3 2 2 15
3 18 0 1 0 0 0 3000 3 2 2 2
3 19 1 0 0 1 0 3000 1 2 2 2
3 20 0 0 0 0 1 643 2 15 15 2
3 21 0 1 0 0 0 3000 3 6 6 15
3 22 1 0 0 1 0 3000 1 15 15 6
3 23 0 1 0 0 0 3000 2 8 8 15
3 24 0 1 0 0 0 3000 2 3 3 8
3 25 0 1 0 0 0 3000 3 3 3 3
