1 1 0 1 0 0 0 3000 2 8 8 0
1 2 0 1 0 0 0 3000 2 8 8 8
1 3 0 1 0 0 0 3000 2 2 2 8
1 4 1 1 1 0 0 493 1 8 8 2
1 5 0 1 0 0 0 3000 3 14 14 8
1 6 0 1 0 0 0 3000 3 1 1 14
1 7 0 1 0 0 0 3000 3 8 8 1
1 8 1 1 1 0 0 522 1 1 1 8
1 9 1 0 0 1 0 3000 1 8 8 1
1 10 1 1 1 0 0 1317 1 1 1 8
1 11 1 1 1 0 0 1634 1 8 8 1
1 12 0 1 0 0 0 3000 3 2 2 8
1 13 0 1 0 0 0 3000 3 4 4 2
1 14 1 1 1 0 0 346 1 2 2 4
1 15 0 1 0 0 0 3000 3 1 1 2
1 16 0 1 0 0 0 3000 3 10 10 1
1 17 0 1 0 0 0 3000 2 14 14 10
1 18 0 1 0 0 0 3000 2 2 2 14
1 19 0 1 0 0 0 3000 3 6 6 2
1 20 0 1 0 0 0 3000 3 13 13 6
1 21 0 1 0 0 0 3000 3 4 4 13
1 22 0 1 0 0 0 3000 3 2 2 4
1 23 0 1 0 0 0 3000 3 5 5 2
1 24 0 1 0 0 0 3000 3 3 3 5
1 25 1 1 1 0 0 1997 1 5 5 3
2 1 0 1 0 0 0 3000 1 5 5 5
2 2 0 1 0 0 0 3000 3 13 13 5
2 3 1 1 1 0 0 419 1 5 5 13
2 4 1 1 1 0 0 942 1 13 13 5
2 5 0 1 0 0 0 3000 2 6 6 13
2 6 0 1 0 0 0 3000 2 1 1 6
2 7 0 1 0 0 0 3000 3 3 3 1
2 8 0 1 0 0 0 3000 3 11 11 3
2 9 0 1 0 0 0 3000 3 8 8 11
2 10 0 1 0 0 0 3000 3 13 13 8
2 11 1 0 0 1 0 3000 1 8 8 13
2 12 1 1 1 0 0 575 1 13 13 8
2 13 0 1 0 0 0 3000 2 14 14 13
2 14 0 1 0 0 0 3000 2 4 4 14
2 15 1 0 0 1 0 3000 1 14 14 4
2 16 0 1 0 0 0 3000 2 9 9 14
2 17 1 1 1 0 0 617 1 14 14 9
2 18 0 1 0 0 0 3000 3 6 6 14
2 19 1 1 1 0 0 1105 1 14 14 6
2 20 0 1 0 0 0 3000 2 1 1 14
2 21 1 0 0 1 0 3000 1 14 14 1
2 22 0 1 0 0 0 3000 3 8 8 14
2 23 0 1 0 0 0 3000 2 11 11 8
2 24 0 1 0 0 0 3000 3 2 2 11
2 25 0 1 0 0 0 3000 2 1 1 2
3 1 0 1 0 0 0 3000 2 11 11 1
3 2 0 1 0 0 0 3000 2 8 8 11
3 3 0 1 0 0 0 3000 2 14 14 8
3 4 1 1 1 0 0 1479 1 8 8 14
3 5 1 1 1 0 0 1987 1 14 14 8
3 6 0 1 0 0 0 3000 3 2 2 14
3 7 0 1 0 0 0 3000 2 15 15 2
3 8 1 1 1 0 0 371 1 2 2 15
3 9 0 1 0 0 0 3000 2 6 6 2
3 10 0 1 0 0 0 3000 2 13 13 6
3 11 1 1 1 0 0 1361 1 6 6 13
3 12 0 1 0 0 0 3000 3 7 7 6
3 13 1 1 1 0 0 1107 1 6 6 7
3 14 0 1 0 0 0 3000 3 9 9 6
3 15 0 1 0 0 0 3000 2 5 5 9
3 16 1 1 1 0 0 455 1 9 9 5
3 17 0 1 0 0 0 3000 2 4 4 9
3 18 0 0 0 0 1 1136 2 5 5 4
3 19 1 1 1 0 0 1451 1 4 4 5
3 20 0 1 0 0 0 3000 3 11 11 4
3 21 0 1 0 0 0 3000 2 14 14 11
3 22 0 1 0 0 0 3000 2 9 9 14
3 23 0 0 0 0 1 795 3 11 11 9
3 24 0 1 0 0 0 3000 3 8 8 11
3 25 0 1 0 0 0 3000 2 6 6 8
