1 1 0 1 0 0 0 3000 3 4 4 0
1 2 0 1 0 0 0 3000 1 13 13 4
1 3 1 1 1 0 0 832 1 4 4 13
1 4 0 1 0 0 0 3000 2 1 1 4
1 5 0 0 0 0 1 869 3 13 13 1
1 6 1 1 1 0 0 826 1 1 1 13
1 7 0 1 0 0 0 3000 2 1 1 1
1 8 1 0 0 1 0 3000 1 1 1 1
1 9 0 1 0 0 0 3000 2 4 4 1
1 10 0 1 0 0 0 3000 3 2 2 4
1 11 0 1 0 0 0 3000 2 8 8 2
1 12 0 1 0 0 0 3000 3 5 5 8
1 13 1 1 1 0 0 957 1 8 8 5
1 14 0 1 0 0 0 3000 2 8 8 8
1 15 1 0 0 1 0 3000 1 8 8 8
1 16 0 1 0 0 0 3000 3 2 2 8
1 17 1 1 1 0 0 514 1 8 8 2
1 18 0 1 0 0 0 3000 3 10 10 8
1 19 1 1 1 0 0 1427 1 8 8 10
1 20 0 1 0 0 0 3000 3 3 3 8
1 21 0 1 0 0 0 3000 3 12 12 3
1 22 0 1 0 0 0 3000 2 13 13 12
1 23 0 1 0 0 0 3000 3 1 1 13
1 24 0 1 0 0 0 3000 2 7 7 1
1 25 0 1 0 0 0 3000 3 9 9 7
2 1 0 1 0 0 0 3000 1 8 8 9
2 2 0 1 0 0 0 3000 1 2 2 8
2 3 0 1 0 0 0 3000 3 5 5 2
2 4 1 1 1 0 0 659 1 2 2 5
2 5 0 1 0 0 0 3000 2 14 14 2
2 6 0 1 0 0 0 3000 2 6 6 14
2 7 1 1 1 0 0 644 1 14 14 6
2 8 0 1 0 0 0 3000 3 9 9 14
2 9 0 1 0 0 0 3000 3 2 2 9
2 10 0 1 0 0 0 3000 3 11 11 2
2 11 1 1 1 0 0 726 1 2 2 11
2 12 1 0 0 1 0 3000 1 11 11 2
2 13 1 1 1 0 0 1983 1 2 2 11
2 14 0 1 0 0 0 3000 2 4 4 2
2 15 0 1 0 0 0 3000 3 5 5 4
2 16 0 1 0 0 0 3000 3 3 3 5
2 17 0 1 0 0 0 3000 3 11 11 3
2 18 0 1 0 0 0 3000 2 8 8 11
2 19 0 1 0 0 0 3000 2 4 4 8
2 20 1 1 1 0 0 727 1 8 8 4
2 21 1 1 1 0 0 1915 1 4 4 8
2 22 0 1 0 0 0 3000 3 14 14 4
2 23 1 1 1 0 0 978 1 4 4 14
2 24 0 1 0 0 0 3000 3 6 6 4
2 25 0 1 0 0 0 3000 3 5 5 6
3 1 0 1 0 0 0 3000 2 15 15 5
3 2 0 1 0 0 0 3000 2 6 6 15
3 3 0 1 0 0 0 3000 2 9 9 6
3 4 0 1 0 0 0 3000 3 13 13 9
3 5 0 1 0 0 0 3000 3 14 14 13
3 6 0 1 0 0 0 3000 3 9 9 14
3 7 1 1 1 0 0 776 1 14 14 9
3 8 1 1 1 0 0 1046 1 9 9 14
3 9 0 1 0 0 0 3000 2 13 13 9
3 10 0 1 0 0 0 3000 2 6 6 13
3 11 1 1 1 0 0 722 1 13 13 6
3 12 1 0 0 1 0 3000 1 6 6 13
3 13 0 1 0 0 0 3000 2 1 1 6
3 14 1 1 1 0 0 773 1 6 6 1
3 15 0 1 0 0 0 3000 2 13 13 6
3 16 0 1 0 0 0 3000 3 15 15 13
3 17 1 1 1 0 0 547 1 13 13 15
3 18 0 1 0 0 0 3000 2 3 3 13
3 19 0 1 0 0 0 3000 3 2 2 3
3 20 0 1 0 0 0 3000 3 12 12 2
3 21 1 1 1 0 0 496 1 2 2 12
3 22 0 1 0 0 0 3000 3 3 3 2
3 23 0 1 0 0 0 3000 3 8 8 3
3 24 1 1 1 0 0 981 1 3 3 8
3 25 0 1 0 0 0 3000 2 10 10 3
