1 1 0 1 0 0 0 3000 2 4 4 0
1 2 0 1 0 0 0 3000 2 10 10 4
1 3 1 1 1 0 0 565 1 4 4 10
1 4 1 0 0 1 0 3000 1 10 10 4
1 5 1 1 1 0 0 690 1 4 4 10
1 6 0 1 0 0 0 3000 2 14 14 4
1 7 0 1 0 0 0 3000 3 13 13 14
1 8 0 1 0 0 0 3000 3 3 3 13
1 9 0 1 0 0 0 3000 3 11 11 3
1 10 1 1 1 0 0 668 1 3 3 11
1 11 0 1 0 0 0 3000 3 1 1 3
1 12 0 1 0 0 0 3000 3 14 14 1
1 13 0 1 0 0 0 3000 2 13 13 14
1 14 1 1 1 0 0 491 1 14 14 13
1 15 1 0 0 1 0 3000 1 13 13 14
1 16 0 1 0 0 0 3000 2 7 7 13
1 17 0 1 0 0 0 3000 2 14 14 7
1 18 0 1 0 0 0 3000 3 11 11 14
1 19 0 1 0 0 0 3000 2 12 12 11
1 20 0 1 0 0 0 3000 2 2 2 12
1 21 0 0 0 0 1 606 3 2 2 2
1 22 0 1 0 0 0 3000 3 3 3 2
1 23 0 1 0 0 0 3000 3 6 6 3
1 24 0 1 0 0 0 3000 2 15 15 6
1 25 0 1 0 0 0 3000 2 7 7 15
2 1 0 1 0 0 0 3000 3 4 4 7
2 2 0 1 0 0 0 3000 3 1 1 4
2 3 0 1 0 0 0 3000 2 7 7 1
2 4 0 1 0 0 0 3000 3 15 15 7
2 5 0 1 0 0 0 3000 2 6 6 15
2 6 0 1 0 0 0 3000 3 13 13 6
2 7 1 0 0 1 0 3000 1 6 6 13
2 8 0 1 0 0 0 3000 2 15 15 6
2 9 0 1 0 0 0 3000 3 12 12 15
2 10 1 0 0 1 0 3000 1 15 15 12
2 11 1 0 0 1 0 3000 1 12 12 15
2 12 0 1 0 0 0 3000 3 10 10 12
2 13 1 1 1 0 0 560 1 12 12 10
2 14 0 1 0 0 0 3000 3 3 3 12
2 15 1 1 1 0 0 904 1 12 12 3
2 16 0 1 0 0 0 3000 3 9 9 12
2 17 0 1 0 0 0 3000 2 8 8 9
2 18 0 1 0 0 0 3000 2 6 6 8
2 19 0 1 0 0 0 3000 2 2 2 6
2 20 0 1 0 0 0 3000 3 14 14 2
2 21 1 1 1 0 0 403 1 2 2 14
2 22 0 1 0 0 0 3000 3 5 5 2
2 23 0 1 0 0 0 3000 3 1 1 5
2 24 1 1 1 0 0 361 1 5 5 1
2 25 0 1 0 0 0 3000 3 6 6 5
3 1 0 1 0 0 0 3000 1 13 13 6
3 2 0 1 0 0 0 3000 1 11 11 13
3 3 1 1 1 0 0 383 1 13 13 11
3 4 1 1 1 0 0 893 1 11 11 13
3 5 1 1 1 0 0 1227 1 13 13 11
3 6 0 1 0 0 0 3000 3 1 1 13
3 7 0 1 0 0 0 3000 3 1 1 1
3 8 0 1 0 0 0 3000 3 6 6 1
3 9 1 1 1 0 0 427 1 1 1 6
3 10 0 1 0 0 0 3000 3 4 4 1
3 11 0 1 0 0 0 3000 3 15 15 4
3 12 0 0 0 0 1 2848 3 13 13 15
3 13 0 1 0 0 0 3000 3 10 10 13
3 14 0 1 0 0 0 3000 3 5 5 10
3 15 0 1 0 0 0 3000 3 5 5 5
3 16 0 0 0 0 1 501 2 6 6 5
3 17 0 1 0 0 0 3000 3 11 11 6
3 18 0 1 0 0 0 3000 2 10 10 11
3 19 0 1 0 0 0 3000 3 2 2 10
3 20 0 1 0 0 0 3000 2 4 4 2
3 21 0 1 0 0 0 3000 2 3 3 4
3 22 0 1 0 0 0 3000 2 15 15 3
3 23 1 1 1 0 0 710 1 3 3 15
3 24 0 0 0 0 1 651 2 3 3 3
3 25 1 1 1 0 0 751 1 3 3 3
