1 1 0 1 0 0 0 3000 2 14 14 0
1 2 0 1 0 0 0 3000 3 7 7 14
1 3 1 1 1 0 0 504 1 14 14 7
1 4 0 1 0 0 0 3000 2 15 15 14
1 5 0 1 0 0 0 3000 3 3 3 15
1 6 1 1 1 0 0 467 1 15 15 3
1 7 0 1 0 0 0 3000 2 5 5 15
1 8 0 1 0 0 0 3000 3 13 13 5
1 9 0 1 0 0 0 3000 2 15 15 13
1 10 1 0 0 1 0 3000 1 13 13 15
1 11 1 0 0 1 0 3000 1 15 15 13
1 12 1 1 1 0 0 418 1 13 13 15
1 13 0 1 0 0 0 3000 3 8 8 13
1 14 0 1 0 0 0 3000 2 10 10 8
1 15 0 1 0 0 0 3000 3 9 9 10
1 16 1 0 0 1 0 3000 1 10 10 9
1 17 1 0 0 1 0 3000 1 9 9 10
1 18 0 1 0 0 0 3000 2 2 2 9
1 19 0 1 0 0 0 3000 2 7 7 2
1 20 0 1 0 0 0 3000 2 14 14 7
1 21 0 1 0 0 0 3000 3 15 15 14
1 22 0 1 0 0 0 3000 2 2 2 15
1 23 1 0 0 1 0 3000 1 15 15 2
1 24 1 1 1 0 0 478 1 2 2 15
1 25 0 1 0 0 0 3000 2 3 3 2
2 1 0 1 0 0 0 3000 2 7 7 3
2 2 0 1 0 0 0 3000 2 5 5 7
2 3 0 1 0 0 0 3000 3 11 11 5
2 4 1 0 0 1 0 3000 1 5 5 11
2 5 0 1 0 0 0 3000 2 8 8 5
2 6 1 1 1 0 0 365 1 5 5 8
2 7 1 0 0 1 0 3000 1 8 8 5
2 8 1 0 0 1 0 3000 1 5 5 8
2 9 1 1 1 0 0 848 1 8 8 5
2 10 0 1 0 0 0 3000 3 14 14 8
2 11 1 0 0 1 0 3000 1 8 8 14
2 12 1 1 1 0 0 388 1 14 14 8
2 13 0 1 0 0 0 3000 2 13 13 14
2 14 0 1 0 0 0 3000 2 1 1 13
2 15 0 1 0 0 0 3000 2 8 8 1
2 16 0 1 0 0 0 3000 2 10 10 8
2 17 0 1 0 0 0 3000 2 9 9 10
2 18 0 1 0 0 0 3000 3 15 15 9
2 19 0 1 0 0 0 3000 3 6 6 15
2 20 1 0 0 1 0 3000 1 15 15 6
2 21 0 1 0 0 0 3000 3 3 3 15
2 22 1 0 0 1 0 3000 1 15 15 3
2 23 0 1 0 0 0 3000 3 8 8 15
2 24 0 1 0 0 0 3000 3 5 5 8
2 25 0 1 0 0 0 3000 2 9 9 5
3 1 0 1 0 0 0 3000 2 15 15 9
3 2 0 1 0 0 0 3000 1 6 6 15
3 3 1 0 0 1 0 3000 1 15 15 6
3 4 0 1 0 0 0 3000 3 10 10 15
3 5 0 1 0 0 0 3000 2 1 1 10
3 6 1 0 0 1 0 3000 1 10 10 1
3 7 0 1 0 0 0 3000 3 5 5 10
3 8 1 0 0 1 0 3000 1 10 10 5
3 9 1 0 0 1 0 3000 1 5 5 10
3 10 0 1 0 0 0 3000 3 14 14 5
3 11 1 0 0 1 0 3000 1 5 5 14
3 12 1 0 0 1 0 3000 1 14 14 5
3 13 0 1 0 0 0 3000 2 15 15 14
3 14 0 1 0 0 0 3000 2 5 5 15
3 15 1 0 0 1 0 3000 1 15 15 5
3 16 0 1 0 0 0 3000 3 1 1 15
3 17 0 1 0 0 0 3000 3 4 4 1
3 18 0 1 0 0 0 3000 2 11 11 4
3 19 1 1 1 0 0 408 1 4 4 11
3 20 1 0 0 1 0 3000 1 11 11 4
3 21 0 1 0 0 0 3000 3 2 2 11
3 22 0 1 0 0 0 3000 2 8 8 2
3 23 0 1 0 0 0 3000 3 7 7 8
3 24 1 0 0 1 0 3000 1 8 8 7
3 25 0 1 0 0 0 3000 2 1 1 8
