1 1 0 1 0 0 0 3000 3 4 4 0
1 2 0 1 0 0 0 3000 3 13 13 4
1 3 0 1 0 0 0 3000 3 14 14 13
1 4 1 0 0 1 0 3000 1 13 13 14
1 5 0 1 0 0 0 3000 2 4 4 13
1 6 0 1 0 0 0 3000 3 15 15 4
1 7 0 1 0 0 0 3000 3 9 9 15
1 8 1 1 1 0 0 612 1 15 15 9
1 9 1 0 0 1 0 3000 1 9 9 15
1 10 0 1 0 0 0 3000 2 5 5 9
1 11 1 1 1 0 0 366 1 9 9 5
1 12 0 1 0 0 0 3000 2 10 10 9
1 13 0 1 0 0 0 3000 2 3 3 10
1 14 0 1 0 0 0 3000 3 8 8 3
1 15 0 1 0 0 0 3000 2 9 9 8
1 16 1 0 0 1 0 3000 1 8 8 9
1 17 0 1 0 0 0 3000 3 7 7 8
1 18 0 1 0 0 0 3000 2 11 11 7
1 19 0 1 0 0 0 3000 3 14 14 11
1 20 0 1 0 0 0 3000 3 8 8 14
1 21 0 1 0 0 0 3000 3 8 8 8
1 22 0 1 0 0 0 3000 2 9 9 8
1 23 0 1 0 0 0 3000 3 4 4 9
1 24 0 1 0 0 0 3000 2 12 12 4
1 25 0 1 0 0 0 3000 2 10 10 12
2 1 0 1 0 0 0 3000 3 11 11 10
2 2 0 1 0 0 0 3000 1 9 9 11
2 3 0 1 0 0 0 3000 3 1 1 9
2 4 1 1 1 0 0 670 1 9 9 1
2 5 0 1 0 0 0 3000 2 6 6 9
2 6 1 1 1 0 0 785 1 9 9 6
2 7 1 0 0 1 0 3000 1 6 6 9
2 8 1 1 1 0 0 540 1 9 9 6
2 9 0 1 0 0 0 3000 3 1 1 9
2 10 1 1 1 0 0 309 1 9 9 1
2 11 0 0 0 0 1 528 2 9 9 9
2 12 1 0 0 1 0 3000 1 9 9 9
2 13 0 1 0 0 0 3000 2 15 15 9
2 14 0 1 0 0 0 3000 3 13 13 15
2 15 1 1 1 0 0 601 1 15 15 13
2 16 0 1 0 0 0 3000 3 2 2 15
2 17 1 1 1 0 0 325 1 15 15 2
2 18 0 1 0 0 0 3000 2 15 15 15
2 19 0 1 0 0 0 3000 3 12 12 15
2 20 1 1 1 0 0 512 1 15 15 12
2 21 0 1 0 0 0 3000 2 14 14 15
2 22 0 1 0 0 0 3000 2 10 10 14
2 23 1 1 1 0 0 450 1 14 14 10
2 24 1 1 1 0 0 521 1 10 10 14
2 25 0 1 0 0 0 3000 3 12 12 10
3 1 0 1 0 0 0 3000 1 13 13 12
3 2 0 1 0 0 0 3000 2 13 13 13
3 3 0 1 0 0 0 3000 2 9 9 13
3 4 0 1 0 0 0 3000 2 8 8 9
3 5 0 1 0 0 0 3000 2 6 6 8
3 6 1 1 1 0 0 385 1 8 8 6
3 7 1 1 1 0 0 454 1 6 6 8
3 8 0 1 0 0 0 3000 2 12 12 6
3 9 0 1 0 0 0 3000 2 10 10 12
3 10 0 1 0 0 0 3000 2 7 7 10
3 11 0 1 0 0 0 3000 2 2 2 7
3 12 0 1 0 0 0 3000 2 14 14 2
3 13 0 1 0 0 0 3000 2 1 1 14
3 14 0 1 0 0 0 3000 2 1 1 1
3 15 0 1 0 0 0 3000 3 11 11 1
3 16 1 1 1 0 0 421 1 1 1 11
3 17 0 1 0 0 0 3000 2 1 1 1
3 18 0 1 0 0 0 3000 2 12 12 1
3 19 0 1 0 0 0 3000 2 13 13 12
3 20 0 1 0 0 0 3000 2 10 10 13
3 21 0 1 0 0 0 3000 3 4 4 10
3 22 0 1 0 0 0 3000 3 15 15 4
3 23 0 1 0 0 0 3000 3 1 1 15
3 24 0 1 0 0 0 3000 2 6 6 1
3 25 0 1 0 0 0 3000 2 15 15 6
