1 1 0 1 0 0 0 3000 3 12 12 0
1 2 0 1 0 0 0 3000 2 6 6 12
1 3 0 1 0 0 0 3000 3 10 10 6
1 4 0 1 0 0 0 3000 3 10 10 10
1 5 0 1 0 0 0 3000 3 8 8 10
1 6 0 1 0 0 0 3000 2 5 5 8
1 7 1 1 1 0 0 1006 1 8 8 5
1 8 0 1 0 0 0 3000 2 3 3 8
1 9 0 1 0 0 0 3000 3 1 1 3
1 10 0 1 0 0 0 3000 3 13 13 1
1 11 1 1 1 0 0 1541 1 1 1 13
1 12 0 1 0 0 0 3000 3 6 6 1
1 13 0 0 0 0 1 720 2 13 13 6
1 14 0 1 0 0 0 3000 2 11 11 13
1 15 0 1 0 0 0 3000 2 2 2 11
1 16 0 1 0 0 0 3000 3 13 13 2
1 17 0 1 0 0 0 3000 2 4 4 13
1 18 0 1 0 0 0 3000 2 1 1 4
1 19 0 1 0 0 0 3000 3 8 8 1
1 20 0 1 0 0 0 3000 3 12 12 8
1 21 0 1 0 0 0 3000 2 5 5 12
1 22 0 1 0 0 0 3000 2 9 9 5
1 23 0 1 0 0 0 3000 3 4 4 9
1 24 0 1 0 0 0 3000 3 3 3 4
1 25 0 1 0 0 0 3000 2 11 11 3
2 1 0 1 0 0 0 3000 2 9 9 11
2 2 0 1 0 0 0 3000 3 2 2 9
2 3 0 1 0 0 0 3000 3 12 12 2
2 4 0 1 0 0 0 3000 3 7 7 12
2 5 1 1 1 0 0 1134 1 12 12 7
2 6 0 1 0 0 0 3000 3 3 3 12
2 7 1 0 0 1 0 3000 1 12 12 3
2 8 0 1 0 0 0 3000 2 13 13 12
2 9 0 1 0 0 0 3000 3 10 10 13
2 10 0 1 0 0 0 3000 2 8 8 10
2 11 0 1 0 0 0 3000 2 3 3 8
2 12 0 1 0 0 0 3000 2 15 15 3
2 13 0 1 0 0 0 3000 2 12 12 15
2 14 0 1 0 0 0 3000 3 4 4 12
2 15 0 1 0 0 0 3000 2 8 8 4
2 16 1 1 1 0 0 793 1 4 4 8
2 17 1 0 0 1 0 3000 1 8 8 4
2 18 0 1 0 0 0 3000 3 2 2 8
2 19 1 1 1 0 0 685 1 8 8 2
2 20 1 1 1 0 0 722 1 2 2 8
2 21 0 1 0 0 0 3000 2 10 10 2
2 22 0 1 0 0 0 3000 3 13 13 10
2 23 0 1 0 0 0 3000 3 2 2 13
2 24 0 1 0 0 0 3000 2 6 6 2
2 25 0 1 0 0 0 3000 2 7 7 6
3 1 0 1 0 0 0 3000 1 9 9 7
3 2 0 1 0 0 0 3000 3 8 8 9
3 3 0 1 0 0 0 3000 3 1 1 8
3 4 0 1 0 0 0 3000 2 15 15 1
3 5 0 1 0 0 0 3000 3 10 10 15
3 6 1 1 1 0 0 717 1 15 15 10
3 7 0 1 0 0 0 3000 3 13 13 15
3 8 0 1 0 0 0 3000 3 8 8 13
3 9 1 1 1 0 0 628 1 13 13 8
3 10 1 1 1 0 0 889 1 8 8 13
3 11 0 1 0 0 0 3000 3 3 3 8
3 12 1 1 1 0 0 744 1 8 8 3
3 13 0 1 0 0 0 3000 3 6 6 8
3 14 0 1 0 0 0 3000 2 4 4 6
3 15 0 1 0 0 0 3000 3 10 10 4
3 16 1 1 1 0 0 1034 1 4 4 10
3 17 0 1 0 0 0 3000 2 4 4 4
3 18 0 1 0 0 0 3000 3 13 13 4
3 19 1 1 1 0 0 598 1 4 4 13
3 20 0 1 0 0 0 3000 2 15 15 4
3 21 0 1 0 0 0 3000 2 8 8 15
3 22 1 1 1 0 0 487 1 15 15 8
3 23 1 1 1 0 0 568 1 8 8 15
3 24 0 1 0 0 0 3000 3 3 3 8
3 25 0 0 0 0 1 404 2 15 15 3
