1 1 0 1 0 0 0 3000 1 3 3 0
1 2 0 1 0 0 0 3000 1 2 2 3
1 3 0 1 0 0 0 3000 3 2 2 2
1 4 0 1 0 0 0 3000 2 11 11 2
1 5 1 1 1 0 0 657 1 2 2 11
1 6 0 1 0 0 0 3000 2 3 3 2
1 7 1 0 0 1 0 3000 1 2 2 3
1 8 1 1 1 0 0 591 1 3 3 2
1 9 0 1 0 0 0 3000 3 11 11 3
1 10 1 0 0 1 0 3000 1 3 3 11
1 11 1 1 1 0 0 372 1 11 11 3
1 12 0 1 0 0 0 3000 2 8 8 11
1 13 0 1 0 0 0 3000 3 5 5 8
1 14 0 1 0 0 0 3000 2 5 5 5
1 15 0 1 0 0 0 3000 3 6 6 5
1 16 1 1 1 0 0 372 1 5 5 6
1 17 0 1 0 0 0 3000 2 11 11 5
1 18 1 0 0 1 0 3000 1 5 5 11
1 19 0 1 0 0 0 3000 3 15 15 5
1 20 1 1 1 0 0 419 1 5 5 15
1 21 0 1 0 0 0 3000 2 10 10 5
1 22 1 0 0 1 0 3000 1 5 5 10
1 23 0 1 0 0 0 3000 2 3 3 5
1 24 0 1 0 0 0 3000 2 13 13 3
1 25 0 1 0 0 0 3000 3 4 4 13
2 1 0 1 0 0 0 3000 1 9 9 4
2 2 0 1 0 0 0 3000 1 10 10 9
2 3 1 1 1 0 0 649 1 9 9 10
2 4 0 1 0 0 0 3000 3 2 2 9
2 5 1 1 1 0 0 1503 1 9 9 2
2 6 1 0 0 1 0 3000 1 2 2 9
2 7 0 1 0 0 0 3000 2 15 15 2
2 8 0 1 0 0 0 3000 2 8 8 15
2 9 0 1 0 0 0 3000 3 14 14 8
2 10 0 1 0 0 0 3000 3 11 11 14
2 11 0 1 0 0 0 3000 2 5 5 11
2 12 0 1 0 0 0 3000 2 15 15 5
2 13 0 1 0 0 0 3000 2 11 11 15
2 14 1 1 1 0 0 416 1 15 15 11
2 15 0 1 0 0 0 3000 2 13 13 15
2 16 1 1 1 0 0 1004 1 15 15 13
2 17 0 1 0 0 0 3000 3 12 12 15
2 18 0 1 0 0 0 3000 2 8 8 12
2 19 1 0 0 1 0 3000 1 12 12 8
2 20 0 1 0 0 0 3000 2 11 11 12
2 21 0 1 0 0 0 3000 2 13 13 11
2 22 1 1 1 0 0 1750 1 11 11 13
2 23 0 1 0 0 0 3000 2 12 12 11
2 24 0 1 0 0 0 3000 2 3 3 12
2 25 0 1 0 0 0 3000 3 2 2 3
3 1 0 1 0 0 0 3000 3 14 14 2
3 2 0 1 0 0 0 3000 1 1 1 14
3 3 0 1 0 0 0 3000 3 5 5 1
3 4 0 1 0 0 0 3000 2 5 5 5
3 5 0 1 0 0 0 3000 3 3 3 5
3 6 0 1 0 0 0 3000 2 2 2 3
3 7 0 1 0 0 0 3000 2 6 6 2
3 8 0 1 0 0 0 3000 2 14 14 6
3 9 1 1 1 0 0 548 1 6 6 14
3 10 0 1 0 0 0 3000 3 6 6 6
3 11 0 1 0 0 0 3000 2 12 12 6
3 12 1 1 1 0 0 433 1 6 6 12
3 13 1 0 0 1 0 3000 1 12 12 6
3 14 1 1 1 0 0 457 1 6 6 12
3 15 0 1 0 0 0 3000 3 10 10 6
3 16 0 1 0 0 0 3000 2 8 8 10
3 17 0 1 0 0 0 3000 2 11 11 8
3 18 0 1 0 0 0 3000 3 3 3 11
3 19 0 1 0 0 0 3000 2 15 15 3
3 20 0 1 0 0 0 3000 3 15 15 15
3 21 0 1 0 0 0 3000 2 13 13 15
3 22 1 1 1 0 0 818 1 15 15 13
3 23 0 1 0 0 0 3000 3 3 3 15
3 24 1 0 0 1 0 3000 1 15 15 3
3 25 0 1 0 0 0 3000 3 2 2 15
