1 1 0 1 0 0 0 3000 1 4 4 0
1 2 0 1 0 0 0 3000 1 11 11 4
1 3 1 1 1 0 0 1756 1 4 4 11
1 4 0 1 0 0 0 3000 3 14 14 4
1 5 1 1 1 0 0 707 1 4 4 14
1 6 0 1 0 0 0 3000 2 9 9 4
1 7 0 0 0 0 1 1808 3 14 14 9
1 8 1 1 1 0 0 787 1 9 9 14
1 9 0 1 0 0 0 3000 2 6 6 9
1 10 0 1 0 0 0 3000 2 1 1 6
1 11 0 1 0 0 0 3000 2 3 3 1
1 12 0 1 0 0 0 3000 3 14 14 3
1 13 0 1 0 0 0 3000 3 5 5 14
1 14 0 1 0 0 0 3000 3 2 2 5
1 15 1 1 1 0 0 446 1 5 5 2
1 16 0 1 0 0 0 3000 2 13 13 5
1 17 0 1 0 0 0 3000 3 13 13 13
1 18 1 1 1 0 0 412 1 13 13 13
1 19 1 1 1 0 0 524 1 13 13 13
1 20 0 1 0 0 0 3000 3 6 6 13
1 21 1 1 1 0 0 771 1 13 13 6
1 22 0 1 0 0 0 3000 3 5 5 13
1 23 0 1 0 0 0 3000 3 14 14 5
1 24 1 1 1 0 0 521 1 5 5 14
1 25 0 1 0 0 0 3000 2 5 5 5
2 1 0 1 0 0 0 3000 1 6 6 5
2 2 0 1 0 0 0 3000 1 7 7 6
2 3 1 1 1 0 0 482 1 6 6 7
2 4 0 1 0 0 0 3000 3 10 10 6
2 5 0 1 0 0 0 3000 2 1 1 10
2 6 1 1 1 0 0 490 1 10 10 1
2 7 0 1 0 0 0 3000 3 7 7 10
2 8 0 1 0 0 0 3000 3 2 2 7
2 9 0 1 0 0 0 3000 3 8 8 2
2 10 1 1 1 0 0 501 1 2 2 8
2 11 1 1 1 0 0 455 1 8 8 2
2 12 0 1 0 0 0 3000 2 6 6 8
2 13 1 0 0 1 0 3000 1 8 8 6
2 14 1 1 1 0 0 719 1 6 6 8
2 15 1 1 1 0 0 776 1 8 8 6
2 16 0 1 0 0 0 3000 3 11 11 8
2 17 0 1 0 0 0 3000 3 12 12 11
2 18 0 1 0 0 0 3000 2 7 7 12
2 19 0 1 0 0 0 3000 3 8 8 7
2 20 1 1 1 0 0 703 1 7 7 8
2 21 1 1 1 0 0 604 1 8 8 7
2 22 1 1 1 0 0 471 1 7 7 8
2 23 0 0 0 0 1 442 3 7 7 7
2 24 1 1 1 0 0 814 1 7 7 7
2 25 0 1 0 0 0 3000 2 12 12 7
3 1 0 1 0 0 0 3000 1 10 10 12
3 2 0 1 0 0 0 3000 2 3 3 10
3 3 0 1 0 0 0 3000 3 1 1 3
3 4 0 1 0 0 0 3000 3 12 12 1
3 5 1 1 1 0 0 410 1 1 1 12
3 6 0 1 0 0 0 3000 3 8 8 1
3 7 0 1 0 0 0 3000 3 13 13 8
3 8 1 1 1 0 0 414 1 8 8 13
3 9 1 1 1 0 0 451 1 13 13 8
3 10 0 1 0 0 0 3000 2 7 7 13
3 11 0 1 0 0 0 3000 2 14 14 7
3 12 0 1 0 0 0 3000 2 3 3 14
3 13 0 1 0 0 0 3000 2 4 4 3
3 14 1 1 1 0 0 400 1 3 3 4
3 15 0 1 0 0 0 3000 3 14 14 3
3 16 1 0 0 1 0 3000 1 3 3 14
3 17 0 1 0 0 0 3000 3 10 10 3
3 18 0 1 0 0 0 3000 2 2 2 10
3 19 0 1 0 0 0 3000 3 6 6 2
3 20 0 1 0 0 0 3000 3 3 3 6
3 21 0 1 0 0 0 3000 2 8 8 3
3 22 0 1 0 0 0 3000 3 13 13 8
3 23 0 1 0 0 0 3000 2 5 5 13
3 24 0 1 0 0 0 3000 2 7 7 5
3 25 0 1 0 0 0 3000 3 8 8 7
