1 1 0 1 0 0 0 3000 2 3 3 0
1 2 0 1 0 0 0 3000 1 15 15 3
1 3 1 0 0 1 0 3000 1 3 3 15
1 4 0 1 0 0 0 3000 2 6 6 3
1 5 0 1 0 0 0 3000 2 10 10 6
1 6 0 1 0 0 0 3000 2 8 8 10
1 7 1 0 0 1 0 3000 1 10 10 8
1 8 0 1 0 0 0 3000 3 15 15 10
1 9 0 1 0 0 0 3000 3 8 8 15
1 10 1 0 0 1 0 3000 1 15 15 8
1 11 1 0 0 1 0 3000 1 8 8 15
1 12 0 1 0 0 0 3000 2 5 5 8
1 13 1 0 0 1 0 3000 1 8 8 5
1 14 0 0 0 0 1 394 3 15 15 8
1 15 0 1 0 0 0 3000 3 14 14 15
1 16 0 0 0 0 1 248 2 2 2 14
1 17 1 0 0 1 0 3000 1 14 14 2
1 18 0 0 0 0 1 1141 3 14 14 14
1 19 0 1 0 0 0 3000 3 8 8 14
1 20 0 0 0 0 1 716 2 2 2 8
1 21 0 1 0 0 0 3000 3 14 14 2
1 22 0 1 0 0 0 3000 3 13 13 14
1 23 1 0 0 1 0 3000 1 14 14 13
1 24 1 1 1 0 0 611 1 13 13 14
1 25 0 1 0 0 0 3000 3 8 8 13
2 1 0 1 0 0 0 3000 2 14 14 8
2 2 0 1 0 0 0 3000 1 4 4 14
2 3 0 1 0 0 0 3000 2 9 9 4
2 4 1 1 1 0 0 826 1 4 4 9
2 5 1 1 1 0 0 1257 1 9 9 4
2 6 0 1 0 0 0 3000 2 13 13 9
2 7 0 1 0 0 0 3000 3 12 12 13
2 8 1 0 0 1 0 3000 1 13 13 12
2 9 0 1 0 0 0 3000 2 10 10 13
2 10 1 1 1 0 0 363 1 13 13 10
2 11 0 1 0 0 0 3000 2 2 2 13
2 12 0 0 0 0 1 398 2 1 1 2
2 13 0 1 0 0 0 3000 3 9 9 1
2 14 0 0 0 0 1 223 3 4 4 9
2 15 0 1 0 0 0 3000 2 11 11 4
2 16 1 1 1 0 0 573 1 4 4 11
2 17 0 0 0 0 1 659 3 13 13 4
2 18 0 1 0 0 0 3000 3 5 5 13
2 19 1 1 1 0 0 787 1 13 13 5
2 20 1 1 1 0 0 659 1 5 5 13
2 21 0 1 0 0 0 3000 3 8 8 5
2 22 1 1 1 0 0 438 1 5 5 8
2 23 1 1 1 0 0 528 1 8 8 5
2 24 0 1 0 0 0 3000 2 3 3 8
2 25 0 0 0 0 1 673 3 3 3 3
3 1 0 1 0 0 0 3000 3 9 9 3
3 2 0 1 0 0 0 3000 2 6 6 9
3 3 0 1 0 0 0 3000 2 10 10 6
3 4 0 1 0 0 0 3000 3 1 1 10
3 5 0 0 0 0 1 534 2 8 8 1
3 6 0 1 0 0 0 3000 2 6 6 8
3 7 0 0 0 0 1 455 2 7 7 6
3 8 0 1 0 0 0 3000 3 10 10 7
3 9 1 0 0 1 0 3000 1 7 7 10
3 10 0 0 0 0 1 482 2 9 9 7
3 11 0 1 0 0 0 3000 3 4 4 9
3 12 1 1 1 0 0 415 1 9 9 4
3 13 1 1 1 0 0 468 1 4 4 9
3 14 0 0 0 0 1 681 3 10 10 4
3 15 0 1 0 0 0 3000 3 5 5 10
3 16 0 1 0 0 0 3000 2 13 13 5
3 17 1 1 1 0 0 536 1 5 5 13
3 18 0 1 0 0 0 3000 3 9 9 5
3 19 0 1 0 0 0 3000 2 2 2 9
3 20 0 1 0 0 0 3000 2 1 1 2
3 21 0 0 0 0 1 568 2 1 1 1
3 22 0 0 0 0 1 629 2 13 13 1
3 23 0 1 0 0 0 3000 2 8 8 13
3 24 1 0 0 1 0 3000 1 13 13 8
3 25 1 1 1 0 0 396 1 8 8 13
