1 1 0 1 0 0 0 3000 2 12 12 0
1 2 0 1 0 0 0 3000 2 4 4 12
1 3 0 1 0 0 0 3000 3 2 2 4
1 4 1 0 0 1 0 3000 1 4 4 2
1 5 0 1 0 0 0 3000 3 9 9 4
1 6 0 1 0 0 0 3000 3 15 15 9
1 7 1 0 0 1 0 3000 1 9 9 15
1 8 1 0 0 1 0 3000 1 15 15 9
1 9 1 0 0 1 0 3000 1 9 9 15
1 10 1 0 0 1 0 3000 1 15 15 9
1 11 0 1 0 0 0 3000 3 15 15 15
1 12 0 1 0 0 0 3000 3 6 6 15
1 13 0 1 0 0 0 3000 3 4 4 6
1 14 0 1 0 0 0 3000 2 3 3 4
1 15 1 0 0 1 0 3000 1 4 4 3
1 16 0 1 0 0 0 3000 3 13 13 4
1 17 1 0 0 1 0 3000 1 4 4 13
1 18 0 1 0 0 0 3000 3 5 5 4
1 19 0 1 0 0 0 3000 3 7 7 5
1 20 0 0 0 0 1 451 3 12 12 7
1 21 0 1 0 0 0 3000 2 4 4 12
1 22 0 1 0 0 0 3000 2 15 15 4
1 23 0 1 0 0 0 3000 3 9 9 15
1 24 0 1 0 0 0 3000 2 5 5 9
1 25 0 1 0 0 0 3000 3 6 6 5
2 1 0 1 0 0 0 3000 2 15 15 6
2 2 0 1 0 0 0 3000 2 10 10 15
2 3 0 1 0 0 0 3000 2 3 3 10
2 4 0 1 0 0 0 3000 2 12 12 3
2 5 0 1 0 0 0 3000 3 6 6 12
2 6 0 1 0 0 0 3000 3 7 7 6
2 7 0 1 0 0 0 3000 3 7 7 7
2 8 1 0 0 1 0 3000 1 7 7 7
2 9 1 1 1 0 0 551 1 7 7 7
2 10 0 1 0 0 0 3000 3 2 2 7
2 11 1 0 0 1 0 3000 1 7 7 2
2 12 0 1 0 0 0 3000 2 8 8 7
2 13 1 0 0 1 0 3000 1 7 7 8
2 14 0 1 0 0 0 3000 2 4 4 7
2 15 1 0 0 1 0 3000 1 7 7 4
2 16 0 1 0 0 0 3000 3 9 9 7
2 17 1 1 1 0 0 587 1 7 7 9
2 18 1 1 1 0 0 730 1 9 9 7
2 19 0 0 0 0 1 522 2 8 8 9
2 20 1 0 0 1 0 3000 1 9 9 8
2 21 1 1 1 0 0 673 1 8 8 9
2 22 0 1 0 0 0 3000 2 12 12 8
2 23 0 1 0 0 0 3000 2 2 2 12
2 24 1 1 1 0 0 615 1 12 12 2
2 25 0 1 0 0 0 3000 3 12 12 12
3 1 0 1 0 0 0 3000 1 11 11 12
3 2 0 1 0 0 0 3000 2 2 2 11
3 3 1 1 1 0 0 710 1 11 11 2
3 4 0 1 0 0 0 3000 2 15 15 11
3 5 1 0 0 1 0 3000 1 11 11 15
3 6 1 1 1 0 0 346 1 15 15 11
3 7 0 1 0 0 0 3000 3 15 15 15
3 8 0 1 0 0 0 3000 3 2 2 15
3 9 1 0 0 1 0 3000 1 15 15 2
3 10 0 1 0 0 0 3000 2 8 8 15
3 11 1 1 1 0 0 509 1 15 15 8
3 12 1 0 0 1 0 3000 1 8 8 15
3 13 1 1 1 0 0 388 1 15 15 8
3 14 1 0 0 1 0 3000 1 8 8 15
3 15 1 0 0 1 0 3000 1 15 15 8
3 16 1 1 1 0 0 650 1 8 8 15
3 17 0 1 0 0 0 3000 2 11 11 8
3 18 0 1 0 0 0 3000 3 11 11 11
3 19 0 1 0 0 0 3000 2 14 14 11
3 20 0 1 0 0 0 3000 3 8 8 14
3 21 0 1 0 0 0 3000 3 6 6 8
3 22 1 1 1 0 0 515 1 8 8 6
3 23 0 1 0 0 0 3000 3 9 9 8
3 24 0 1 0 0 0 3000 3 7 7 9
3 25 0 1 0 0 0 3000 3 4 4 7
