1 1 0 1 0 0 0 3000 2 3 3 0
1 2 0 1 0 0 0 3000 2 12 12 3
1 3 0 1 0 0 0 3000 2 11 11 12
1 4 1 0 0 1 0 3000 1 12 12 11
1 5 0 1 0 0 0 3000 3 14 14 12
1 6 0 1 0 0 0 3000 2 6 6 14
1 7 0 1 0 0 0 3000 3 9 9 6
1 8 0 1 0 0 0 3000 3 12 12 9
1 9 0 0 0 0 1 1175 3 8 8 12
1 10 0 0 0 0 1 718 3 14 14 8
1 11 1 1 1 0 0 502 1 8 8 14
1 12 0 0 0 0 1 408 2 2 2 8
1 13 0 1 0 0 0 3000 3 11 11 2
1 14 0 1 0 0 0 3000 3 14 14 11
1 15 1 1 1 0 0 398 1 11 11 14
1 16 0 0 0 0 1 381 2 9 9 11
1 17 1 0 0 1 0 3000 1 11 11 9
1 18 1 1 1 0 0 312 1 9 9 11
1 19 0 0 0 0 1 391 2 2 2 9
1 20 1 0 0 1 0 3000 1 9 9 2
1 21 0 0 0 0 1 752 2 5 5 9
1 22 0 1 0 0 0 3000 2 10 10 5
1 23 1 0 0 1 0 3000 1 5 5 10
1 24 1 0 0 1 0 3000 1 10 10 5
1 25 0 0 0 0 1 528 3 10 10 10
2 1 0 0 0 0 1 2361 3 9 9 10
2 2 0 0 0 0 1 2077 2 11 11 9
2 3 1 1 1 0 0 831 1 9 9 11
2 4 1 1 1 0 0 364 1 11 11 9
2 5 0 0 0 0 1 28 2 5 5 11
2 6 0 0 0 0 1 449 3 12 12 5
2 7 0 0 0 0 1 454 2 2 2 12
2 8 0 0 0 0 1 1396 2 3 3 2
2 9 1 1 1 0 0 1716 1 2 2 3
2 10 0 1 0 0 0 3000 2 11 11 2
2 11 1 1 1 0 0 201 1 2 2 11
2 12 0 0 0 0 1 1288 2 6 6 2
2 13 1 1 1 0 0 2539 1 2 2 6
2 14 1 0 0 1 0 3000 1 6 6 2
2 15 0 0 0 0 1 2766 3 4 4 6
2 16 0 1 0 0 0 3000 3 5 5 4
2 17 0 1 0 0 0 3000 3 3 3 5
2 18 0 0 0 0 1 490 3 3 3 3
2 19 1 1 1 0 0 2903 1 3 3 3
2 20 0 1 0 0 0 3000 3 14 14 3
2 21 0 0 0 0 1 767 2 1 1 14
2 22 1 0 0 1 0 3000 1 14 14 1
2 23 0 1 0 0 0 3000 3 8 8 14
2 24 1 0 0 1 0 3000 1 14 14 8
2 25 0 1 0 0 0 3000 3 11 11 14
3 1 0 0 0 0 1 1041 3 11 11 11
3 2 0 0 0 0 1 732 2 13 13 11
3 3 1 1 1 0 0 664 1 11 11 13
3 4 0 0 0 0 1 747 3 10 10 11
3 5 0 1 0 0 0 3000 3 5 5 10
3 6 0 0 0 0 1 865 3 12 12 5
3 7 0 0 0 0 1 2913 2 7 7 12
3 8 1 0 0 1 0 3000 1 12 12 7
3 9 0 0 0 0 1 1815 2 11 11 12
3 10 0 0 0 0 1 1699 3 3 3 11
3 11 0 0 0 0 1 2645 2 10 10 3
3 12 1 1 1 0 0 773 1 3 3 10
3 13 0 0 0 0 1 468 2 5 5 3
3 14 1 1 1 0 0 1598 1 3 3 5
3 15 0 0 0 0 1 830 2 6 6 3
3 16 0 0 0 0 1 936 2 11 11 6
3 17 0 0 0 0 1 2372 3 11 11 11
3 18 0 0 0 0 1 1984 3 10 10 11
3 19 0 0 0 0 1 636 3 6 6 10
3 20 0 0 0 0 1 796 2 7 7 6
3 21 1 0 0 1 0 3000 1 6 6 7
3 22 0 0 0 0 1 1372 3 4 4 6
3 23 0 0 0 0 1 845 2 7 7 4
3 24 0 0 0 0 1 135 3 10 10 7
3 25 0 0 0 0 1 1993 2 6 6 10
