1 1 0 1 0 0 0 3000 1 3 3 0
1 2 0 1 0 0 0 3000 2 7 7 3
1 3 0 1 0 0 0 3000 3 14 14 7
1 4 0 1 0 0 0 3000 2 4 4 14
1 5 1 1 1 0 0 933 1 14 14 4
1 6 0 1 0 0 0 3000 2 9 9 14
1 7 0 1 0 0 0 3000 3 13 13 9
1 8 0 1 0 0 0 3000 2 6 6 13
1 9 0 1 0 0 0 3000 2 2 2 6
1 10 1 1 1 0 0 583 1 6 6 2
1 11 0 1 0 0 0 3000 2 1 1 6
1 12 1 0 0 1 0 3000 1 6 6 1
1 13 0 1 0 0 0 3000 2 6 6 6
1 14 0 1 0 0 0 3000 3 9 9 6
1 15 0 1 0 0 0 3000 3 10 10 9
1 16 0 1 0 0 0 3000 3 8 8 10
1 17 1 1 1 0 0 373 1 10 10 8
1 18 1 0 0 1 0 3000 1 8 8 10
1 19 1 0 0 1 0 3000 1 10 10 8
1 20 0 1 0 0 0 3000 2 1 1 10
1 21 1 1 1 0 0 343 1 10 10 1
1 22 1 0 0 1 0 3000 1 1 1 10
1 23 0 1 0 0 0 3000 2 7 7 1
1 24 0 1 0 0 0 3000 3 15 15 7
1 25 0 1 0 0 0 3000 3 12 12 15
2 1 0 1 0 0 0 3000 2 10 10 12
2 2 0 1 0 0 0 3000 3 7 7 10
2 3 1 1 1 0 0 417 1 10 10 7
2 4 0 1 0 0 0 3000 2 9 9 10
2 5 1 1 1 0 0 443 1 10 10 9
2 6 1 0 0 1 0 3000 1 9 9 10
2 7 0 1 0 0 0 3000 2 7 7 9
2 8 0 1 0 0 0 3000 2 7 7 7
2 9 0 1 0 0 0 3000 3 12 12 7
2 10 1 1 1 0 0 322 1 7 7 12
2 11 1 1 1 0 0 510 1 12 12 7
2 12 0 1 0 0 0 3000 2 14 14 12
2 13 0 1 0 0 0 3000 2 5 5 14
2 14 0 1 0 0 0 3000 3 13 13 5
2 15 0 1 0 0 0 3000 3 14 14 13
2 16 0 1 0 0 0 3000 3 6 6 14
2 17 0 1 0 0 0 3000 2 10 10 6
2 18 0 1 0 0 0 3000 2 15 15 10
2 19 0 1 0 0 0 3000 2 11 11 15
2 20 0 1 0 0 0 3000 2 12 12 11
2 21 0 1 0 0 0 3000 3 13 13 12
2 22 0 1 0 0 0 3000 3 13 13 13
2 23 0 1 0 0 0 3000 3 7 7 13
2 24 1 1 1 0 0 364 1 13 13 7
2 25 1 1 1 0 0 1055 1 7 7 13
3 1 0 1 0 0 0 3000 1 15 15 7
3 2 0 1 0 0 0 3000 1 1 1 15
3 3 0 1 0 0 0 3000 3 10 10 1
3 4 1 1 1 0 0 361 1 1 1 10
3 5 0 1 0 0 0 3000 3 3 3 1
3 6 0 1 0 0 0 3000 2 3 3 3
3 7 0 1 0 0 0 3000 3 8 8 3
3 8 0 1 0 0 0 3000 3 9 9 8
3 9 1 1 1 0 0 411 1 8 8 9
3 10 0 1 0 0 0 3000 3 3 3 8
3 11 0 1 0 0 0 3000 2 4 4 3
3 12 0 1 0 0 0 3000 2 10 10 4
3 13 0 1 0 0 0 3000 3 8 8 10
3 14 0 1 0 0 0 3000 3 1 1 8
3 15 0 1 0 0 0 3000 2 2 2 1
3 16 1 1 1 0 0 533 1 1 1 2
3 17 1 1 1 0 0 966 1 2 2 1
3 18 0 1 0 0 0 3000 2 13 13 2
3 19 1 0 0 1 0 3000 1 2 2 13
3 20 0 1 0 0 0 3000 3 5 5 2
3 21 1 1 1 0 0 409 1 2 2 5
3 22 0 1 0 0 0 3000 2 11 11 2
3 23 1 0 0 1 0 3000 1 2 2 11
3 24 1 1 1 0 0 342 1 11 11 2
3 25 0 1 0 0 0 3000 2 8 8 11
