1 1 0 1 0 0 0 3000 2 6 6 0
1 2 0 1 0 0 0 3000 1 12 12 6
1 3 0 1 0 0 0 3000 3 1 1 12
1 4 1 1 1 0 0 467 1 12 12 1
1 5 0 1 0 0 0 3000 2 3 3 12
1 6 0 1 0 0 0 3000 3 2 2 3
1 7 1 1 1 0 0 406 1 3 3 2
1 8 1 1 1 0 0 1061 1 2 2 3
1 9 0 1 0 0 0 3000 2 11 11 2
1 10 0 1 0 0 0 3000 2 14 14 11
1 11 0 1 0 0 0 3000 2 8 8 14
1 12 0 1 0 0 0 3000 2 1 1 8
1 13 0 1 0 0 0 3000 2 4 4 1
1 14 0 1 0 0 0 3000 2 9 9 4
1 15 1 0 0 1 0 3000 1 4 4 9
1 16 0 0 0 0 1 572 3 14 14 4
1 17 0 1 0 0 0 3000 3 15 15 14
1 18 1 1 1 0 0 549 1 14 14 15
1 19 0 1 0 0 0 3000 3 11 11 14
1 20 1 0 0 1 0 3000 1 14 14 11
1 21 0 0 0 0 1 383 3 10 10 14
1 22 0 1 0 0 0 3000 3 4 4 10
1 23 0 1 0 0 0 3000 3 5 5 4
1 24 0 1 0 0 0 3000 3 15 15 5
1 25 0 1 0 0 0 3000 2 9 9 15
2 1 0 1 0 0 0 3000 2 11 11 9
2 2 0 1 0 0 0 3000 3 14 14 11
2 3 0 1 0 0 0 3000 3 8 8 14
2 4 0 1 0 0 0 3000 3 4 4 8
2 5 0 1 0 0 0 3000 3 4 4 4
2 6 0 1 0 0 0 3000 2 12 12 4
2 7 0 1 0 0 0 3000 2 7 7 12
2 8 0 1 0 0 0 3000 2 5 5 7
2 9 1 1 1 0 0 413 1 7 7 5
2 10 1 1 1 0 0 1192 1 5 5 7
2 11 1 1 1 0 0 898 1 7 7 5
2 12 1 1 1 0 0 486 1 5 5 7
2 13 1 1 1 0 0 437 1 7 7 5
2 14 0 1 0 0 0 3000 3 11 11 7
2 15 1 0 0 1 0 3000 1 7 7 11
2 16 1 1 1 0 0 540 1 11 11 7
2 17 0 0 0 0 1 978 3 11 11 11
2 18 0 1 0 0 0 3000 3 3 3 11
2 19 1 1 1 0 0 445 1 11 11 3
2 20 1 1 1 0 0 743 1 3 3 11
2 21 1 1 1 0 0 363 1 11 11 3
2 22 0 1 0 0 0 3000 3 14 14 11
2 23 0 1 0 0 0 3000 3 7 7 14
2 24 1 1 1 0 0 595 1 14 14 7
2 25 0 1 0 0 0 3000 3 9 9 14
3 1 0 1 0 0 0 3000 2 2 2 9
3 2 0 1 0 0 0 3000 1 13 13 2
3 3 0 1 0 0 0 3000 3 1 1 13
3 4 1 1 1 0 0 535 1 13 13 1
3 5 0 1 0 0 0 3000 2 10 10 13
3 6 1 1 1 0 0 617 1 13 13 10
3 7 0 1 0 0 0 3000 2 6 6 13
3 8 0 1 0 0 0 3000 2 11 11 6
3 9 0 1 0 0 0 3000 2 14 14 11
3 10 1 1 1 0 0 433 1 11 11 14
3 11 0 1 0 0 0 3000 2 3 3 11
3 12 0 1 0 0 0 3000 2 9 9 3
3 13 0 1 0 0 0 3000 3 6 6 9
3 14 0 1 0 0 0 3000 3 8 8 6
3 15 0 1 0 0 0 3000 2 4 4 8
3 16 1 1 1 0 0 602 1 8 8 4
3 17 0 1 0 0 0 3000 2 8 8 8
3 18 0 1 0 0 0 3000 3 7 7 8
3 19 0 1 0 0 0 3000 2 9 9 7
3 20 1 1 1 0 0 406 1 7 7 9
3 21 0 1 0 0 0 3000 3 4 4 7
3 22 1 1 1 0 0 416 1 7 7 4
3 23 0 1 0 0 0 3000 2 8 8 7
3 24 0 1 0 0 0 3000 2 11 11 8
3 25 0 1 0 0 0 3000 3 15 15 11
