1 1 0 1 0 0 0 3000 1 5 5 0
1 2 0 1 0 0 0 3000 1 3 3 5
1 3 1 1 1 0 0 456 1 5 5 3
1 4 1 0 0 1 0 3000 1 3 3 5
1 5 1 1 1 0 0 693 1 5 5 3
1 6 1 0 0 1 0 3000 1 3 3 5
1 7 0 1 0 0 0 3000 2 4 4 3
1 8 0 1 0 0 0 3000 3 5 5 4
1 9 1 1 1 0 0 366 1 4 4 5
1 10 0 1 0 0 0 3000 3 7 7 4
1 11 1 1 1 0 0 322 1 4 4 7
1 12 0 1 0 0 0 3000 2 10 10 4
1 13 0 1 0 0 0 3000 3 13 13 10
1 14 0 1 0 0 0 3000 2 15 15 13
1 15 0 1 0 0 0 3000 3 7 7 15
1 16 0 1 0 0 0 3000 2 10 10 7
1 17 0 1 0 0 0 3000 2 5 5 10
1 18 0 1 0 0 0 3000 2 1 1 5
1 19 0 0 0 0 1 559 3 13 13 1
1 20 1 0 0 1 0 3000 1 1 1 13
1 21 0 1 0 0 0 3000 2 2 2 1
1 22 0 1 0 0 0 3000 2 15 15 2
1 23 0 1 0 0 0 3000 2 13 13 15
1 24 0 1 0 0 0 3000 3 5 5 13
1 25 0 1 0 0 0 3000 2 3 3 5
2 1 0 1 0 0 0 3000 3 7 7 3
2 2 0 1 0 0 0 3000 1 12 12 7
2 3 0 1 0 0 0 3000 3 5 5 12
2 4 1 1 1 0 0 351 1 12 12 5
2 5 0 1 0 0 0 3000 2 12 12 12
2 6 0 0 0 0 1 580 3 2 2 12
2 7 0 1 0 0 0 3000 2 1 1 2
2 8 0 1 0 0 0 3000 3 4 4 1
2 9 0 1 0 0 0 3000 2 8 8 4
2 10 1 1 1 0 0 310 1 4 4 8
2 11 0 1 0 0 0 3000 2 2 2 4
2 12 0 1 0 0 0 3000 3 2 2 2
2 13 1 1 1 0 0 357 1 2 2 2
2 14 1 0 0 1 0 3000 1 2 2 2
2 15 0 1 0 0 0 3000 3 10 10 2
2 16 0 1 0 0 0 3000 3 5 5 10
2 17 0 1 0 0 0 3000 2 12 12 5
2 18 0 1 0 0 0 3000 3 9 9 12
2 19 0 1 0 0 0 3000 2 4 4 9
2 20 0 1 0 0 0 3000 2 7 7 4
2 21 1 1 1 0 0 342 1 4 4 7
2 22 0 1 0 0 0 3000 3 13 13 4
2 23 1 1 1 0 0 439 1 4 4 13
2 24 0 1 0 0 0 3000 3 1 1 4
2 25 1 1 1 0 0 323 1 4 4 1
3 1 0 1 0 0 0 3000 2 9 9 4
3 2 0 1 0 0 0 3000 3 9 9 9
3 3 1 1 1 0 0 418 1 9 9 9
3 4 0 1 0 0 0 3000 3 15 15 9
3 5 0 1 0 0 0 3000 2 8 8 15
3 6 0 1 0 0 0 3000 2 9 9 8
3 7 0 1 0 0 0 3000 3 9 9 9
3 8 0 1 0 0 0 3000 2 12 12 9
3 9 1 1 1 0 0 341 1 9 9 12
3 10 0 1 0 0 0 3000 3 1 1 9
3 11 1 1 1 0 0 785 1 9 9 1
3 12 0 1 0 0 0 3000 3 8 8 9
3 13 0 1 0 0 0 3000 2 14 14 8
3 14 0 1 0 0 0 3000 2 14 14 14
3 15 0 1 0 0 0 3000 3 2 2 14
3 16 0 1 0 0 0 3000 3 15 15 2
3 17 0 1 0 0 0 3000 3 6 6 15
3 18 0 1 0 0 0 3000 3 13 13 6
3 19 1 1 1 0 0 387 1 6 6 13
3 20 1 0 0 1 0 3000 1 13 13 6
3 21 0 1 0 0 0 3000 3 3 3 13
3 22 1 1 1 0 0 340 1 13 13 3
3 23 1 0 0 1 0 3000 1 3 3 13
3 24 0 1 0 0 0 3000 2 3 3 3
3 25 1 1 1 0 0 297 1 3 3 3
