1 1 0 1 0 0 0 3000 2 15 15 0
1 2 0 1 0 0 0 3000 3 7 7 15
1 3 0 1 0 0 0 3000 3 4 4 7
1 4 1 0 0 1 0 3000 1 7 7 4
1 5 0 1 0 0 0 3000 3 14 14 7
1 6 0 1 0 0 0 3000 3 13 13 14
1 7 0 1 0 0 0 3000 2 13 13 13
1 8 1 0 0 1 0 3000 1 13 13 13
1 9 0 1 0 0 0 3000 2 8 8 13
1 10 0 1 0 0 0 3000 3 11 11 8
1 11 0 1 0 0 0 3000 3 10 10 11
1 12 1 0 0 1 0 3000 1 11 11 10
1 13 1 1 1 0 0 822 1 10 10 11
1 14 0 1 0 0 0 3000 2 12 12 10
1 15 0 1 0 0 0 3000 3 2 2 12
1 16 0 1 0 0 0 3000 3 5 5 2
1 17 0 1 0 0 0 3000 3 5 5 5
1 18 0 1 0 0 0 3000 3 2 2 5
1 19 0 1 0 0 0 3000 2 2 2 2
1 20 0 1 0 0 0 3000 2 9 9 2
1 21 0 1 0 0 0 3000 3 5 5 9
1 22 0 1 0 0 0 3000 2 10 10 5
1 23 0 1 0 0 0 3000 3 4 4 10
1 24 1 0 0 1 0 3000 1 10 10 4
1 25 0 1 0 0 0 3000 2 7 7 10
2 1 0 1 0 0 0 3000 2 2 2 7
2 2 0 1 0 0 0 3000 2 2 2 2
2 3 1 1 1 0 0 479 1 2 2 2
2 4 0 1 0 0 0 3000 2 11 11 2
2 5 0 1 0 0 0 3000 3 15 15 11
2 6 0 1 0 0 0 3000 2 13 13 15
2 7 0 1 0 0 0 3000 3 3 3 13
2 8 0 1 0 0 0 3000 2 4 4 3
2 9 1 0 0 1 0 3000 1 3 3 4
2 10 1 0 0 1 0 3000 1 4 4 3
2 11 0 1 0 0 0 3000 2 7 7 4
2 12 0 1 0 0 0 3000 2 1 1 7
2 13 1 0 0 1 0 3000 1 7 7 1
2 14 1 0 0 1 0 3000 1 1 1 7
2 15 0 1 0 0 0 3000 2 6 6 1
2 16 0 1 0 0 0 3000 3 9 9 6
2 17 0 1 0 0 0 3000 3 7 7 9
2 18 1 1 1 0 0 443 1 9 9 7
2 19 1 0 0 1 0 3000 1 7 7 9
2 20 0 1 0 0 0 3000 3 13 13 7
2 21 0 1 0 0 0 3000 2 11 11 13
2 22 0 1 0 0 0 3000 2 7 7 11
2 23 1 0 0 1 0 3000 1 11 11 7
2 24 0 1 0 0 0 3000 3 3 3 11
2 25 0 1 0 0 0 3000 3 6 6 3
3 1 0 1 0 0 0 3000 3 13 13 6
3 2 0 1 0 0 0 3000 1 12 12 13
3 3 0 1 0 0 0 3000 3 12 12 12
3 4 0 1 0 0 0 3000 2 14 14 12
3 5 0 1 0 0 0 3000 2 15 15 14
3 6 1 1 1 0 0 417 1 14 14 15
3 7 1 0 0 1 0 3000 1 15 15 14
3 8 1 0 0 1 0 3000 1 14 14 15
3 9 0 1 0 0 0 3000 3 10 10 14
3 10 0 1 0 0 0 3000 2 3 3 10
3 11 0 1 0 0 0 3000 2 13 13 3
3 12 0 1 0 0 0 3000 3 8 8 13
3 13 0 1 0 0 0 3000 2 9 9 8
3 14 0 1 0 0 0 3000 3 4 4 9
3 15 0 1 0 0 0 3000 3 7 7 4
3 16 0 1 0 0 0 3000 3 9 9 7
3 17 1 1 1 0 0 556 1 7 7 9
3 18 1 0 0 1 0 3000 1 9 9 7
3 19 0 0 0 0 1 665 3 9 9 9
3 20 1 0 0 1 0 3000 1 9 9 9
3 21 1 0 0 1 0 3000 1 9 9 9
3 22 0 1 0 0 0 3000 2 5 5 9
3 23 0 1 0 0 0 3000 2 15 15 5
3 24 0 1 0 0 0 3000 3 6 6 15
3 25 0 1 0 0 0 3000 2 2 2 6
