1 1 0 1 0 0 0 3000 3 6 6 0
1 2 0 1 0 0 0 3000 3 4 4 6
1 3 0 1 0 0 0 3000 3 13 13 4
1 4 0 1 0 0 0 3000 3 11 11 13
1 5 0 1 0 0 0 3000 2 14 14 11
1 6 0 1 0 0 0 3000 2 2 2 14
1 7 0 1 0 0 0 3000 3 8 8 2
1 8 0 1 0 0 0 3000 3 3 3 8
1 9 1 1 1 0 0 1879 1 8 8 3
1 10 0 1 0 0 0 3000 3 6 6 8
1 11 1 1 1 0 0 1828 1 8 8 6
1 12 0 1 0 0 0 3000 2 9 9 8
1 13 1 1 1 0 0 1128 1 8 8 9
1 14 0 1 0 0 0 3000 2 13 13 8
1 15 1 1 1 0 0 1075 1 8 8 13
1 16 0 0 0 0 1 1129 2 8 8 8
1 17 1 1 1 0 0 1181 1 8 8 8
1 18 0 1 0 0 0 3000 3 2 2 8
1 19 0 1 0 0 0 3000 2 14 14 2
1 20 0 1 0 0 0 3000 3 7 7 14
1 21 0 1 0 0 0 3000 2 1 1 7
1 22 0 0 0 0 1 1107 2 14 14 1
1 23 0 1 0 0 0 3000 3 8 8 14
1 24 1 1 1 0 0 1047 1 14 14 8
1 25 1 1 1 0 0 1288 1 8 8 14
2 1 0 1 0 0 0 3000 1 6 6 8
2 2 0 1 0 0 0 3000 2 2 2 6
2 3 0 1 0 0 0 3000 2 13 13 2
2 4 0 0 0 0 1 1564 2 13 13 13
2 5 0 1 0 0 0 3000 3 12 12 13
2 6 1 1 1 0 0 1261 1 13 13 12
2 7 1 1 1 0 0 1937 1 12 12 13
2 8 0 1 0 0 0 3000 2 9 9 12
2 9 0 1 0 0 0 3000 2 1 1 9
2 10 0 0 0 0 1 1148 3 2 2 1
2 11 1 1 1 0 0 1236 1 1 1 2
2 12 0 0 0 0 1 1217 2 1 1 1
2 13 0 1 0 0 0 3000 2 14 14 1
2 14 0 1 0 0 0 3000 3 5 5 14
2 15 1 0 0 1 0 3000 1 14 14 5
2 16 1 0 0 1 0 3000 1 5 5 14
2 17 1 1 1 0 0 1077 1 14 14 5
2 18 1 0 0 1 0 3000 1 5 5 14
2 19 1 0 0 1 0 3000 1 14 14 5
2 20 0 1 0 0 0 3000 3 11 11 14
2 21 0 1 0 0 0 3000 2 10 10 11
2 22 1 0 0 1 0 3000 1 11 11 10
2 23 0 1 0 0 0 3000 2 12 12 11
2 24 1 1 1 0 0 1173 1 11 11 12
2 25 1 1 1 0 0 1304 1 12 12 11
3 1 0 1 0 0 0 3000 2 10 10 12
3 2 0 1 0 0 0 3000 2 1 1 10
3 3 1 1 1 0 0 593 1 10 10 1
3 4 1 1 1 0 0 779 1 1 1 10
3 5 0 1 0 0 0 3000 2 5 5 1
3 6 0 1 0 0 0 3000 2 11 11 5
3 7 0 0 0 0 1 769 3 1 1 11
3 8 1 1 1 0 0 867 1 11 11 1
3 9 1 1 1 0 0 1027 1 1 1 11
3 10 0 0 0 0 1 1365 2 10 10 1
3 11 1 0 0 1 0 3000 1 1 1 10
3 12 0 0 0 0 1 2579 3 5 5 1
3 13 1 0 0 1 0 3000 1 1 1 5
3 14 0 1 0 0 0 3000 2 7 7 1
3 15 0 0 0 0 1 1286 2 11 11 7
3 16 1 0 0 1 0 3000 1 7 7 11
3 17 0 1 0 0 0 3000 2 8 8 7
3 18 0 1 0 0 0 3000 2 5 5 8
3 19 0 1 0 0 0 3000 3 13 13 5
3 20 1 1 1 0 0 804 1 5 5 13
3 21 0 1 0 0 0 3000 2 14 14 5
3 22 0 1 0 0 0 3000 3 9 9 14
3 23 0 0 0 0 1 1162 2 8 8 9
3 24 1 0 0 1 0 3000 1 9 9 8
3 25 1 1 1 0 0 678 1 8 8 9
