1 1 0 1 0 0 0 3000 3 3 3 0
1 2 0 1 0 0 0 3000 1 10 10 3
1 3 1 1 1 0 0 494 1 3 3 10
1 4 0 1 0 0 0 3000 2 14 14 3
1 5 0 1 0 0 0 3000 2 1 1 14
1 6 1 0 0 1 0 3000 1 14 14 1
1 7 0 1 0 0 0 3000 3 8 8 14
1 8 0 1 0 0 0 3000 3 7 7 8
1 9 1 0 0 1 0 3000 1 8 8 7
1 10 1 0 0 1 0 3000 1 7 7 8
1 11 1 1 1 0 0 435 1 8 8 7
1 12 0 1 0 0 0 3000 2 6 6 8
1 13 0 1 0 0 0 3000 2 6 6 6
1 14 0 1 0 0 0 3000 3 10 10 6
1 15 0 1 0 0 0 3000 3 14 14 10
1 16 0 1 0 0 0 3000 3 9 9 14
1 17 1 1 1 0 0 560 1 14 14 9
1 18 1 0 0 1 0 3000 1 9 9 14
1 19 1 0 0 1 0 3000 1 14 14 9
1 20 0 1 0 0 0 3000 2 2 2 14
1 21 0 1 0 0 0 3000 3 5 5 2
1 22 0 0 0 0 1 558 3 14 14 5
1 23 0 1 0 0 0 3000 2 12 12 14
1 24 1 1 1 0 0 515 1 14 14 12
1 25 1 1 1 0 0 1059 1 12 12 14
2 1 0 1 0 0 0 3000 1 2 2 12
2 2 0 1 0 0 0 3000 2 4 4 2
2 3 0 1 0 0 0 3000 3 7 7 4
2 4 1 1 1 0 0 401 1 4 4 7
2 5 1 0 0 1 0 3000 1 7 7 4
2 6 1 1 1 0 0 511 1 4 4 7
2 7 1 1 1 0 0 1848 1 7 7 4
2 8 1 1 1 0 0 582 1 4 4 7
2 9 0 0 0 0 1 542 3 14 14 4
2 10 0 1 0 0 0 3000 3 5 5 14
2 11 0 1 0 0 0 3000 2 12 12 5
2 12 1 1 1 0 0 571 1 5 5 12
2 13 0 1 0 0 0 3000 3 10 10 5
2 14 1 1 1 0 0 1459 1 5 5 10
2 15 1 1 1 0 0 621 1 10 10 5
2 16 0 1 0 0 0 3000 2 15 15 10
2 17 1 0 0 1 0 3000 1 10 10 15
2 18 0 1 0 0 0 3000 3 4 4 10
2 19 0 0 0 0 1 889 3 2 2 4
2 20 0 1 0 0 0 3000 2 1 1 2
2 21 0 0 0 0 1 655 3 10 10 1
2 22 0 1 0 0 0 3000 3 8 8 10
2 23 0 0 0 0 1 1347 3 13 13 8
2 24 1 1 1 0 0 1119 1 8 8 13
2 25 0 1 0 0 0 3000 3 7 7 8
3 1 0 1 0 0 0 3000 2 9 9 7
3 2 0 1 0 0 0 3000 3 9 9 9
3 3 0 1 0 0 0 3000 2 3 3 9
3 4 0 1 0 0 0 3000 3 1 1 3
3 5 0 1 0 0 0 3000 3 8 8 1
3 6 0 1 0 0 0 3000 3 7 7 8
3 7 0 0 0 0 1 783 2 10 10 7
3 8 1 1 1 0 0 845 1 7 7 10
3 9 0 1 0 0 0 3000 3 11 11 7
3 10 0 0 0 0 1 706 3 1 1 11
3 11 0 1 0 0 0 3000 3 10 10 1
3 12 1 1 1 0 0 1149 1 1 1 10
3 13 0 1 0 0 0 3000 2 4 4 1
3 14 1 0 0 1 0 3000 1 1 1 4
3 15 1 1 1 0 0 508 1 4 4 1
3 16 0 1 0 0 0 3000 3 10 10 4
3 17 1 1 1 0 0 681 1 4 4 10
3 18 0 1 0 0 0 3000 2 1 1 4
3 19 0 0 0 0 1 459 3 3 3 1
3 20 1 1 1 0 0 840 1 1 1 3
3 21 0 1 0 0 0 3000 2 4 4 1
3 22 0 0 0 0 1 836 2 8 8 4
3 23 0 1 0 0 0 3000 3 11 11 8
3 24 0 0 0 0 1 701 3 6 6 11
3 25 0 1 0 0 0 3000 2 13 13 6
