1 1 0 1 0 0 0 3000 1 12 12 0
1 2 0 1 0 0 0 3000 1 10 10 12
1 3 1 0 0 1 0 3000 1 12 12 10
1 4 0 1 0 0 0 3000 3 13 13 12
1 5 0 1 0 0 0 3000 2 10 10 13
1 6 1 1 1 0 0 772 1 13 13 10
1 7 0 1 0 0 0 3000 2 6 6 13
1 8 0 1 0 0 0 3000 2 14 14 6
1 9 0 1 0 0 0 3000 2 2 2 14
1 10 0 1 0 0 0 3000 2 8 8 2
1 11 0 1 0 0 0 3000 2 10 10 8
1 12 0 0 0 0 1 1096 3 2 2 10
1 13 0 1 0 0 0 3000 3 9 9 2
1 14 1 0 0 1 0 3000 1 2 2 9
1 15 0 1 0 0 0 3000 3 5 5 2
1 16 1 1 1 0 0 498 1 2 2 5
1 17 0 1 0 0 0 3000 2 9 9 2
1 18 0 1 0 0 0 3000 2 9 9 9
1 19 0 1 0 0 0 3000 2 3 3 9
1 20 0 1 0 0 0 3000 3 12 12 3
1 21 0 1 0 0 0 3000 3 8 8 12
1 22 1 1 1 0 0 476 1 12 12 8
1 23 0 1 0 0 0 3000 2 4 4 12
1 24 0 1 0 0 0 3000 2 11 11 4
1 25 0 1 0 0 0 3000 3 10 10 11
2 1 0 1 0 0 0 3000 1 15 15 10
2 2 0 1 0 0 0 3000 2 4 4 15
2 3 0 1 0 0 0 3000 2 13 13 4
2 4 1 1 1 0 0 1264 1 4 4 13
2 5 0 1 0 0 0 3000 2 11 11 4
2 6 1 0 0 1 0 3000 1 4 4 11
2 7 0 1 0 0 0 3000 2 15 15 4
2 8 0 1 0 0 0 3000 3 14 14 15
2 9 1 1 1 0 0 429 1 15 15 14
2 10 0 1 0 0 0 3000 2 2 2 15
2 11 1 0 0 1 0 3000 1 15 15 2
2 12 1 1 1 0 0 420 1 2 2 15
2 13 0 1 0 0 0 3000 2 12 12 2
2 14 1 1 1 0 0 430 1 2 2 12
2 15 1 1 1 0 0 721 1 12 12 2
2 16 0 1 0 0 0 3000 2 9 9 12
2 17 0 1 0 0 0 3000 2 13 13 9
2 18 0 1 0 0 0 3000 3 2 2 13
2 19 1 1 1 0 0 834 1 13 13 2
2 20 1 0 0 1 0 3000 1 2 2 13
2 21 0 1 0 0 0 3000 3 1 1 2
2 22 1 1 1 0 0 366 1 2 2 1
2 23 0 1 0 0 0 3000 3 12 12 2
2 24 0 1 0 0 0 3000 3 11 11 12
2 25 0 1 0 0 0 3000 2 14 14 11
3 1 0 1 0 0 0 3000 1 12 12 14
3 2 0 1 0 0 0 3000 3 10 10 12
3 3 0 1 0 0 0 3000 3 7 7 10
3 4 0 1 0 0 0 3000 2 3 3 7
3 5 0 1 0 0 0 3000 2 4 4 3
3 6 0 1 0 0 0 3000 3 14 14 4
3 7 1 1 1 0 0 654 1 4 4 14
3 8 1 1 1 0 0 683 1 14 14 4
3 9 1 1 1 0 0 431 1 4 4 14
3 10 0 1 0 0 0 3000 3 9 9 4
3 11 1 1 1 0 0 381 1 4 4 9
3 12 0 1 0 0 0 3000 2 3 3 4
3 13 0 1 0 0 0 3000 2 7 7 3
3 14 1 1 1 0 0 617 1 3 3 7
3 15 0 1 0 0 0 3000 3 2 2 3
3 16 1 0 0 1 0 3000 1 3 3 2
3 17 0 1 0 0 0 3000 2 6 6 3
3 18 1 1 1 0 0 390 1 3 3 6
3 19 0 1 0 0 0 3000 2 13 13 3
3 20 0 0 0 0 1 828 2 6 6 13
3 21 1 1 1 0 0 748 1 13 13 6
3 22 1 1 1 0 0 543 1 6 6 13
3 23 0 1 0 0 0 3000 3 12 12 6
3 24 0 1 0 0 0 3000 3 15 15 12
3 25 1 1 1 0 0 362 1 12 12 15
