1 1 0 1 0 0 0 3000 3 13 13 0
1 2 0 1 0 0 0 3000 3 14 14 13
1 3 0 1 0 0 0 3000 3 15 15 14
1 4 1 1 1 0 0 773 1 14 14 15
1 5 1 1 1 0 0 984 1 15 15 14
1 6 0 1 0 0 0 3000 3 6 6 15
1 7 0 1 0 0 0 3000 3 8 8 6
1 8 0 1 0 0 0 3000 2 1 1 8
1 9 1 1 1 0 0 670 1 8 8 1
1 10 0 1 0 0 0 3000 3 11 11 8
1 11 0 1 0 0 0 3000 3 14 14 11
1 12 1 1 1 0 0 496 1 11 11 14
1 13 1 1 1 0 0 984 1 14 14 11
1 14 0 0 0 0 1 826 2 14 14 14
1 15 0 1 0 0 0 3000 3 9 9 14
1 16 0 1 0 0 0 3000 2 13 13 9
1 17 1 1 1 0 0 385 1 9 9 13
1 18 0 1 0 0 0 3000 3 14 14 9
1 19 1 1 1 0 0 500 1 9 9 14
1 20 0 1 0 0 0 3000 2 15 15 9
1 21 0 1 0 0 0 3000 2 10 10 15
1 22 0 1 0 0 0 3000 3 8 8 10
1 23 0 1 0 0 0 3000 2 3 3 8
1 24 0 0 0 0 1 521 2 15 15 3
1 25 1 1 1 0 0 624 1 3 3 15
2 1 0 1 0 0 0 3000 1 7 7 3
2 2 0 1 0 0 0 3000 2 1 1 7
2 3 0 1 0 0 0 3000 2 5 5 1
2 4 1 1 1 0 0 489 1 1 1 5
2 5 0 1 0 0 0 3000 3 13 13 1
2 6 0 0 0 0 1 365 3 5 5 13
2 7 1 1 1 0 0 666 1 13 13 5
2 8 0 1 0 0 0 3000 3 4 4 13
2 9 1 1 1 0 0 530 1 13 13 4
2 10 0 1 0 0 0 3000 2 7 7 13
2 11 0 1 0 0 0 3000 2 5 5 7
2 12 1 1 1 0 0 447 1 7 7 5
2 13 1 1 1 0 0 462 1 5 5 7
2 14 0 1 0 0 0 3000 2 15 15 5
2 15 1 0 0 1 0 3000 1 5 5 15
2 16 1 1 1 0 0 437 1 15 15 5
2 17 0 1 0 0 0 3000 2 8 8 15
2 18 0 1 0 0 0 3000 2 10 10 8
2 19 0 1 0 0 0 3000 3 14 14 10
2 20 0 1 0 0 0 3000 3 14 14 14
2 21 0 1 0 0 0 3000 3 9 9 14
2 22 0 1 0 0 0 3000 2 11 11 9
2 23 1 1 1 0 0 349 1 9 9 11
2 24 1 1 1 0 0 578 1 11 11 9
2 25 1 0 0 1 0 3000 1 9 9 11
3 1 0 1 0 0 0 3000 1 1 1 9
3 2 0 1 0 0 0 3000 2 12 12 1
3 3 0 1 0 0 0 3000 3 8 8 12
3 4 0 1 0 0 0 3000 2 10 10 8
3 5 0 1 0 0 0 3000 2 13 13 10
3 6 1 1 1 0 0 350 1 10 10 13
3 7 0 1 0 0 0 3000 3 5 5 10
3 8 0 1 0 0 0 3000 3 11 11 5
3 9 0 1 0 0 0 3000 2 9 9 11
3 10 0 1 0 0 0 3000 2 15 15 9
3 11 0 1 0 0 0 3000 3 13 13 15
3 12 0 0 0 0 1 586 2 13 13 13
3 13 0 0 0 0 1 584 2 9 9 13
3 14 1 1 1 0 0 532 1 13 13 9
3 15 1 1 1 0 0 502 1 9 9 13
3 16 1 0 0 1 0 3000 1 13 13 9
3 17 1 1 1 0 0 520 1 9 9 13
3 18 1 1 1 0 0 440 1 13 13 9
3 19 0 0 0 0 1 463 2 13 13 13
3 20 0 1 0 0 0 3000 2 1 1 13
3 21 0 1 0 0 0 3000 2 5 5 1
3 22 0 1 0 0 0 3000 2 12 12 5
3 23 1 1 1 0 0 565 1 5 5 12
3 24 0 1 0 0 0 3000 2 8 8 5
3 25 0 1 0 0 0 3000 3 13 13 8
