1 1 0 1 0 0 0 3000 1 9 9 0
1 2 0 1 0 0 0 3000 2 6 6 9
1 3 1 1 1 0 0 496 1 9 9 6
1 4 0 1 0 0 0 3000 2 9 9 9
1 5 0 1 0 0 0 3000 3 5 5 9
1 6 0 1 0 0 0 3000 2 13 13 5
1 7 0 1 0 0 0 3000 3 13 13 13
1 8 1 0 0 1 0 3000 1 13 13 13
1 9 0 1 0 0 0 3000 2 1 1 13
1 10 1 0 0 1 0 3000 1 13 13 1
1 11 0 1 0 0 0 3000 2 12 12 13
1 12 0 1 0 0 0 3000 2 10 10 12
1 13 0 1 0 0 0 3000 3 9 9 10
1 14 0 1 0 0 0 3000 3 12 12 9
1 15 0 1 0 0 0 3000 3 5 5 12
1 16 0 1 0 0 0 3000 3 15 15 5
1 17 1 0 0 1 0 3000 1 5 5 15
1 18 1 0 0 1 0 3000 1 15 15 5
1 19 0 1 0 0 0 3000 2 6 6 15
1 20 0 1 0 0 0 3000 3 1 1 6
1 21 1 1 1 0 0 462 1 6 6 1
1 22 0 1 0 0 0 3000 3 6 6 6
1 23 1 0 0 1 0 3000 1 6 6 6
1 24 1 1 1 0 0 676 1 6 6 6
1 25 0 1 0 0 0 3000 2 15 15 6
2 1 0 1 0 0 0 3000 1 8 8 15
2 2 0 1 0 0 0 3000 2 7 7 8
2 3 0 1 0 0 0 3000 3 9 9 7
2 4 0 1 0 0 0 3000 2 6 6 9
2 5 0 1 0 0 0 3000 3 1 1 6
2 6 1 0 0 1 0 3000 1 6 6 1
2 7 0 1 0 0 0 3000 2 14 14 6
2 8 1 1 1 0 0 394 1 6 6 14
2 9 0 1 0 0 0 3000 3 2 2 6
2 10 0 1 0 0 0 3000 3 8 8 2
2 11 0 1 0 0 0 3000 3 7 7 8
2 12 1 0 0 1 0 3000 1 8 8 7
2 13 0 1 0 0 0 3000 2 3 3 8
2 14 0 1 0 0 0 3000 2 14 14 3
2 15 1 1 1 0 0 359 1 3 3 14
2 16 1 0 0 1 0 3000 1 14 14 3
2 17 0 1 0 0 0 3000 3 5 5 14
2 18 1 0 0 1 0 3000 1 14 14 5
2 19 1 0 0 1 0 3000 1 5 5 14
2 20 1 0 0 1 0 3000 1 14 14 5
2 21 0 1 0 0 0 3000 2 3 3 14
2 22 1 0 0 1 0 3000 1 14 14 3
2 23 0 1 0 0 0 3000 2 4 4 14
2 24 0 1 0 0 0 3000 3 12 12 4
2 25 0 1 0 0 0 3000 2 13 13 12
3 1 0 1 0 0 0 3000 2 13 13 13
3 2 0 1 0 0 0 3000 3 14 14 13
3 3 0 1 0 0 0 3000 3 7 7 14
3 4 1 0 0 1 0 3000 1 14 14 7
3 5 0 1 0 0 0 3000 3 11 11 14
3 6 0 1 0 0 0 3000 2 11 11 11
3 7 1 1 1 0 0 385 1 11 11 11
3 8 0 1 0 0 0 3000 3 5 5 11
3 9 1 0 0 1 0 3000 1 11 11 5
3 10 1 0 0 1 0 3000 1 5 5 11
3 11 1 0 0 1 0 3000 1 11 11 5
3 12 0 1 0 0 0 3000 2 9 9 11
3 13 0 1 0 0 0 3000 2 10 10 9
3 14 1 0 0 1 0 3000 1 9 9 10
3 15 0 1 0 0 0 3000 2 1 1 9
3 16 0 1 0 0 0 3000 3 8 8 1
3 17 0 1 0 0 0 3000 2 8 8 8
3 18 0 1 0 0 0 3000 3 5 5 8
3 19 0 1 0 0 0 3000 3 15 15 5
3 20 1 1 1 0 0 471 1 5 5 15
3 21 0 1 0 0 0 3000 3 13 13 5
3 22 0 1 0 0 0 3000 2 13 13 13
3 23 0 1 0 0 0 3000 3 4 4 13
3 24 1 0 0 1 0 3000 1 13 13 4
3 25 0 1 0 0 0 3000 3 10 10 13
