1 1 0 1 0 0 0 3000 3 4 4 0
1 2 0 1 0 0 0 3000 2 14 14 4
1 3 0 1 0 0 0 3000 2 11 11 14
1 4 0 1 0 0 0 3000 2 6 6 11
1 5 0 1 0 0 0 3000 3 12 12 6
1 6 0 1 0 0 0 3000 2 5 5 12
1 7 1 1 1 0 0 1282 1 12 12 5
1 8 0 1 0 0 0 3000 2 10 10 12
1 9 0 1 0 0 0 3000 3 11 11 10
1 10 0 1 0 0 0 3000 3 8 8 11
1 11 0 1 0 0 0 3000 3 6 6 8
1 12 0 1 0 0 0 3000 3 13 13 6
1 13 0 1 0 0 0 3000 3 9 9 13
1 14 1 1 1 0 0 622 1 13 13 9
1 15 0 1 0 0 0 3000 2 7 7 13
1 16 1 1 1 0 0 902 1 13 13 7
1 17 0 1 0 0 0 3000 3 12 12 13
1 18 0 1 0 0 0 3000 2 2 2 12
1 19 0 1 0 0 0 3000 2 1 1 2
1 20 0 1 0 0 0 3000 3 3 3 1
1 21 0 0 0 0 1 607 3 3 3 3
1 22 1 1 1 0 0 2347 1 3 3 3
1 23 0 1 0 0 0 3000 3 1 1 3
1 24 1 1 1 0 0 2826 1 3 3 1
1 25 0 1 0 0 0 3000 2 12 12 3
2 1 0 1 0 0 0 3000 3 10 10 12
2 2 0 1 0 0 0 3000 2 2 2 10
2 3 0 1 0 0 0 3000 2 15 15 2
2 4 0 1 0 0 0 3000 3 6 6 15
2 5 1 1 1 0 0 1613 1 15 15 6
2 6 0 1 0 0 0 3000 2 15 15 15
2 7 0 1 0 0 0 3000 2 5 5 15
2 8 1 1 1 0 0 1332 1 15 15 5
2 9 0 1 0 0 0 3000 2 1 1 15
2 10 0 1 0 0 0 3000 2 3 3 1
2 11 0 0 0 0 1 1152 2 6 6 3
2 12 0 1 0 0 0 3000 3 12 12 6
2 13 0 1 0 0 0 3000 3 7 7 12
2 14 0 0 0 0 1 613 3 3 3 7
2 15 0 0 0 0 1 669 2 1 1 3
2 16 0 1 0 0 0 3000 3 13 13 1
2 17 1 1 1 0 0 546 1 1 1 13
2 18 0 1 0 0 0 3000 3 8 8 1
2 19 0 0 0 0 1 562 2 5 5 8
2 20 0 1 0 0 0 3000 2 3 3 5
2 21 0 0 0 0 1 1107 2 7 7 3
2 22 1 1 1 0 0 817 1 3 3 7
2 23 0 1 0 0 0 3000 2 1 1 3
2 24 0 1 0 0 0 3000 3 10 10 1
2 25 1 1 1 0 0 562 1 1 1 10
3 1 0 1 0 0 0 3000 3 3 3 1
3 2 0 1 0 0 0 3000 3 6 6 3
3 3 0 1 0 0 0 3000 3 9 9 6
3 4 0 1 0 0 0 3000 3 8 8 9
3 5 1 1 1 0 0 571 1 9 9 8
3 6 0 1 0 0 0 3000 3 12 12 9
3 7 1 0 0 1 0 3000 1 9 9 12
3 8 1 1 1 0 0 920 1 12 12 9
3 9 1 1 1 0 0 2383 1 9 9 12
3 10 1 0 0 1 0 3000 1 12 12 9
3 11 1 1 1 0 0 1991 1 9 9 12
3 12 0 1 0 0 0 3000 3 4 4 9
3 13 0 1 0 0 0 3000 3 13 13 4
3 14 0 0 0 0 1 514 2 13 13 13
3 15 0 1 0 0 0 3000 2 9 9 13
3 16 1 1 1 0 0 659 1 13 13 9
3 17 0 1 0 0 0 3000 2 10 10 13
3 18 0 1 0 0 0 3000 2 7 7 10
3 19 0 1 0 0 0 3000 2 8 8 7
3 20 1 1 1 0 0 603 1 7 7 8
3 21 0 1 0 0 0 3000 3 6 6 7
3 22 0 1 0 0 0 3000 2 5 5 6
3 23 0 1 0 0 0 3000 3 3 3 5
3 24 1 1 1 0 0 536 1 5 5 3
3 25 0 1 0 0 0 3000 2 7 7 5
