1 1 0 1 0 0 0 3000 1 4 4 0
1 2 0 1 0 0 0 3000 1 3 3 4
1 3 1 1 1 0 0 974 1 4 4 3
1 4 0 1 0 0 0 3000 2 8 8 4
1 5 0 1 0 0 0 3000 2 11 11 8
1 6 1 1 1 0 0 1062 1 8 8 11
1 7 1 0 0 1 0 3000 1 11 11 8
1 8 0 1 0 0 0 3000 2 4 4 11
1 9 1 1 1 0 0 1003 1 11 11 4
1 10 0 1 0 0 0 3000 3 9 9 11
1 11 0 1 0 0 0 3000 2 4 4 9
1 12 1 1 1 0 0 423 1 9 9 4
1 13 1 1 1 0 0 415 1 4 4 9
1 14 0 1 0 0 0 3000 3 13 13 4
1 15 0 1 0 0 0 3000 2 7 7 13
1 16 0 1 0 0 0 3000 2 14 14 7
1 17 0 1 0 0 0 3000 2 5 5 14
1 18 1 1 1 0 0 803 1 14 14 5
1 19 1 1 1 0 0 708 1 5 5 14
1 20 1 0 0 1 0 3000 1 14 14 5
1 21 0 1 0 0 0 3000 3 6 6 14
1 22 0 1 0 0 0 3000 2 1 1 6
1 23 0 1 0 0 0 3000 2 9 9 1
1 24 0 1 0 0 0 3000 2 12 12 9
1 25 0 1 0 0 0 3000 3 6 6 12
2 1 0 1 0 0 0 3000 3 11 11 6
2 2 0 1 0 0 0 3000 1 11 11 11
2 3 1 1 1 0 0 649 1 11 11 11
2 4 0 1 0 0 0 3000 2 13 13 11
2 5 1 1 1 0 0 446 1 11 11 13
2 6 0 1 0 0 0 3000 2 5 5 11
2 7 0 1 0 0 0 3000 2 8 8 5
2 8 0 1 0 0 0 3000 3 10 10 8
2 9 0 1 0 0 0 3000 3 7 7 10
2 10 1 1 1 0 0 680 1 10 10 7
2 11 0 1 0 0 0 3000 2 4 4 10
2 12 0 0 0 0 1 523 2 7 7 4
2 13 0 1 0 0 0 3000 2 2 2 7
2 14 1 1 1 0 0 521 1 7 7 2
2 15 1 0 0 1 0 3000 1 2 2 7
2 16 0 0 0 0 1 630 2 9 9 2
2 17 0 1 0 0 0 3000 2 13 13 9
2 18 0 1 0 0 0 3000 3 8 8 13
2 19 0 1 0 0 0 3000 2 1 1 8
2 20 0 1 0 0 0 3000 2 12 12 1
2 21 0 1 0 0 0 3000 2 2 2 12
2 22 0 1 0 0 0 3000 2 9 9 2
2 23 0 1 0 0 0 3000 3 6 6 9
2 24 1 1 1 0 0 600 1 9 9 6
2 25 0 1 0 0 0 3000 2 3 3 9
3 1 0 1 0 0 0 3000 1 3 3 3
3 2 0 1 0 0 0 3000 3 15 15 3
3 3 0 1 0 0 0 3000 2 5 5 15
3 4 1 1 1 0 0 559 1 15 15 5
3 5 0 1 0 0 0 3000 3 15 15 15
3 6 0 1 0 0 0 3000 3 14 14 15
3 7 0 1 0 0 0 3000 3 10 10 14
3 8 1 1 1 0 0 375 1 14 14 10
3 9 0 1 0 0 0 3000 2 6 6 14
3 10 1 0 0 1 0 3000 1 14 14 6
3 11 1 1 1 0 0 370 1 6 6 14
3 12 1 0 0 1 0 3000 1 14 14 6
3 13 0 1 0 0 0 3000 2 12 12 14
3 14 0 1 0 0 0 3000 2 8 8 12
3 15 1 1 1 0 0 413 1 12 12 8
3 16 0 1 0 0 0 3000 3 11 11 12
3 17 0 1 0 0 0 3000 3 9 9 11
3 18 0 1 0 0 0 3000 3 1 1 9
3 19 1 1 1 0 0 639 1 9 9 1
3 20 0 1 0 0 0 3000 2 7 7 9
3 21 0 1 0 0 0 3000 2 4 4 7
3 22 1 1 1 0 0 578 1 7 7 4
3 23 0 1 0 0 0 3000 3 15 15 7
3 24 0 1 0 0 0 3000 2 6 6 15
3 25 0 1 0 0 0 3000 3 13 13 6
