1 1 0 1 0 0 0 3000 2 9 9 0
1 2 0 1 0 0 0 3000 1 15 15 9
1 3 1 1 1 0 0 881 1 9 9 15
1 4 0 1 0 0 0 3000 3 10 10 9
1 5 0 1 0 0 0 3000 2 4 4 10
1 6 0 1 0 0 0 3000 2 14 14 4
1 7 1 0 0 1 0 3000 1 4 4 14
1 8 1 1 1 0 0 1080 1 14 14 4
1 9 0 1 0 0 0 3000 2 15 15 14
1 10 1 0 0 1 0 3000 1 14 14 15
1 11 0 1 0 0 0 3000 3 9 9 14
1 12 0 1 0 0 0 3000 3 7 7 9
1 13 0 1 0 0 0 3000 2 11 11 7
1 14 0 1 0 0 0 3000 3 6 6 11
1 15 0 1 0 0 0 3000 3 7 7 6
1 16 0 0 0 0 1 478 2 11 11 7
1 17 0 1 0 0 0 3000 3 13 13 11
1 18 0 1 0 0 0 3000 3 8 8 13
1 19 0 0 0 0 1 1069 2 11 11 8
1 20 0 1 0 0 0 3000 2 15 15 11
1 21 0 1 0 0 0 3000 2 10 10 15
1 22 1 1 1 0 0 502 1 15 15 10
1 23 1 0 0 1 0 3000 1 10 10 15
1 24 0 1 0 0 0 3000 2 8 8 10
1 25 0 1 0 0 0 3000 2 4 4 8
2 1 0 1 0 0 0 3000 2 7 7 4
2 2 0 1 0 0 0 3000 3 15 15 7
2 3 0 1 0 0 0 3000 3 13 13 15
2 4 0 1 0 0 0 3000 3 3 3 13
2 5 0 1 0 0 0 3000 3 5 5 3
2 6 0 1 0 0 0 3000 2 15 15 5
2 7 0 1 0 0 0 3000 2 4 4 15
2 8 0 1 0 0 0 3000 3 9 9 4
2 9 1 0 0 1 0 3000 1 4 4 9
2 10 0 1 0 0 0 3000 2 15 15 4
2 11 0 1 0 0 0 3000 3 12 12 15
2 12 0 0 0 0 1 1376 3 4 4 12
2 13 1 0 0 1 0 3000 1 12 12 4
2 14 0 1 0 0 0 3000 3 9 9 12
2 15 1 1 1 0 0 438 1 12 12 9
2 16 0 1 0 0 0 3000 3 10 10 12
2 17 0 1 0 0 0 3000 2 4 4 10
2 18 1 1 1 0 0 440 1 10 10 4
2 19 0 1 0 0 0 3000 3 9 9 10
2 20 0 1 0 0 0 3000 3 6 6 9
2 21 0 1 0 0 0 3000 3 5 5 6
2 22 0 1 0 0 0 3000 3 3 3 5
2 23 0 1 0 0 0 3000 3 4 4 3
2 24 0 1 0 0 0 3000 2 11 11 4
2 25 1 1 1 0 0 418 1 4 4 11
3 1 0 1 0 0 0 3000 1 13 13 4
3 2 0 1 0 0 0 3000 3 12 12 13
3 3 0 1 0 0 0 3000 3 5 5 12
3 4 0 1 0 0 0 3000 2 15 15 5
3 5 0 1 0 0 0 3000 2 11 11 15
3 6 0 1 0 0 0 3000 2 10 10 11
3 7 1 1 1 0 0 366 1 11 11 10
3 8 0 1 0 0 0 3000 2 1 1 11
3 9 0 1 0 0 0 3000 2 14 14 1
3 10 0 1 0 0 0 3000 2 6 6 14
3 11 0 1 0 0 0 3000 3 10 10 6
3 12 1 1 1 0 0 873 1 6 6 10
3 13 0 1 0 0 0 3000 2 5 5 6
3 14 1 0 0 1 0 3000 1 6 6 5
3 15 0 1 0 0 0 3000 2 14 14 6
3 16 0 1 0 0 0 3000 3 14 14 14
3 17 0 1 0 0 0 3000 2 13 13 14
3 18 0 1 0 0 0 3000 3 6 6 13
3 19 0 1 0 0 0 3000 2 10 10 6
3 20 0 1 0 0 0 3000 2 9 9 10
3 21 0 1 0 0 0 3000 2 5 5 9
3 22 0 1 0 0 0 3000 3 13 13 5
3 23 1 1 1 0 0 544 1 5 5 13
3 24 1 0 0 1 0 3000 1 13 13 5
3 25 1 0 0 1 0 3000 1 5 5 13
