1 1 0 1 0 0 0 3000 2 7 7 0
1 2 0 1 0 0 0 3000 1 15 15 7
1 3 1 1 1 0 0 768 1 7 7 15
1 4 0 1 0 0 0 3000 2 6 6 7
1 5 0 1 0 0 0 3000 2 5 5 6
1 6 1 1 1 0 0 595 1 6 6 5
1 7 0 1 0 0 0 3000 3 11 11 6
1 8 0 1 0 0 0 3000 2 13 13 11
1 9 1 1 1 0 0 305 1 11 11 13
1 10 0 1 0 0 0 3000 2 8 8 11
1 11 0 1 0 0 0 3000 2 7 7 8
1 12 0 1 0 0 0 3000 3 3 3 7
1 13 1 0 0 1 0 3000 1 7 7 3
1 14 0 1 0 0 0 3000 2 9 9 7
1 15 0 1 0 0 0 3000 2 5 5 9
1 16 0 1 0 0 0 3000 3 4 4 5
1 17 0 1 0 0 0 3000 2 14 14 4
1 18 0 0 0 0 1 306 3 1 1 14
1 19 1 0 0 1 0 3000 1 14 14 1
1 20 0 1 0 0 0 3000 3 3 3 14
1 21 1 1 1 0 0 366 1 14 14 3
1 22 0 1 0 0 0 3000 2 13 13 14
1 23 1 0 0 1 0 3000 1 14 14 13
1 24 0 1 0 0 0 3000 2 10 10 14
1 25 0 1 0 0 0 3000 2 2 2 10
2 1 0 1 0 0 0 3000 1 7 7 2
2 2 0 1 0 0 0 3000 2 13 13 7
2 3 1 1 1 0 0 340 1 7 7 13
2 4 0 1 0 0 0 3000 3 14 14 7
2 5 0 1 0 0 0 3000 2 11 11 14
2 6 1 1 1 0 0 288 1 14 14 11
2 7 0 1 0 0 0 3000 2 8 8 14
2 8 0 1 0 0 0 3000 3 13 13 8
2 9 0 1 0 0 0 3000 2 7 7 13
2 10 1 0 0 1 0 3000 1 13 13 7
2 11 0 1 0 0 0 3000 3 9 9 13
2 12 0 1 0 0 0 3000 2 4 4 9
2 13 0 1 0 0 0 3000 2 8 8 4
2 14 0 1 0 0 0 3000 2 15 15 8
2 15 0 1 0 0 0 3000 2 15 15 15
2 16 1 0 0 1 0 3000 1 15 15 15
2 17 1 0 0 1 0 3000 1 15 15 15
2 18 1 1 1 0 0 361 1 15 15 15
2 19 0 1 0 0 0 3000 3 13 13 15
2 20 0 1 0 0 0 3000 3 6 6 13
2 21 1 1 1 0 0 370 1 13 13 6
2 22 1 0 0 1 0 3000 1 6 6 13
2 23 0 1 0 0 0 3000 2 2 2 6
2 24 1 1 1 0 0 363 1 6 6 2
2 25 0 1 0 0 0 3000 2 1 1 6
3 1 0 1 0 0 0 3000 1 4 4 1
3 2 0 1 0 0 0 3000 3 3 3 4
3 3 1 1 1 0 0 380 1 4 4 3
3 4 0 1 0 0 0 3000 2 4 4 4
3 5 0 1 0 0 0 3000 3 8 8 4
3 6 1 1 1 0 0 342 1 4 4 8
3 7 0 1 0 0 0 3000 3 4 4 4
3 8 1 0 0 1 0 3000 1 4 4 4
3 9 1 1 1 0 0 289 1 4 4 4
3 10 0 1 0 0 0 3000 2 7 7 4
3 11 1 0 0 1 0 3000 1 4 4 7
3 12 0 1 0 0 0 3000 2 15 15 4
3 13 1 0 0 1 0 3000 1 4 4 15
3 14 0 1 0 0 0 3000 2 14 14 4
3 15 0 1 0 0 0 3000 2 1 1 14
3 16 0 1 0 0 0 3000 2 3 3 1
3 17 0 1 0 0 0 3000 3 9 9 3
3 18 0 1 0 0 0 3000 2 13 13 9
3 19 0 1 0 0 0 3000 3 5 5 13
3 20 0 1 0 0 0 3000 3 6 6 5
3 21 1 1 1 0 0 391 1 5 5 6
3 22 0 1 0 0 0 3000 2 7 7 5
3 23 0 1 0 0 0 3000 2 6 6 7
3 24 0 1 0 0 0 3000 2 13 13 6
3 25 0 1 0 0 0 3000 2 8 8 13
